0.001074553
0.001214743
0.001165867
0.001124382
0.001184225
0.001218796
0.001162529
0.001172781
0.001158953
0.001152277
0.001127243
0.001204491
0.001170158
0.001184225
0.001096725
0.001170397
0.001132011
0.001104832
0.001151085
0.001192808
0.001180649
0.001039982
0.001221180
0.001182318
0.000883341
0.001196623
0.001145601
0.001202822
0.001133919
0.001251936
0.001266241
0.001114368
0.001168251
0.001211166
0.001126051
0.001216888
0.001221657
0.001142979
0.001199961
0.001102209
0.001087666
0.001183510
0.001177788
0.001154184
0.001179695
0.001146317
0.001120090
0.001093864
0.001193523
0.001138210
0.001173258
0.001194715
0.001185417
0.001246452
0.001169443
0.001149416
0.001100063
0.001060247
0.001204491
0.001163960
0.001170397
0.001074314
0.001096725
0.001104355
0.001211643
0.001195669
0.001245737
0.001060963
0.001197338
0.000936031
0.001194715
0.001155138
0.001222134
0.001115084
0.001099825
0.001142025
0.001190186
0.001075029
0.001159430
0.000972509
0.001294613
0.001190901
0.001073360
0.001093149
0.001191378
0.000960112
0.001097441
0.001101017
0.001184940
0.001054525
0.001204491
0.001161814
0.001198292
0.001167297
0.001231194
0.001130342
0.001123190
0.001111507
0.001064777
0.001187086
