0.018257856
0.009896517
0.010148287
0.011757374
0.011228323
0.011220932
0.010361433
0.010455132
0.011346579
0.011636972
0.011373043
0.011451721
0.011941433
0.011962175
0.011735916
0.010721922
0.011055470
0.010257483
0.011497498
0.030346155
0.011682987
0.011457682
0.011533976
0.015452147
0.021109343
0.017871380
0.011039972
0.021267891
0.010756969
0.019856930
0.010358572
0.009678841
0.011913538
0.009874344
0.019654036
0.011708975
0.018970013
0.010824203
0.010525227
0.016998053
0.011334896
0.015089989
0.011657715
0.012977123
0.010790348
0.011154890
0.011200190
0.031329155
0.010527134
0.018179178
0.011202812
0.010024548
0.018878937
0.010629416
0.010480404
0.020782948
0.010041475
0.010398149
0.010296822
0.011748075
0.012129307
0.011177063
0.010796547
0.012064934
0.011614799
0.018792629
0.010669708
0.010628462
0.009718657
0.010068417
0.009852648
0.010675907
0.011018991
0.009900570
0.010628939
0.011974096
0.011514187
0.016793489
0.011397839
0.009760857
0.010281801
0.010851145
0.020728588
0.012032270
0.011227369
0.011270046
0.011409044
0.017317057
0.009937525
0.009532213
0.009900331
0.009804487
0.011126041
0.010643959
0.010297537
0.020609140
0.011630058
0.011731625
0.010884762
0.011585474
