0.000427246
0.000404119
0.000458002
0.000449657
0.000485420
0.000503778
0.000464439
0.000431538
0.000452280
0.000456095
0.000424147
0.000509739
0.000446081
0.000441790
0.000506878
0.000418663
0.000489235
0.000455856
0.000490189
0.000414610
0.000478983
0.000418663
0.000435114
0.000508070
0.000453234
0.000476837
0.000471115
0.000443935
0.000439882
0.000517845
0.000470161
0.000404119
0.000477552
0.000449657
0.000504255
0.000422716
0.000412941
0.000407219
0.000457287
0.000448704
0.000439167
0.000464678
0.000436068
0.000439405
0.000476837
0.000412941
0.000443220
0.000454903
0.000439882
0.000465393
0.000494242
0.000409126
0.000413418
0.000457287
0.000421524
0.000412464
0.000466824
0.000423670
0.000433922
0.000609159
0.000421286
0.000441551
0.000482082
0.000455379
0.000408411
0.000470638
0.000416517
0.000457764
0.000437021
0.000410795
0.000408411
0.000472307
0.000425577
0.000444889
0.000463486
0.000409126
0.000478506
0.000512600
0.000418425
0.000414133
0.000446081
0.000468254
0.000479221
0.000503302
0.000444412
0.000468969
0.000513315
0.000396013
0.000482082
0.000506878
0.000475168
0.000440121
0.000450850
0.000445366
0.000445127
0.000560760
0.000495434
0.000437260
0.000455379
0.000412226
