0.000348806
0.000291586
0.000337601
0.000326157
0.000318527
0.000383854
0.000402689
0.000399828
0.000313282
0.000330210
0.000293255
0.000293732
0.000298977
0.000319958
0.000286102
0.000288963
0.000347137
0.000277996
0.000263691
0.000303268
0.000288248
0.000295162
0.000296354
0.000273466
0.000318766
0.000299454
0.000292540
0.000311613
0.000291586
0.000287533
0.000294924
0.000365257
0.000303268
0.000294685
0.000296116
0.000299692
0.000338793
0.000300646
0.000296116
0.000289679
0.000313282
0.000296831
0.000237226
0.000338554
0.000304222
0.000267029
0.000298738
0.000308275
0.000298262
0.000282764
0.000266314
0.000274897
0.000286818
0.000299692
0.000319004
0.000289440
0.000271559
0.000284433
0.000255585
0.000278234
0.000292540
0.000284433
0.000236750
0.000273228
0.000294924
0.000267982
0.000317574
0.000288725
0.000290871
0.000297070
0.000290632
0.000319004
0.000293732
0.000298023
0.000267982
0.000296354
0.000341654
0.000289917
0.000302792
0.000296354
0.000281334
0.000283003
0.000287771
0.000287771
0.000329494
0.000292301
0.000288963
0.000296116
0.000272274
0.000290632
0.000332355
0.000320435
0.000308037
0.000288010
0.000332355
0.000288486
0.000306368
0.000319004
0.000279188
0.000271559
