0.000312328
0.000349283
0.000273705
0.000335932
0.000324249
0.000292301
0.000388145
0.000273943
0.000292540
0.000313282
0.000291824
0.000262260
0.000278473
0.000301600
0.000288963
0.000276804
0.000336885
0.000289679
0.000349522
0.000298500
0.000283241
0.000295401
0.000306606
0.000279903
0.000309229
0.000306129
0.000279665
0.000282764
0.000382900
0.000277519
0.000277042
0.000292063
0.000279903
0.000397205
0.000257492
0.000288248
0.000279188
0.000277758
0.000261307
0.000276327
0.000287533
0.000293493
0.000225067
0.000281334
0.000278473
0.000363827
0.000280619
0.000283003
0.000291348
0.000281572
0.000308037
0.000306845
0.000260353
0.000292301
0.000327826
0.000296116
0.000275135
0.000268459
0.000248432
0.000255108
0.000272512
0.000282288
0.000249147
0.000288725
0.000341415
0.000283718
0.000404596
0.000310898
0.000289202
0.000299931
0.000276566
0.000284433
0.000279188
0.000302076
0.000268698
0.000265121
0.000244856
0.000283003
0.000376225
0.000286102
0.000283241
0.000284910
0.000281096
0.000294924
0.000341415
0.000400066
0.000277996
0.000291824
0.000330925
0.000470400
0.000279903
0.000293016
0.000292540
0.000369310
0.000274420
0.000293970
0.000291586
0.000277758
0.000293493
0.000275850
