0.061847687
0.012522221
0.000220060
0.000265360
0.000262499
0.000324249
0.000325680
0.000319004
0.000345945
0.000301361
0.000350237
0.000323534
0.000329018
0.000362158
0.000321627
0.000323057
0.000306368
0.000318766
0.000360966
0.000328302
0.000334024
0.000296354
0.000308990
0.000285625
0.000319719
0.000248432
0.000193596
0.000228167
0.000192881
0.000233889
0.000217676
0.000183105
0.000195265
0.000212431
0.000230789
0.000213861
0.000429630
0.000317574
0.000333548
0.000505209
0.000546932
0.000241518
0.000164032
0.000337362
0.000516653
0.000205755
0.000219345
0.000248194
0.000210762
0.000291824
0.000315905
0.000267267
0.000302315
0.000315428
0.000300169
0.000316620
0.000375271
0.000331879
0.000340223
0.000328064
0.000338316
0.000270128
0.000213146
0.000324965
0.000245810
0.000330925
0.000288248
0.000298977
0.000282764
0.000332355
0.000185728
0.000304699
0.000310421
0.000316858
0.000328779
0.000312090
0.000355482
0.000283480
0.000263453
0.000319719
0.000237226
0.000312805
0.000364304
0.000331879
0.000275850
0.000346422
0.000247002
0.000278234
0.000278234
0.000277758
0.000326633
0.000301361
0.000350475
0.000347376
0.000239372
0.000377417
0.000245333
0.000337601
0.000335693
0.000267029
