0.000409126
0.000402212
0.000388384
0.000409842
0.000339746
0.000375509
0.000390291
0.000329256
0.000438452
0.000392675
0.000396729
0.000403166
0.000340700
0.000439167
0.000412464
0.000381231
0.000371218
0.000409365
0.000402451
0.000397921
0.000394106
0.000398636
0.000367641
0.000442982
0.000270605
0.000392914
0.000397921
0.000387669
0.000405073
0.000397921
0.000392437
0.000399113
0.000400543
0.000424385
0.000445127
0.000358820
0.000354767
0.000324011
0.000361681
0.000437498
0.000396729
0.000332832
0.000398874
0.000356913
0.000396967
0.000398159
0.000416040
0.000320911
0.000425577
0.000379562
0.000394583
0.000396729
0.000392914
0.000433922
0.000390768
0.000407457
0.000399351
0.000345230
0.000422001
0.000448465
0.000367165
0.000289679
0.000321388
0.000378847
0.000364542
0.000363588
0.000363111
0.000371456
0.000391960
0.000360489
0.000351429
0.000369310
0.000364065
0.000394106
0.000351906
0.000363827
0.000356674
0.000395536
0.000385046
0.000375748
0.000361204
0.000395298
0.000367641
0.000391960
0.000359774
0.000365257
0.000355005
0.000358343
0.000361681
0.000366449
0.000351667
0.000362873
0.000359535
0.000382662
0.000353098
0.000361443
0.000367165
0.000349283
0.000391960
0.000332355
