0.000733614
0.000741720
0.000653505
0.000667810
0.000641584
0.000725746
0.000643969
0.000679970
0.000678062
0.000671864
0.000688314
0.000690222
0.000634193
0.000686407
0.000649691
0.000704050
0.000724077
0.000743151
0.000623226
0.000688076
0.000642061
0.000759125
0.000727654
0.000667572
0.000676870
0.000730276
0.000636578
0.000680208
0.000675917
0.000720024
0.000686646
0.000724554
0.000667572
0.000670910
0.000720263
0.000681877
0.000662565
0.000582457
0.000607491
0.000672102
0.000640631
0.000673294
0.000632048
0.000684023
0.000643253
0.000697613
0.000548124
0.000672102
0.000616550
0.000680923
0.000625610
0.000677347
0.000659704
0.000752687
0.000661373
0.000502348
0.000622034
0.000693321
0.000625372
0.000675678
0.000632048
0.000689745
0.000595331
0.000591040
0.000643253
0.000706673
0.000638723
0.000710726
0.000667810
0.000673294
0.000630379
0.000682116
0.000656843
0.000680208
0.000651121
0.000532866
0.000645161
0.000713825
0.000667572
0.000725508
0.000634670
0.000660658
0.000657558
0.000688076
0.000671148
0.000678062
0.000645638
0.000689507
0.000639200
0.000693321
0.000619411
0.000708103
0.000654697
0.000694513
0.000622272
0.000703096
0.000663757
0.000681400
0.000623703
0.000730276
