0.000308752
0.000306368
0.000297070
0.000278234
0.000299692
0.000308037
0.000277281
0.000351429
0.000343084
0.000279427
0.000374794
0.000354290
0.000323296
0.000342607
0.000318050
0.000338078
0.000352859
0.000294685
0.000304699
0.000256062
0.000300646
0.000291348
0.000307083
0.000291824
0.000310659
0.000384331
0.000281096
0.000304222
0.000285625
0.000327826
0.000328779
0.000300884
0.000320673
0.000302076
0.000313759
0.000328541
0.000308990
0.000328779
0.000397444
0.000349283
0.000266790
0.000283718
0.000288010
0.000306845
0.000297308
0.000323296
0.000350237
0.000375986
0.000383139
0.000388145
0.000304461
0.000331879
0.000385046
0.000314236
0.000313044
0.000300884
0.000300407
0.000311613
0.000319004
0.000317335
0.000370502
0.000324726
0.000307798
0.000285149
0.000363827
0.000316858
0.000346661
0.000309944
0.000311852
0.000313282
0.000281334
0.000292540
0.000327110
0.000321865
0.000327587
0.000262976
0.000298023
0.000315905
0.000310659
0.000307322
0.000308752
0.000316620
0.000289679
0.000299692
0.000341654
0.000363827
0.000320196
0.000325680
0.000305414
0.000326157
0.000306845
0.000323772
0.000300884
0.000301361
0.000327826
0.000329018
0.000329733
0.000293016
0.000328064
0.000278473
