0.000295162
0.000300169
0.000272036
0.000279188
0.000284910
0.000283003
0.000308514
0.000297308
0.000299454
0.000358820
0.000307798
0.000300646
0.000277281
0.000307560
0.000256777
0.000260353
0.000296593
0.000362635
0.000392675
0.000335932
0.000284195
0.000306845
0.000273228
0.000364065
0.000250816
0.000359535
0.000276566
0.000292778
0.000364542
0.000307798
0.000324249
0.000297070
0.000268459
0.000330448
0.000228643
0.000318050
0.000308514
0.000300169
0.000291109
0.000279427
0.000326633
0.000259161
0.000309944
0.000330925
0.000313282
0.000327349
0.000319958
0.000326633
0.000362396
0.000299454
0.000288248
0.000285387
0.000383854
0.000320435
0.000298023
0.000277996
0.000536442
0.000283003
0.000288248
0.000274897
0.000273466
0.000282526
0.000287771
0.000288486
0.000285625
0.000268221
0.000273943
0.000358582
0.000313044
0.000300884
0.000297546
0.000296593
0.000334024
0.000250816
0.000283718
0.000298500
0.000341892
0.000292540
0.000276566
0.000311375
0.000294924
0.000321150
0.000324965
0.000310659
0.000299931
0.000300169
0.000300884
0.000272989
0.000304937
0.000254869
0.000268221
0.000289440
0.000309706
0.000295639
0.000297546
0.000298738
0.000302553
0.000288486
0.000266314
0.000297308
