0.000410557
0.000338316
0.000358582
0.000353813
0.000272989
0.000310421
0.000391483
0.000394106
0.000317574
0.000365257
0.000334501
0.000367165
0.000331402
0.000395536
0.000322342
0.000394583
0.000381231
0.000335693
0.000414610
0.000391483
0.000338554
0.000353098
0.000396967
0.000395775
0.000405788
0.000402212
0.000368595
0.000337601
0.000347853
0.000347853
0.000367880
0.000338078
0.000394821
0.000306606
0.000347137
0.000303507
0.000329733
0.000309706
0.000335455
0.000320673
0.000296831
0.000340700
0.000298262
0.000347614
0.000344753
0.000307322
0.000356674
0.000333071
0.000302076
0.000299931
0.000340700
0.000335932
0.000336170
0.000309229
0.000348568
0.000343323
0.000307083
0.000341654
0.000322342
0.000378609
0.000308514
0.000332594
0.000319242
0.000349283
0.000320911
0.000335932
0.000311375
0.000329971
0.000341177
0.000338554
0.000345707
0.000323296
0.000343800
0.000339508
0.000331640
0.000349045
0.000323534
0.000330687
0.000315905
0.000359297
0.000359535
0.000327587
0.000334740
0.000316620
0.000326633
0.000358343
0.000341415
0.000344515
0.000341892
0.000317097
0.000352144
0.000347614
0.000338793
0.000318766
0.000317097
0.000345945
0.000328541
0.000348330
0.000317812
0.000331879
