0.003083706
0.003556967
0.002883196
0.002955675
0.003248692
0.003614664
0.003232956
0.003501654
0.003384113
0.003285170
0.003601789
0.003477812
0.003478289
0.003746033
0.003284216
0.003046751
0.003069401
0.003303051
0.003644705
0.002950907
0.002969027
0.012736082
0.003498554
0.003543854
0.003346443
0.003140211
0.002902269
0.002887726
0.003626823
0.002886057
0.002898693
0.003291368
0.003300905
0.003430605
0.003453016
0.003068209
0.003437042
0.003133297
0.003447056
0.003370762
0.003368616
0.003460646
0.003188610
0.003414631
0.003030300
0.003595829
0.003150225
0.003112316
0.003355026
0.003210306
0.003435373
0.003597975
0.003274441
0.003305912
0.003467560
0.003565550
0.003206968
0.003651619
0.003463507
0.003172636
0.003053665
0.012662411
0.003189564
0.012530327
0.003430605
0.003631353
0.003381252
0.002902269
0.002909899
0.003797770
0.003567219
0.003429890
0.003049374
0.003798962
0.003210068
0.002889872
0.002900124
0.004003048
0.003424644
0.002927780
0.002849579
0.012721062
0.004231453
0.003205538
0.003027678
0.012876987
0.003380537
0.002962112
0.003165483
0.003360271
0.003650427
0.003372192
0.003515720
0.003267527
0.003548861
0.003172159
0.002994061
0.003456116
0.003429890
0.003512859
