0.000264406
0.000406981
0.000409126
0.000293016
0.000300407
0.000324726
0.000272274
0.000276327
0.000277996
0.000288963
0.000323534
0.000264645
0.000291348
0.000282049
0.000306368
0.000307322
0.000273943
0.000273228
0.000295162
0.000288486
0.000298500
0.000298023
0.000280857
0.000300646
0.000271082
0.000319481
0.000281096
0.000281572
0.000293970
0.000283957
0.000293970
0.000287056
0.000271082
0.000265360
0.000257015
0.000283480
0.000280857
0.000314474
0.000301600
0.000268936
0.000297070
0.000285387
0.000277042
0.000322342
0.000387430
0.000304222
0.000500917
0.000279903
0.000272989
0.000291109
0.000311375
0.000267029
0.000293493
0.000281572
0.000302792
0.000255108
0.000314236
0.000273943
0.000282288
0.000343323
0.000291824
0.000295639
0.000289202
0.000324011
0.000269175
0.000292063
0.000281811
0.000267029
0.000277996
0.000274181
0.000272751
0.000281334
0.000241756
0.000290632
0.000268459
0.000289679
0.000270844
0.000309467
0.000262022
0.000299215
0.000276089
0.000290632
0.000283480
0.000307322
0.000248194
0.000274420
0.000266790
0.000258684
0.000284195
0.000245810
0.000288248
0.000273466
0.000290632
0.000245094
0.000307322
0.000291109
0.000275850
0.000281334
0.000271797
0.000283957
