0.002184629
0.002229691
0.012737036
0.001884937
0.002198696
0.001612902
0.001915693
0.002265453
0.011887312
0.002098083
0.002061129
0.002075434
0.002229452
0.002157927
0.002096176
0.002265692
0.002186775
0.002084494
0.002072811
0.002284765
0.002277374
0.002066374
0.002180815
0.002223492
0.001897573
0.002180576
0.002435684
0.002257347
0.002294540
0.002270699
0.002110004
0.002299786
0.002224445
0.002463818
0.001943350
0.002245903
0.002429008
0.011791229
0.002398014
0.002210855
0.002157927
0.002250433
0.002313614
0.002183676
0.002330542
0.002333164
0.002212286
0.002246618
0.002304077
0.002118826
0.002240181
0.002210379
0.002245188
0.002439260
0.002228260
0.002170801
0.002341509
0.002298832
0.002191305
0.002210855
0.002252579
0.002277136
0.002383947
0.002537727
0.012325764
0.002223253
0.002538681
0.002272606
0.002079725
0.002317190
0.002212286
0.002335072
0.002216578
0.002088070
0.002179861
0.002076149
0.002184868
0.002125740
0.002056122
0.002154112
0.002263069
0.012609243
0.002335072
0.002096176
0.002057314
0.002168179
0.002260685
0.002169371
0.002131701
0.002025604
0.002401114
0.002254248
0.002287149
0.002214432
0.002218008
0.002120972
0.002295732
0.002396345
0.002131701
0.002325058
