0.131508589
0.082190037
0.031584501
0.000267029
0.000218868
0.000282526
0.000272512
0.000275135
0.000270128
0.000232697
0.000283480
0.000284433
0.000287771
0.000302553
0.000288725
0.000276089
0.000319481
0.000282764
0.000267029
0.000282288
0.000283003
0.000266552
0.000287771
0.000295401
0.000283718
0.000230074
0.000240088
0.000206470
0.000226259
0.000270367
0.000236273
0.000239134
0.000231266
0.000244856
0.000265837
0.000265837
0.000245333
0.000265598
0.000272751
0.000267267
0.000224113
0.000268936
0.000270605
0.000245810
0.000260115
0.000266790
0.000251055
0.000284910
0.000270128
0.000270367
0.000268459
0.000268459
0.000277996
0.000270844
0.000327110
0.000251770
0.000277042
0.000288248
0.000286818
0.000285864
0.000266314
0.000268936
0.000266314
0.000269890
0.000311136
0.000262976
0.000265837
0.000269413
0.000271559
0.000215769
0.000266790
0.000270367
0.000248194
0.000284195
0.000288725
0.000279665
0.000334978
0.000266790
0.000290394
0.000290871
0.000284672
0.000310659
0.000270844
0.000267506
0.000268936
0.000273466
0.000273228
0.000265360
0.000265121
0.000265837
0.000278711
0.000266314
0.000268221
0.000265598
0.000277281
0.000270605
0.000282288
0.000294685
0.000254869
0.000246763
