0.000343800
0.000319481
0.000340462
0.000340700
0.000347614
0.000360966
0.000380039
0.000376701
0.000343084
0.000359535
0.000358820
0.000350952
0.000384331
0.000346899
0.000367165
0.000393152
0.000355482
0.000348330
0.000375271
0.000344276
0.000330448
0.000371456
0.000326633
0.000384092
0.000344753
0.000369310
0.000361681
0.000380039
0.000294924
0.000375986
0.000429869
0.000362396
0.000360012
0.000387430
0.000369072
0.000355244
0.000364542
0.000359774
0.000358820
0.000368834
0.000340700
0.000375271
0.000408649
0.000284195
0.000324011
0.000332355
0.000352383
0.000377893
0.000370741
0.000327349
0.000315428
0.000408888
0.000328541
0.000321627
0.000367403
0.000312805
0.000351906
0.000343323
0.000349045
0.000493765
0.000385284
0.000313759
0.000304461
0.000304222
0.000330448
0.000311852
0.000315666
0.000307083
0.000429153
0.000338554
0.000313520
0.000315666
0.000327587
0.000327826
0.000318289
0.000324011
0.000306129
0.000342846
0.000320673
0.000320673
0.000303984
0.000302315
0.000304699
0.000316858
0.000318289
0.000316143
0.000363350
0.000321627
0.000321388
0.000289679
0.000305653
0.000333786
0.000344515
0.000317574
0.000316620
0.000378609
0.000413418
0.000326872
0.000332594
0.000348330
