0.000467300
0.000487089
0.000504971
0.000549316
0.000452042
0.000544310
0.000500441
0.000480890
0.000475168
0.000452042
0.000475645
0.000555038
0.000461817
0.000477314
0.000495911
0.000456333
0.000457525
0.000489950
0.000469446
0.000448704
0.000489950
0.000472307
0.000481367
0.000424623
0.000461578
0.000476837
0.000476360
0.000454664
0.000439644
0.000463963
0.000434160
0.000451088
0.000472307
0.000449896
0.000448227
0.000472784
0.000430346
0.000437975
0.000474453
0.000465631
0.000463247
0.000512362
0.000440359
0.000440836
0.000517130
0.000473261
0.000438213
0.000466108
0.000420332
0.000436068
0.000463486
0.000427485
0.000450134
0.000484467
0.000436783
0.000423670
0.000443459
0.000421047
0.000441074
0.000663042
0.000485659
0.000469685
0.000492573
0.000472784
0.000502825
0.000537157
0.000469446
0.000453711
0.000494480
0.000484467
0.000470161
0.000473499
0.000537157
0.000457525
0.000481606
0.000482082
0.000484467
0.000496387
0.000478506
0.000443459
0.000521421
0.000454426
0.000470877
0.000499487
0.000452280
0.000457525
0.000513077
0.000471115
0.000454903
0.000449181
0.000463963
0.000413179
0.000483513
0.000470638
0.000400066
0.000514507
0.000453949
0.000430346
0.000487804
0.000470877
