0.000789404
0.000783443
0.000782728
0.000830889
0.000749111
0.000792742
0.000787258
0.000733137
0.000788689
0.000795841
0.000791073
0.000788212
0.000731230
0.000788689
0.000746250
0.000703335
0.000755787
0.000789404
0.000747681
0.000772238
0.000755548
0.000807285
0.000759602
0.000806332
0.000546217
0.000800133
0.000752449
0.000784636
0.000741720
0.000781059
0.000718355
0.000816584
0.000743628
0.000790119
0.000762224
0.000835657
0.000816584
0.000785828
0.000759602
0.000771046
0.000771523
0.000768900
0.000773907
0.000839710
0.000704050
0.000765800
0.000751019
0.000777721
0.000763893
0.000785351
0.000766754
0.000783920
0.000821829
0.000778198
0.000794888
0.000810623
0.000766277
0.000788450
0.000754595
0.000793457
0.000772476
0.000778913
0.000749111
0.000794172
0.000761986
0.000787497
0.000797272
0.000799179
0.000825167
0.000773668
0.000781059
0.000777006
0.000774384
0.000788212
0.000745535
0.000761986
0.000715494
0.000773907
0.000790834
0.000777245
0.000776529
0.000814199
0.000789165
0.000796556
0.000793934
0.000714302
0.000738859
0.000766277
0.000782251
0.000806093
0.000698566
0.000836372
0.000790834
0.000750780
0.000792980
0.000770569
0.000760078
0.000793219
0.000776052
0.000752211
