0.003797054
0.004230738
0.004057407
0.004169941
0.003722906
0.004215479
0.004007816
0.004063606
0.004121304
0.004070044
0.003940582
0.004160881
0.004475355
0.004380703
0.003897905
0.004086256
0.004169703
0.004785538
0.003930092
0.004020929
0.003718138
0.004589558
0.004024506
0.003988743
0.003947496
0.004621506
0.004024982
0.004369020
0.004041910
0.003772020
0.014193296
0.013395309
0.004222393
0.003974199
0.013387442
0.004397392
0.003527641
0.003578663
0.003977537
0.004199982
0.003676414
0.003952742
0.004433870
0.004472017
0.003809452
0.003782988
0.003912210
0.004481077
0.003905535
0.004249573
0.003972769
0.004016161
0.004091740
0.004194260
0.004262447
0.004522800
0.003747225
0.003887892
0.004068136
0.003871679
0.003863811
0.004138231
0.003941059
0.003663540
0.004208803
0.004067183
0.003986835
0.004114866
0.003767967
0.004286051
0.004239559
0.004557371
0.004101992
0.004001141
0.004457235
0.004206657
0.003872633
0.004063606
0.003885984
0.004033566
0.003982067
0.003929138
0.004170418
0.004317045
0.003890991
0.004072189
0.004140377
0.004532576
0.003835201
0.004364967
0.003804684
0.003918886
0.003782272
0.003669739
0.004058599
0.004258633
0.004010439
0.004035711
0.004157305
0.004395962
