0.023477077
0.014976740
0.014823198
0.023488760
0.024606228
0.009306908
0.014799833
0.014560223
0.014099836
0.014461279
0.014910221
0.014031649
0.015437365
0.025145531
0.014008045
0.015218735
0.020072460
0.015385389
0.015313148
0.015535116
0.014506578
0.024796009
0.014329910
0.015177965
0.022506952
0.014261007
0.014908075
0.014101028
0.014911890
0.015424490
0.015130281
0.022720098
0.012737274
0.013542652
0.015720367
0.014614344
0.015622377
0.023654222
0.015360832
0.013941765
0.015047550
0.023631811
0.015271664
0.023120165
0.014524937
0.015222549
0.015760899
0.022507191
0.015007019
0.015235662
0.015545130
0.015367270
0.025879145
0.030723333
0.022692919
0.014237642
0.015181541
0.015272379
0.015501499
0.014973164
0.013529301
0.014338732
0.013390541
0.021972656
0.015812159
0.014778137
0.013887167
0.014986515
0.021335125
0.013312101
0.015415192
0.013992071
0.014348507
0.021724463
0.015480518
0.023084402
0.013920784
0.014449835
0.014845133
0.015178442
0.016268730
0.013170242
0.014780998
0.015561104
0.014109373
0.019963026
0.014276028
0.014556885
0.015300274
0.014765739
0.026124001
0.014907122
0.014580250
0.014831066
0.019919872
0.015475988
0.014914513
0.014100313
0.015664816
0.022753239
