0.001392126
0.001415014
0.001391649
0.001339197
0.001259565
0.001373768
0.001340151
0.001316547
0.001383066
0.001380444
0.001334667
0.001318693
0.001367807
0.001350403
0.001292229
0.001255035
0.001347542
0.001346111
0.001475334
0.001362562
0.001351833
0.001329899
0.001283884
0.001274824
0.001233339
0.001237392
0.001310825
0.001275778
0.001370192
0.001426458
0.001255512
0.001211643
0.001209974
0.001211882
0.001238823
0.001342058
0.001373291
0.001502514
0.001267195
0.001260996
0.001276255
0.001299858
0.001444101
0.001430273
0.001301527
0.001353264
0.001341343
0.001337767
0.001305342
0.001355171
0.001257181
0.001271009
0.001379967
0.001275301
0.001344681
0.001242399
0.001309156
0.001396179
0.001359940
0.001289845
0.001283169
0.001326323
0.001271963
0.001391411
0.001304150
0.001313210
0.001345396
0.001351595
0.001327991
0.001369953
0.001344681
0.001371145
0.001331091
0.001425266
0.001296759
0.001436710
0.001310825
0.001284122
0.001274347
0.001261234
0.001218796
0.001331329
0.001305819
0.001322508
0.001344681
0.001310110
0.001334429
0.001317739
0.001216173
0.001286507
0.001347065
0.001368761
0.001281500
0.001220465
0.001246452
0.001246452
0.001223087
0.001196384
0.001303673
0.001436949
