0.000270367
0.000255346
0.000260830
0.000283480
0.000295639
0.000264645
0.000300169
0.000279427
0.000273228
0.000273705
0.000270605
0.000265598
0.000271797
0.000262022
0.000331879
0.000298023
0.000318766
0.000318289
0.000322580
0.000318289
0.000314951
0.000307798
0.000315428
0.000286818
0.000319481
0.000302315
0.000312328
0.000317335
0.000308275
0.000298977
0.000312328
0.000287294
0.000318289
0.000288486
0.000308275
0.000307083
0.000302076
0.000332594
0.000311375
0.000328541
0.000315428
0.000312328
0.000306368
0.000309944
0.000308275
0.000268221
0.000319719
0.000314236
0.000314236
0.000319004
0.000323534
0.000299931
0.000273228
0.000300169
0.000296593
0.000298262
0.000298262
0.000340700
0.000300646
0.000416756
0.000288248
0.000267029
0.000312567
0.000298023
0.000278234
0.000286341
0.000285387
0.000321627
0.000225782
0.000281572
0.000228405
0.000270128
0.000258684
0.000322342
0.000270128
0.000282764
0.000286341
0.000265360
0.000281811
0.000287294
0.000286579
0.000255585
0.000283957
0.000268459
0.000285625
0.000250816
0.000319958
0.000283718
0.000331402
0.000466108
0.000289679
0.000280857
0.000283003
0.000242472
0.000271797
0.000258684
0.000292540
0.000280619
0.000273466
0.000296593
