0.000306368
0.000236273
0.000306606
0.000264406
0.000285625
0.000273228
0.000282526
0.000264645
0.000275135
0.000272512
0.000345469
0.000284910
0.000221729
0.000291824
0.000282764
0.000256777
0.000324011
0.000265360
0.000293732
0.000262499
0.000252724
0.000216722
0.000241756
0.000201225
0.000320911
0.000185490
0.000209808
0.000208616
0.000456095
0.000482559
0.000207901
0.000200272
0.000165224
0.000186205
0.000293493
0.000233889
0.000220299
0.000188589
0.000192165
0.000158548
0.000216961
0.000222683
0.000241518
0.000244617
0.000256777
0.000241518
0.000185013
0.000263691
0.000317574
0.000480890
0.000360966
0.000269413
0.000213861
0.000256538
0.000261545
0.000359535
0.000305414
0.000312090
0.000274658
0.000305176
0.000312805
0.000317335
0.000298262
0.000375032
0.000322104
0.000375986
0.000298738
0.000317812
0.000420332
0.000433207
0.000380516
0.000360250
0.000402451
0.000367403
0.000404119
0.000403166
0.000368834
0.000281572
0.000318527
0.000307322
0.000283241
0.000263453
0.000283718
0.000285864
0.000286102
0.000311852
0.000286102
0.000275612
0.000267029
0.000268698
0.000269413
0.000265837
0.000270367
0.000267506
0.000267506
0.000265837
0.000264168
0.000269175
0.000271559
0.000257015
