0.000277519
0.000279903
0.000563145
0.000243902
0.000253916
0.000177860
0.000276089
0.000231504
0.000183105
0.000203848
0.000168562
0.000189781
0.000216246
0.000216484
0.000214577
0.000344753
0.000281096
0.000343561
0.000349760
0.000343800
0.000344753
0.000341415
0.000346661
0.000363588
0.000347614
0.000348330
0.000329256
0.000325918
0.000310421
0.000289917
0.000329494
0.000336647
0.000272274
0.000322104
0.000353098
0.000312805
0.000273943
0.000270844
0.000270605
0.000346661
0.000336885
0.000269890
0.000275612
0.000266552
0.000285387
0.000267982
0.000267982
0.000283480
0.000265837
0.000273943
0.000293493
0.000279903
0.000263214
0.000269175
0.000322342
0.000498056
0.000211239
0.000202179
0.000244617
0.000288010
0.000186205
0.000337601
0.000218630
0.000202179
0.000155687
0.000177145
0.000168800
0.000196457
0.000182390
0.000191212
0.000195503
0.000253677
0.000294685
0.000247240
0.000230551
0.000254631
0.000238419
0.000238180
0.000293970
0.000245810
0.000211000
0.000224352
0.000209570
0.000159502
0.000236273
0.000263214
0.000219822
0.000211954
0.000243664
0.000221252
0.000216484
0.000219822
0.000206232
0.000206470
0.000188351
0.000213623
0.000191450
0.000420570
0.000293732
0.000462055
