0.000361204
0.000339508
0.000281572
0.000275373
0.000367880
0.000349760
0.000340939
0.000365019
0.000280857
0.000277758
0.000367403
0.000275135
0.000271559
0.000328064
0.000287771
0.000230789
0.000361443
0.000282764
0.000288725
0.000381947
0.000267506
0.000335455
0.000335217
0.000347853
0.000265837
0.000330925
0.000353098
0.000342846
0.000322580
0.000307083
0.000323534
0.000368357
0.000324249
0.000355959
0.000284672
0.000370741
0.000359058
0.000353098
0.000350237
0.000352859
0.000346661
0.000291348
0.000324249
0.000339031
0.000359058
0.000335693
0.000336409
0.000347614
0.000338554
0.000337124
0.000340462
0.000269413
0.000339031
0.000346422
0.000336647
0.000354290
0.000335455
0.000339508
0.000340223
0.000356197
0.000335217
0.000305414
0.000269413
0.000270367
0.000287533
0.000270844
0.000355959
0.000270605
0.000388145
0.000288010
0.000339746
0.000381231
0.000338554
0.000287771
0.000308037
0.000296354
0.000294685
0.000334978
0.000334740
0.000327587
0.000277758
0.000280619
0.000282764
0.000327349
0.000337362
0.000308752
0.000324488
0.000322819
0.000319004
0.000341415
0.000315428
0.000379086
0.000331402
0.000330687
0.000299931
0.000252485
0.000313282
0.000295877
0.000323772
0.000254393
