0.000336170
0.000428915
0.000396013
0.000347137
0.000346422
0.000330448
0.000373602
0.000318050
0.000336647
0.000357151
0.000331402
0.000345230
0.000372887
0.000327110
0.000360250
0.000337601
0.000396967
0.000324011
0.000354528
0.000291586
0.000345707
0.000350952
0.000350952
0.000317812
0.000415325
0.000380039
0.000345469
0.000359535
0.000335455
0.000343800
0.000341892
0.000301123
0.000346661
0.000293493
0.000343800
0.000286818
0.000352383
0.000340223
0.000339270
0.000304937
0.000318289
0.000341892
0.000311136
0.000370264
0.000406265
0.000303030
0.000355482
0.000311136
0.000316620
0.000352859
0.000338554
0.000298262
0.000369310
0.000352144
0.000322580
0.000354528
0.000341654
0.000339746
0.000346661
0.000441313
0.000353575
0.000372410
0.000336885
0.000308514
0.000344276
0.000342846
0.000305653
0.000321388
0.000283003
0.000334501
0.000364065
0.000304222
0.000324011
0.000324488
0.000315905
0.000311375
0.000306606
0.000304937
0.000319242
0.000336170
0.000312567
0.000282526
0.000334978
0.000283241
0.000335217
0.000309706
0.000313520
0.000353098
0.000318766
0.000297546
0.000304461
0.000353575
0.000358105
0.000313759
0.000324011
0.000377655
0.000358105
0.000336647
0.000304222
0.000290871
