0.000471115
0.000483513
0.000617266
0.000458956
0.000605345
0.000512600
0.000521660
0.000508308
0.000530481
0.000449181
0.000483274
0.000508547
0.000479937
0.000530720
0.000515461
0.000468254
0.000525713
0.000527620
0.000491142
0.000582933
0.000555277
0.000504494
0.000519514
0.000544786
0.000576019
0.000449896
0.000503302
0.000498533
0.000504017
0.000478268
0.000508785
0.000475168
0.000530481
0.000496626
0.000529289
0.000544548
0.000485420
0.000529051
0.000537157
0.000482798
0.000589848
0.000541687
0.000522852
0.000475407
0.000600338
0.000524521
0.000568628
0.000544310
0.000531673
0.000522137
0.000498295
0.000458002
0.000493526
0.000561953
0.000495672
0.000477552
0.000516176
0.000504255
0.000557899
0.000761747
0.000466824
0.000479460
0.000505447
0.000470400
0.000469446
0.000519991
0.000467062
0.000469446
0.000513792
0.000502586
0.000486851
0.000521660
0.000479460
0.000468969
0.000498295
0.000464439
0.000470400
0.000482798
0.000441790
0.000436783
0.000506639
0.000473499
0.000421762
0.000515461
0.000479698
0.000466585
0.000476837
0.000484228
0.000457048
0.000517130
0.000468969
0.000475407
0.000503302
0.000433445
0.000496149
0.000521660
0.000469685
0.000459671
0.000458956
0.000434637
