0.000822544
0.000723839
0.000722408
0.000722647
0.000836611
0.000757456
0.000774860
0.000769854
0.000710487
0.000725031
0.000679016
0.000751257
0.000692368
0.000679493
0.000670671
0.000630617
0.000601768
0.000719547
0.000663996
0.000750780
0.000688314
0.000732422
0.000726700
0.000751734
0.000702143
0.000731230
0.000642538
0.000717402
0.000645638
0.000734806
0.000696659
0.000730038
0.000670433
0.000697851
0.000713825
0.000695467
0.000763893
0.000715256
0.000758648
0.000743151
0.000694513
0.000732899
0.000666380
0.000741720
0.000694275
0.000688314
0.000670433
0.000727892
0.000672340
0.000738144
0.000684738
0.000694275
0.000679731
0.000749350
0.000709534
0.000710011
0.000729561
0.000705481
0.000673771
0.000664473
0.000647068
0.000770330
0.000749826
0.000717878
0.000781059
0.000777483
0.000780582
0.000804424
0.000763178
0.000757217
0.000740767
0.000792503
0.000734329
0.000767231
0.000698328
0.000716925
0.000736713
0.000765324
0.000752926
0.000780821
0.000720978
0.000763178
0.000758648
0.000793695
0.000734091
0.000768423
0.000730515
0.000762224
0.000735521
0.000770330
0.000733137
0.000769138
0.000705719
0.000785112
0.000697374
0.000726461
0.000749350
0.000746250
0.000665903
0.000821829
