0.015396118
0.016124487
0.006927013
0.006463766
0.006744385
0.007154465
0.007059336
0.007225990
0.008002043
0.016871691
0.015144825
0.006364822
0.006412745
0.006723166
0.006151915
0.014675856
0.006667852
0.016184568
0.006456614
0.006564856
0.015601635
0.015410185
0.006510735
0.006640673
0.006868124
0.014897108
0.006964684
0.006716967
0.007028341
0.006844997
0.016035795
0.007049799
0.007317066
0.007302284
0.007222414
0.007332087
0.013263464
0.007432938
0.006502390
0.006627560
0.006022215
0.005880117
0.005999088
0.006215334
0.005907536
0.005726099
0.005798101
0.006343842
0.015348196
0.006636381
0.005901098
0.006582737
0.006051302
0.005942822
0.005928040
0.006098986
0.006123066
0.006226540
0.005975008
0.006611586
0.006414652
0.006425142
0.006387472
0.006583929
0.015279770
0.007476568
0.007105350
0.007385731
0.007403612
0.006876469
0.007077932
0.017459631
0.007308483
0.007519960
0.006911516
0.007573605
0.007067442
0.007230282
0.007311344
0.007512093
0.007233858
0.007085562
0.006970167
0.007484913
0.007475615
0.007141352
0.007439852
0.007433653
0.007283449
0.007365465
0.007591963
0.007205725
0.007080793
0.016815186
0.006488562
0.006902695
0.006885290
0.006983042
0.007096052
0.006458282
