0.063611746
0.013437033
0.000280857
0.000237226
0.000266075
0.000264168
0.000266075
0.000159502
0.000260353
0.000194788
0.000269175
0.000262737
0.000335455
0.000222445
0.000227928
0.000277758
0.000281334
0.000290155
0.000325203
0.000320673
0.000260830
0.000264645
0.000239134
0.000320196
0.000279188
0.000370741
0.000245810
0.000253677
0.000225782
0.000191212
0.000198364
0.000243187
0.000223875
0.000260115
0.000192404
0.000180721
0.000200272
0.000164509
0.000241995
0.000226974
0.000226736
0.000214100
0.000282288
0.000301361
0.000247717
0.000180006
0.000197887
0.000267506
0.000211239
0.000283957
0.000233173
0.000243902
0.000207901
0.000267982
0.000225306
0.000204086
0.000189304
0.000234842
0.000240803
0.000284672
0.000236511
0.000203133
0.000257492
0.000261068
0.000240326
0.000289917
0.000223160
0.000203848
0.000361681
0.000194311
0.000197411
0.000222206
0.000180006
0.000200272
0.000203848
0.000202656
0.000329018
0.000198603
0.000298977
0.000258684
0.000222683
0.000209808
0.000242233
0.000242472
0.000151873
0.000236750
0.000200272
0.000207186
0.000241041
0.000246286
0.000378132
0.000272512
0.000245094
0.000249624
0.000263453
0.000324726
0.000294685
0.000323057
0.000309944
0.000339985
