0.001812458
0.002267361
0.002041817
0.001888752
0.001907110
0.001974821
0.002119780
0.001846075
0.001841545
0.001847506
0.002177715
0.001926899
0.001916409
0.001934528
0.001926899
0.001970768
0.002030611
0.001976490
0.002067327
0.002100468
0.001981974
0.002106190
0.002151012
0.002008677
0.002122402
0.001982689
0.002023697
0.002032518
0.002029896
0.002151489
0.002125740
0.001945972
0.002060413
0.001886845
0.001837015
0.002026081
0.001983881
0.002043247
0.002325535
0.002047539
0.001941442
0.013590813
0.002117872
0.002095461
0.002027273
0.001947165
0.001956224
0.001945734
0.001906157
0.001892805
0.001832008
0.001888514
0.002122164
0.002039433
0.002133846
0.002012014
0.002013683
0.001832962
0.001896381
0.002004147
0.002099514
0.001895428
0.001844645
0.001843452
0.001881838
0.001911879
0.002251863
0.001996279
0.001860619
0.002131224
0.001874208
0.001990080
0.002075911
0.001868486
0.001954317
0.011852026
0.002072811
0.002064466
0.001968384
0.002004385
0.001993895
0.001929522
0.001923800
0.001955509
0.002110720
0.002256155
0.002004385
0.001956940
0.002104521
0.001863718
0.002105951
0.002019644
0.002032757
0.001960993
0.001940250
0.001842022
0.002191067
0.002372980
0.001973152
0.001991034
