0.000295162
0.000310421
0.000303507
0.000273943
0.000288725
0.000295639
0.000305176
0.000320673
0.000303030
0.000320435
0.000344753
0.000303030
0.000302315
0.000352144
0.000272512
0.000272751
0.000303030
0.000287533
0.000302315
0.000249386
0.000312567
0.000374556
0.000372410
0.000299215
0.000321865
0.000370741
0.000385523
0.000302792
0.000399351
0.000300407
0.000296116
0.000297546
0.000353098
0.000337601
0.000300169
0.000298738
0.000352383
0.000339270
0.000352144
0.000352621
0.000254869
0.000270844
0.000343561
0.000378370
0.000332117
0.000302315
0.000382423
0.000370026
0.000300646
0.000381231
0.000355721
0.000335932
0.000350714
0.000385046
0.000288486
0.000350714
0.000297070
0.000303268
0.000386000
0.000369310
0.000317097
0.000301361
0.000299454
0.000300884
0.000268698
0.000274897
0.000288248
0.000356674
0.000301838
0.000345707
0.000299692
0.000347376
0.000360012
0.000349522
0.000321627
0.000299692
0.000299215
0.000297308
0.000297785
0.000296354
0.000285387
0.000323296
0.000297308
0.000295877
0.000327587
0.000298023
0.000357389
0.000350952
0.000325203
0.000353098
0.000297070
0.000266552
0.000355482
0.000299931
0.000300169
0.000271320
0.000310421
0.000269175
0.000354767
0.000243425
