0.004286051
0.003923178
0.003437519
0.003498554
0.003866196
0.003772020
0.003524303
0.003609419
0.004193306
0.004442692
0.003373861
0.003423214
0.015826941
0.004399061
0.003333092
0.003462553
0.003701925
0.004242659
0.015697479
0.013900042
0.003096581
0.003108740
0.003534555
0.003545046
0.003482819
0.003571033
0.003588200
0.003592730
0.003476620
0.003444433
0.003576040
0.003619432
0.003756523
0.003620148
0.003537178
0.003168106
0.003705978
0.012518644
0.003555298
0.003324509
0.003451109
0.003602505
0.004045248
0.004166603
0.003586292
0.013238907
0.004237890
0.003572702
0.003439188
0.004169703
0.003718615
0.003573179
0.003448009
0.013566971
0.004109859
0.003079176
0.003344774
0.003880978
0.003541470
0.003880024
0.003388882
0.003975153
0.003797770
0.004050493
0.003713846
0.012876511
0.003785133
0.003914833
0.003716230
0.003952503
0.003744364
0.003621578
0.003514528
0.004065752
0.003784418
0.003643274
0.003507853
0.003707409
0.003508806
0.003999710
0.003838539
0.003406763
0.003465176
0.004378796
0.003935337
0.003425598
0.003534555
0.004011869
0.003696680
0.004009724
0.003737450
0.003742933
0.003660202
0.004040956
0.003730774
0.003489494
0.003493071
0.003863335
0.003664970
0.003490925
