0.000290394
0.000287056
0.000302315
0.000255823
0.000278711
0.000327349
0.000296593
0.000252724
0.000316381
0.000328064
0.000327826
0.000342846
0.000343323
0.000329494
0.000331879
0.000333548
0.000331640
0.000319481
0.000355005
0.000295639
0.000317574
0.000316381
0.000336647
0.000326633
0.000316858
0.000287056
0.000352383
0.000262737
0.000315428
0.000331640
0.000300884
0.000319242
0.000339270
0.000327349
0.000327826
0.000300169
0.000271797
0.000323057
0.000300646
0.000263929
0.000329971
0.000345469
0.000317574
0.000338316
0.000268221
0.000266075
0.000255585
0.000486612
0.000300884
0.000276804
0.000309467
0.000273705
0.000311852
0.000300884
0.000321388
0.000269413
0.000329971
0.000319481
0.000314713
0.000318527
0.000327110
0.000342607
0.000345230
0.000326157
0.000375748
0.000312090
0.000313044
0.000373125
0.000324249
0.000314713
0.000275850
0.000271559
0.000247478
0.000294685
0.000336170
0.000293732
0.000346422
0.000325203
0.000296116
0.000295401
0.000318050
0.000341892
0.000345945
0.000310898
0.000265837
0.000262499
0.000300884
0.000345945
0.000298738
0.000523329
0.000276089
0.000311852
0.000295401
0.000299215
0.000267029
0.000294209
0.000352144
0.000311613
0.000315428
0.000255346
