0.032372236
0.013073444
0.012002707
0.012755394
0.013122082
0.013774395
0.012183905
0.013314724
0.022513866
0.013922691
0.013209105
0.012146950
0.028897047
0.012692213
0.013277054
0.012806654
0.022763252
0.013653040
0.013117790
0.013457060
0.033113480
0.020990610
0.012519360
0.020948410
0.025520563
0.022722483
0.012605190
0.021103859
0.012820005
0.012731552
0.012851954
0.013338566
0.013150215
0.013041735
0.014453650
0.012932062
0.012629032
0.023217440
0.014120340
0.012948036
0.012869596
0.012665987
0.020830631
0.021339893
0.012785196
0.023568392
0.025962114
0.012962580
0.013917923
0.021418571
0.021070242
0.013131857
0.012973309
0.032480478
0.021969080
0.011725187
0.011034727
0.013203859
0.024992943
0.012695312
0.012803555
0.013368368
0.014646530
0.021981716
0.012742758
0.013373137
0.013582945
0.013235331
0.012949705
0.013193369
0.012752295
0.012851954
0.013814688
0.013779163
0.012662649
0.023607731
0.012314796
0.016661406
0.011462450
0.012627125
0.012379885
0.012029886
0.012641430
0.012998343
0.022429705
0.018964529
0.012722015
0.012983084
0.012126923
0.011874199
0.020907640
0.012053013
0.011524200
0.013381958
0.013503313
0.012495756
0.012315989
0.014056683
0.012945414
0.012310266
