0.000484705
0.000389814
0.000348806
0.000318527
0.000366926
0.000317335
0.000314713
0.000390768
0.000330925
0.000356674
0.000350714
0.000339270
0.000312090
0.000388622
0.000411749
0.000355005
0.000359297
0.000446796
0.000357628
0.000411034
0.000365257
0.000355244
0.000359297
0.000363350
0.000436068
0.000332594
0.000345230
0.000451803
0.000485182
0.000441313
0.000386477
0.000391006
0.000445366
0.000459671
0.000477314
0.000363111
0.000470400
0.000409603
0.000435352
0.000408411
0.000356436
0.000439644
0.000373125
0.000412226
0.000459671
0.000451088
0.000433922
0.000417948
0.000374556
0.000513315
0.000479460
0.000394821
0.000401974
0.000476360
0.000456810
0.000375271
0.000382423
0.000386238
0.000468493
0.000632763
0.000455379
0.000451803
0.000413418
0.000389099
0.000388145
0.000423670
0.000354290
0.000418901
0.000418663
0.000424147
0.000355721
0.000382662
0.000370502
0.000375986
0.000371456
0.000377655
0.000381947
0.000344276
0.000367403
0.000408411
0.000349522
0.000382423
0.000339270
0.000411272
0.000437498
0.000389576
0.000365257
0.000344515
0.000352621
0.000439882
0.000335455
0.000432253
0.000399828
0.000392437
0.000370979
0.000409603
0.000377893
0.000381231
0.000343800
0.000414848
