0.001194000
0.001379251
0.001366615
0.001338243
0.001340389
0.001194954
0.001290560
0.001336098
0.001227140
0.001264811
0.001301050
0.001383781
0.001305580
0.001285076
0.001234293
0.001242876
0.001244068
0.001228094
0.001264811
0.001278400
0.001393318
0.001227140
0.001300573
0.001294613
0.001262426
0.001236200
0.001246214
0.001297235
0.001175165
0.001170158
0.001244307
0.001170158
0.001249552
0.001241207
0.001224518
0.001274824
0.001277924
0.001136065
0.001238108
0.001297235
0.001289845
0.001166105
0.001320124
0.001238346
0.001215696
0.001344681
0.001268148
0.001244783
0.001298428
0.001193762
0.001227856
0.001244307
0.001274586
0.001267433
0.001247406
0.001220226
0.001245975
0.001298428
0.001279593
0.001366615
0.001227617
0.022743464
0.001346111
0.001305819
0.001216650
0.023499489
0.001085281
0.001272202
0.001268387
0.001209497
0.001263857
0.001238823
0.001259565
0.001289368
0.001237154
0.001247168
0.001319170
0.001315117
0.001408339
0.001381636
0.001270771
0.023491383
0.001474619
0.001284599
0.001241446
0.001196861
0.001231670
0.001245499
0.001281261
0.001190901
0.001210451
0.001236677
0.001232862
0.001218319
0.001233339
0.001242876
0.001165867
0.001050711
0.001247406
0.001296759
