0.000349998
0.000343561
0.000287533
0.000305414
0.000289202
0.000289679
0.000275612
0.000339031
0.000276804
0.000291348
0.000358343
0.000355244
0.000275612
0.000355244
0.000274897
0.000276566
0.000286102
0.000352621
0.000277519
0.000355244
0.000318289
0.000283718
0.000287294
0.000276327
0.000312567
0.000280142
0.000276566
0.000247955
0.000297070
0.000262499
0.000275850
0.000288725
0.000277281
0.000312567
0.000302076
0.000320196
0.000303030
0.000293493
0.000279188
0.000278950
0.000273705
0.000278950
0.000369310
0.000278473
0.000289202
0.000289202
0.000275373
0.000274897
0.000328779
0.000305891
0.000356436
0.000324011
0.000337839
0.000292540
0.000351191
0.000352383
0.000335217
0.000303030
0.000305891
0.000339031
0.000349283
0.000370264
0.000341654
0.000284195
0.000349760
0.000368357
0.000366449
0.000351906
0.000389338
0.000358820
0.000332832
0.000339270
0.000310183
0.000295877
0.000366449
0.000369072
0.000333548
0.000354528
0.000352383
0.000346184
0.000368834
0.000331163
0.000340223
0.000354290
0.000352383
0.000360727
0.000367880
0.000334740
0.000400305
0.000332355
0.000290632
0.000348806
0.000372887
0.000353098
0.000348568
0.000354767
0.000323534
0.000339985
0.000358582
0.000314236
