0.000298023
0.000237942
0.000305414
0.000276566
0.000288963
0.000286579
0.000304699
0.000292301
0.000277042
0.000277996
0.000331163
0.000267029
0.000258684
0.000305891
0.000285625
0.000261068
0.000316858
0.000275373
0.000298738
0.000279427
0.000244379
0.000244617
0.000327587
0.000211239
0.000350952
0.000193357
0.000225782
0.000208616
0.000460386
0.000475407
0.000201464
0.000200510
0.000158072
0.000170231
0.000328302
0.000260353
0.000234127
0.000195980
0.000199080
0.000178337
0.000206709
0.000227451
0.000308752
0.000269651
0.000257254
0.000240803
0.000342131
0.000234604
0.000308275
0.000556231
0.000324249
0.000266790
0.000231266
0.000292778
0.000268698
0.000322580
0.000290632
0.000292301
0.000265837
0.000291109
0.000283957
0.000287056
0.000285864
0.000294447
0.000282049
0.000306845
0.000267029
0.000283003
0.000297308
0.000298262
0.000295877
0.000293732
0.000295877
0.000297546
0.000301361
0.000299215
0.000301838
0.000277281
0.000306845
0.000324011
0.000313044
0.000274420
0.000286818
0.000292540
0.000311852
0.000318289
0.000293493
0.000277996
0.000276327
0.000277519
0.000296354
0.000273228
0.000293970
0.000282049
0.000298262
0.000278234
0.000277996
0.000299454
0.000298023
0.000255346
