0.002123594
0.002041578
0.012505293
0.001884460
0.002177954
0.001685143
0.001924992
0.002218008
0.011749029
0.002079964
0.002051115
0.002057314
0.002217770
0.002157927
0.002078772
0.002245903
0.002176523
0.002057791
0.002038717
0.002250671
0.002306223
0.002087355
0.002137899
0.002185822
0.001854897
0.002114534
0.002411604
0.002207756
0.002329826
0.002198219
0.002089500
0.002297163
0.002123594
0.002390862
0.001836538
0.002153397
0.002411842
0.011728764
0.002382517
0.002202034
0.002140284
0.002225637
0.002302647
0.002172709
0.002303600
0.002309561
0.002180338
0.002202034
0.002258062
0.002085924
0.002204657
0.002172709
0.002213001
0.002386093
0.002243519
0.002167702
0.002329826
0.002291679
0.002112389
0.002100229
0.002149105
0.002233505
0.002367258
0.002438545
0.012362719
0.002185583
0.002446175
0.002174139
0.001996040
0.002178669
0.002077103
0.002281904
0.002135754
0.002040148
0.002216339
0.002109289
0.002221584
0.002174616
0.002081633
0.002134085
0.002183437
0.012448311
0.002240658
0.002014637
0.001969099
0.002135515
0.002244473
0.002144575
0.002118111
0.002003670
0.002334595
0.002175331
0.002168655
0.002101898
0.002116919
0.002020597
0.002184391
0.002292156
0.002023697
0.002253056
