0.022742987
0.016762972
0.014686584
0.024289608
0.023060322
0.019424915
0.014794827
0.013077974
0.014053345
0.014450312
0.014907360
0.014031172
0.013983250
0.024859190
0.015339136
0.013727188
0.021377563
0.013905287
0.013842344
0.014033318
0.012963057
0.024749041
0.014309645
0.013626575
0.021338940
0.014265299
0.014820814
0.014090061
0.014813423
0.013947010
0.013669491
0.022446871
0.014116526
0.014689922
0.014317989
0.014593840
0.015625477
0.032397270
0.015330076
0.012627840
0.015066862
0.023776770
0.015160322
0.021763802
0.014347315
0.013788223
0.018441677
0.022344828
0.013466358
0.015112877
0.015371799
0.015409946
0.025728226
0.026884079
0.022519588
0.014074564
0.013801336
0.015122175
0.015289545
0.014938831
0.013498306
0.014158010
0.014647007
0.023525715
0.014376402
0.014734983
0.015313625
0.013577938
0.019930840
0.014547825
0.013896704
0.013906717
0.012964487
0.021751642
0.013904095
0.022785425
0.013920069
0.014246941
0.014822483
0.015064478
0.014810085
0.013164520
0.013245106
0.015490294
0.015483618
0.022990465
0.014225721
0.014428377
0.015178919
0.014693022
0.026108742
0.014890194
0.014558792
0.013277292
0.020236731
0.014068365
0.013415337
0.015444756
0.014225245
0.022627831
