0.000262022
0.000292063
0.000242949
0.000253677
0.000304937
0.000331640
0.000295401
0.000258446
0.000280619
0.000257969
0.000291109
0.000253439
0.000267982
0.000292063
0.000322342
0.000259399
0.000259638
0.000263453
0.000280857
0.000444651
0.000261784
0.000272512
0.000257254
0.000276566
0.000273943
0.000280380
0.000279188
0.000276804
0.000270367
0.000277996
0.000249863
0.000276804
0.000276089
0.000249863
0.000277996
0.000293493
0.000279427
0.000293016
0.000276566
0.000288963
0.000269413
0.000277758
0.000276566
0.000261784
0.000280142
0.000278711
0.000252962
0.000276327
0.000257015
0.000313520
0.000347853
0.000270605
0.000250340
0.000269175
0.000290632
0.000276804
0.000269890
0.000264645
0.000367403
0.000281334
0.000285864
0.000317574
0.000270605
0.000291109
0.000269651
0.000259876
0.000269413
0.000292063
0.000335693
0.000270605
0.000282526
0.000248909
0.000273943
0.000298023
0.000263453
0.000319719
0.000279427
0.000269890
0.000287533
0.000310659
0.000309229
0.000273228
0.000311375
0.000313520
0.000272274
0.000310421
0.000301361
0.000308990
0.000333309
0.000298023
0.000297785
0.000313044
0.000275373
0.000309229
0.000310183
0.000297308
0.000317574
0.000317812
0.000296593
0.000296593
