0.004029274
0.004208326
0.004006147
0.003817797
0.003664732
0.004158735
0.003942251
0.003996611
0.004091263
0.004027367
0.003901005
0.004122972
0.004428387
0.004331112
0.003859520
0.004046917
0.004146576
0.004766226
0.003891706
0.003989220
0.003669977
0.004555941
0.004008532
0.003944159
0.003911734
0.004595280
0.003988028
0.004312038
0.003978014
0.003711700
0.014188051
0.013291121
0.004181623
0.003909588
0.013055325
0.004059315
0.003492355
0.003524065
0.004152298
0.004390955
0.003856897
0.004145384
0.004391193
0.004440069
0.003761053
0.003723860
0.003863811
0.004432201
0.003854752
0.004212379
0.003924370
0.004196405
0.004041433
0.004150391
0.004214764
0.004458666
0.003698349
0.003821611
0.004034519
0.004077911
0.003988981
0.004305124
0.003897905
0.003900290
0.004177809
0.004256487
0.004127264
0.004043102
0.003709555
0.004187822
0.003922939
0.004240513
0.003792524
0.003955364
0.004406452
0.004174232
0.003814697
0.004031420
0.003805876
0.004003763
0.003930569
0.003853321
0.004108429
0.004261971
0.003843307
0.004033327
0.004078627
0.004478455
0.003767729
0.004323006
0.003921032
0.004082918
0.003917694
0.003839731
0.004163265
0.004207373
0.003953695
0.004001856
0.004114151
0.004340887
