0.000380993
0.000300646
0.000294924
0.000305414
0.000282764
0.000275135
0.000279188
0.000282526
0.000310183
0.000272036
0.000279903
0.000292063
0.000275373
0.000306129
0.000275850
0.000327587
0.000305891
0.000282764
0.000346422
0.000330687
0.000344515
0.000310898
0.000277758
0.000327349
0.000253677
0.000285864
0.000274897
0.000261068
0.000306129
0.000275612
0.000286818
0.000281572
0.000269175
0.000308752
0.000273466
0.000275135
0.000286579
0.000273466
0.000302076
0.000275850
0.000272036
0.000271797
0.000273466
0.000311852
0.000284195
0.000270367
0.000274420
0.000289440
0.000302076
0.000257492
0.000269175
0.000281096
0.000274658
0.000342607
0.000275373
0.000264406
0.000280619
0.000272274
0.000315428
0.000479937
0.000333309
0.000311613
0.000313520
0.000346661
0.000320435
0.000308514
0.000329733
0.000307560
0.000343561
0.000310183
0.000317812
0.000308037
0.000300646
0.000339270
0.000309229
0.000425577
0.000337124
0.000329733
0.000377417
0.000313520
0.000312328
0.000319719
0.000314951
0.000339985
0.000356197
0.000338793
0.000309706
0.000313997
0.000326633
0.000308514
0.000310898
0.000313044
0.000504732
0.000334978
0.000329971
0.000333309
0.000353813
0.000307798
0.000349283
0.000354052
