0.000266790
0.000277758
0.000386000
0.000288486
0.000274658
0.000287056
0.000260592
0.000293970
0.000303268
0.000296593
0.000324726
0.000286102
0.000294209
0.000290155
0.000310898
0.000295401
0.000283957
0.000290394
0.000314236
0.000319958
0.000321627
0.000309229
0.000291348
0.000324488
0.000281334
0.000319719
0.000295877
0.000307798
0.000303507
0.000296116
0.000301600
0.000287294
0.000284195
0.000264168
0.000248432
0.000295401
0.000287056
0.000310898
0.000342131
0.000302553
0.000296354
0.000310659
0.000309229
0.000348806
0.000333309
0.000306606
0.000527859
0.000307798
0.000309229
0.000303745
0.000316858
0.000282288
0.000380039
0.000297785
0.000325680
0.000298738
0.000321150
0.000271559
0.000293970
0.000332117
0.000315666
0.000313520
0.000317812
0.000320673
0.000306129
0.000290394
0.000300646
0.000297070
0.000306368
0.000303745
0.000296593
0.000310659
0.000251293
0.000288963
0.000299931
0.000289440
0.000285149
0.000338316
0.000281811
0.000283718
0.000303507
0.000320435
0.000314713
0.000309706
0.000265598
0.000273705
0.000297070
0.000308752
0.000280857
0.000245571
0.000280142
0.000277042
0.000318050
0.000241518
0.000298500
0.000299454
0.000279903
0.000307083
0.000299692
0.000271320
