0.000292063
0.000283241
0.000308275
0.000289202
0.000283480
0.000278473
0.000307798
0.000302553
0.000303030
0.000288248
0.000303984
0.000303984
0.000322580
0.000276566
0.000291586
0.000281811
0.000319481
0.000291586
0.000268459
0.000286102
0.000339508
0.000308752
0.000291586
0.000286341
0.000258207
0.000283003
0.000284195
0.000309706
0.000294447
0.000290632
0.000285864
0.000288010
0.000285864
0.000314713
0.000306368
0.000313759
0.000341654
0.000345469
0.000295401
0.000263453
0.000273705
0.000318289
0.000285625
0.000295639
0.000288486
0.000260115
0.000275373
0.000288725
0.000285387
0.000284433
0.000308990
0.000301123
0.000324726
0.000375271
0.000359774
0.000307322
0.000296831
0.000309706
0.000327110
0.000429153
0.000313520
0.000302792
0.000269413
0.000298262
0.000280619
0.000267267
0.000385284
0.000291109
0.000287294
0.000312805
0.000298023
0.000267744
0.000268698
0.000266075
0.000283718
0.000350952
0.000267267
0.000251055
0.000277996
0.000267744
0.000302076
0.000296593
0.000276089
0.000288725
0.000307083
0.000274420
0.000283003
0.000253916
0.000303268
0.000306606
0.000277996
0.000306845
0.000330448
0.000306129
0.000293732
0.000270605
0.000283957
0.000305414
0.000309229
0.000309467
