0.001395702
0.001423359
0.001407862
0.001351357
0.001203299
0.001358747
0.001330614
0.001314163
0.001391411
0.001400471
0.001353025
0.001326561
0.001356602
0.001345634
0.001263857
0.001284122
0.001347303
0.001324654
0.001510382
0.001312494
0.001391888
0.001365662
0.001284361
0.001263142
0.001214027
0.001262903
0.001304865
0.001265764
0.001365185
0.001407862
0.001227617
0.001160860
0.001224279
0.001175404
0.001217604
0.001348019
0.001324177
0.001469135
0.001236916
0.001255274
0.001253366
0.001275301
0.001414061
0.001419544
0.001296997
0.001351833
0.001312733
0.001312971
0.001283884
0.001334906
0.001192808
0.001241207
0.001350403
0.001294136
0.001293659
0.001225233
0.001276970
0.001385689
0.001339674
0.001331806
0.001263618
0.001332760
0.001267433
0.001350164
0.001265049
0.001310349
0.001335144
0.001358747
0.001324892
0.001342535
0.001334190
0.001360893
0.001330614
0.001394987
0.001281023
0.001421928
0.001330853
0.001266003
0.001285076
0.001281977
0.001243353
0.001337767
0.001294613
0.001324654
0.001313925
0.001325369
0.001338243
0.001298428
0.001242876
0.001281261
0.001372337
0.001361132
0.001270056
0.001210213
0.001278877
0.001270056
0.001238108
0.001170158
0.001287937
0.001392126
