0.000428677
0.000422239
0.000423670
0.000562906
0.000378132
0.000468493
0.000437498
0.000429630
0.000429630
0.000392675
0.000424623
0.000460148
0.000391722
0.000386000
0.000453472
0.000387907
0.000382185
0.000420094
0.000387430
0.000395298
0.000401258
0.000414371
0.000404358
0.000403643
0.000410795
0.000397921
0.000401974
0.000379801
0.000368595
0.000406742
0.000360966
0.000380516
0.000402212
0.000385046
0.000374794
0.000424623
0.000361204
0.000386715
0.000398159
0.000397682
0.000411272
0.000422478
0.000399113
0.000390291
0.000433207
0.000401497
0.000362396
0.000404119
0.000360250
0.000372171
0.000396490
0.000367165
0.000362158
0.000407457
0.000362873
0.000365257
0.000377655
0.000364780
0.000360727
0.000577688
0.000389576
0.000405073
0.000422716
0.000392675
0.000428438
0.000484467
0.000395060
0.000390053
0.000429153
0.000397205
0.000402689
0.000428915
0.000425816
0.000388861
0.000421286
0.000444889
0.000396729
0.000436783
0.000442505
0.000352621
0.000447273
0.000324488
0.000388384
0.000412941
0.000386477
0.000412941
0.000423431
0.000386715
0.000393867
0.000399351
0.000397205
0.000351906
0.000417233
0.000392437
0.000322104
0.000471592
0.000393152
0.000352144
0.000420570
0.000411034
