0.014162779
0.008716583
0.007409334
0.015400648
0.007465839
0.007616520
0.007764578
0.007664442
0.015313148
0.016366720
0.007028341
0.007262230
0.007788181
0.007327318
0.007806778
0.016021729
0.006515980
0.007200241
0.015088320
0.007828474
0.006709099
0.006745577
0.007559776
0.007856369
0.007057190
0.006912708
0.007118464
0.007372856
0.006929159
0.015674114
0.007755756
0.007842064
0.007889509
0.007679939
0.007526398
0.007450581
0.008343935
0.007931709
0.007343769
0.007420778
0.007728100
0.007646084
0.007596731
0.007506371
0.016569138
0.006850481
0.007149458
0.006957769
0.007622480
0.007722855
0.007255316
0.006882668
0.006838560
0.007517099
0.006786585
0.007349253
0.007388353
0.007955313
0.008112669
0.008200407
0.007445574
0.007597685
0.007250786
0.007563829
0.007329941
0.007611752
0.007851601
0.007278919
0.016293526
0.007484674
0.007863998
0.007387877
0.007547379
0.007480621
0.008304834
0.007738829
0.007304907
0.007395506
0.008798122
0.007557392
0.008137703
0.007504225
0.007997513
0.008135796
0.007632732
0.007930994
0.008476973
0.007996082
0.015554905
0.007498980
0.007571459
0.007528543
0.007099152
0.007671595
0.007726669
0.007688999
0.007545948
0.007345676
0.006989717
0.006875753
