0.000742197
0.000703573
0.000772953
0.000819445
0.000701189
0.000780582
0.000766516
0.000726223
0.000781298
0.000785828
0.000793695
0.000780106
0.000723124
0.000776291
0.000743866
0.000669241
0.000723600
0.000781059
0.000729799
0.000766039
0.000721455
0.000796556
0.000707626
0.000813723
0.000519037
0.000805140
0.000751019
0.000745058
0.000683546
0.000740290
0.000726938
0.000802040
0.000716209
0.000778913
0.000744820
0.000834465
0.000816107
0.000791550
0.000731707
0.000754118
0.000751257
0.000758648
0.000771523
0.000760317
0.000724792
0.000696659
0.000727654
0.000775814
0.000722885
0.000744820
0.000741482
0.000786781
0.000773907
0.000775099
0.000794888
0.000804663
0.000765800
0.000773668
0.000727177
0.000787973
0.000764608
0.000770330
0.000702620
0.000746012
0.000741482
0.000769615
0.000745773
0.000776291
0.000771284
0.000744343
0.000746250
0.000756741
0.000764132
0.000730991
0.000746489
0.000747681
0.000667334
0.000766754
0.000742197
0.000772476
0.000761271
0.000772476
0.000787020
0.000768423
0.000752449
0.000661373
0.000680685
0.000753164
0.000773668
0.000774860
0.000698805
0.000774384
0.000767231
0.000725985
0.000767946
0.000787973
0.000783205
0.000771999
0.000759125
0.000737667
