0.000266075
0.000250578
0.000264406
0.000250578
0.000197887
0.000248432
0.000252962
0.000275850
0.000249863
0.000247955
0.000252485
0.000254869
0.000249147
0.000249386
0.000247240
0.000256062
0.000251293
0.000246763
0.000252247
0.000238180
0.000209808
0.000250101
0.000255108
0.000249863
0.000247717
0.000252008
0.000248194
0.000235796
0.000236273
0.000248909
0.000247955
0.000259399
0.000247955
0.000260830
0.000212669
0.000246525
0.000247717
0.000248194
0.000247955
0.000227690
0.000251532
0.000270128
0.000236750
0.000254869
0.000276566
0.000252962
0.000250101
0.000255823
0.000251293
0.000245571
0.000269890
0.000250101
0.000238657
0.000247478
0.000232458
0.000210047
0.000240564
0.000250340
0.000248432
0.000249624
0.000272274
0.000250578
0.000237942
0.000248194
0.000248432
0.000248432
0.000246763
0.000209570
0.000246763
0.000262499
0.000250816
0.000248432
0.000208616
0.000249624
0.000247002
0.000247478
0.000237703
0.000248432
0.000249863
0.000250816
0.000247478
0.000247478
0.000249386
0.000248909
0.000250816
0.000287771
0.000214577
0.000248194
0.000249147
0.000333548
0.000210047
0.000495434
0.000199795
0.000251293
0.000248432
0.000248194
0.000251055
0.000247717
0.000230074
0.000248671
0.000197649
0.000248432
0.000262022
0.000248909
0.000249863
0.000246763
0.000251770
0.000196218
0.000248194
0.000248671
0.000246286
0.000246763
0.000252962
0.000246048
0.000247002
0.000247478
0.000284672
0.000267267
0.000247240
0.000267029
