0.000246525
0.000258684
0.000238419
0.000252485
0.000254154
0.000253916
0.000267267
0.000258446
0.000254631
0.000239372
0.000255585
0.000252485
0.000229597
0.000242949
0.000205040
0.000223398
0.000235319
0.000265360
0.000325441
0.000234604
0.000221491
0.000250816
0.000265360
0.000258923
0.000221491
0.000251770
0.000255346
0.000218630
0.000256300
0.000250816
0.000252247
0.000271797
0.000220537
0.000222921
0.000243187
0.000234842
0.000231743
0.000272512
0.000236273
0.000252008
0.000234365
0.000321150
0.000233173
0.000252008
0.000251055
0.000252485
0.000252485
0.000254869
0.000234842
0.000277758
0.000256538
0.000233650
0.000235796
0.000251293
0.000256062
0.000252485
0.000252962
0.000249386
0.000251532
0.000251532
0.000251532
0.000270605
0.000250340
0.000238180
0.000239611
0.000219822
0.000219822
0.000269175
0.000231504
0.000234604
0.000215530
0.000253201
0.000282288
0.000250816
0.000291824
0.000234604
0.000235796
0.000252724
0.000251532
0.000252485
0.000251293
0.000254869
0.000251293
0.000218630
0.000253677
0.000254154
0.000237942
0.000240803
0.000250816
0.000221252
0.000239611
0.000251770
0.000250816
0.000241756
0.000243902
0.000219584
0.000249863
0.000221491
0.000244141
0.000255585
0.000234604
0.000253916
0.000220776
0.000233650
0.000250101
0.000239372
0.000257969
0.000250101
0.000252724
0.000252962
0.000255108
0.000252962
0.000234842
0.000249863
0.000250816
0.000218153
0.000250578
0.000249386
0.000261784
0.000216484
