0.000253916
0.000216961
0.000287056
0.000218630
0.000214577
0.000200272
0.000199080
0.000215292
0.000303030
0.000237703
0.000241280
0.000325918
0.000306368
0.000215530
0.000236273
0.000226259
0.000242710
0.000449657
0.000231028
0.000222445
0.000220060
0.000271559
0.000180244
0.000233650
0.000183821
0.000272274
0.000418663
0.000165701
0.000235558
0.000239849
0.000237942
0.000237942
0.000218153
0.000253201
0.000243902
0.000238419
0.000260353
0.000221491
0.000389338
0.000180960
0.000182152
0.000231504
0.000237226
0.000168085
0.000162840
0.000321388
0.000173569
0.000191927
0.000199080
0.000198126
0.000219822
0.000192165
0.000262499
0.000211477
0.000247478
0.000187635
0.000193119
0.000329971
0.000225067
0.000170708
0.000166178
0.000195026
0.000199795
0.000211954
0.000253916
0.000266552
0.000212193
0.000223637
0.000233412
0.000210285
0.000232697
0.000249147
0.000237942
0.000249386
0.000252724
0.000250578
0.000216007
0.000276566
0.000247955
0.000253201
0.000253201
0.000253916
0.000255585
0.000251532
0.000249863
0.000250578
0.000349283
0.000248909
0.000252008
0.000249624
0.000244617
0.000235558
0.000243664
0.000215769
0.000233650
0.000258207
0.000302076
0.000213385
0.000277281
0.000238657
0.000253201
0.000252724
0.000257492
0.000262499
0.000236273
0.000247478
0.000446796
0.000298500
0.000217438
0.000247955
0.000336647
0.000231028
0.000235319
0.000217676
0.000201464
0.000362635
0.000239849
0.000226974
0.000233412
0.000223875
