0.000292540
0.000255585
0.000245094
0.000260353
0.000322819
0.000244379
0.000258446
0.000277042
0.000261307
0.000247002
0.000275612
0.000280380
0.000272751
0.000264406
0.000264645
0.000249386
0.000260353
0.000260592
0.000244856
0.000282526
0.000358582
0.000276089
0.000279665
0.000262499
0.000275612
0.000277042
0.000275612
0.000263929
0.000246525
0.000246048
0.000260353
0.000249147
0.000278950
0.000307560
0.000260830
0.000248671
0.000259399
0.000242710
0.000263691
0.000243425
0.000259638
0.000246525
0.000300884
0.000266552
0.000276804
0.000261307
0.000244141
0.000223875
0.000247240
0.000276327
0.000230551
0.000249147
0.000276089
0.000277758
0.000245571
0.000265837
0.000248432
0.000248909
0.000244856
0.000299454
0.000265837
0.000241995
0.000246763
0.000243902
0.000289202
0.000279188
0.000243902
0.000269175
0.000260353
0.000275135
0.000263214
0.000298500
0.000289679
0.000259638
0.000232697
0.000280619
0.000243902
0.000273943
0.000277042
0.000237942
0.000234842
0.000264168
0.000263929
0.000231743
0.000276089
0.000285864
0.000260353
0.000261545
0.000261307
0.000265598
0.000278711
0.000259876
0.000302315
0.000283241
0.000258207
0.000260353
0.000246286
0.000204086
0.000261545
0.000284195
0.000264406
0.000278950
0.000285387
0.000264406
0.000261068
0.000233412
0.000232697
0.000273228
0.000225306
0.000259399
0.000245333
0.000248432
0.000273943
0.000247717
0.000248194
0.000261307
0.000245571
0.000262022
0.000274897
0.000216722
