0.011957884
0.000578165
0.000651836
0.000648737
0.000638723
0.000634670
0.000565767
0.000589848
0.000625372
0.000658035
0.000586271
0.000625134
0.000579834
0.000601530
0.000600100
0.011822939
0.000646591
0.000570774
0.000642300
0.000672579
0.000637531
0.000704765
0.000564814
0.000637770
0.000556469
0.011735678
0.000673056
0.000577927
0.000586271
0.000600815
0.011953592
0.000573874
0.000705481
0.000629663
0.000664473
0.000569105
0.000640869
0.000666618
0.000587463
0.000669718
0.000666380
0.000590563
0.000669241
0.000671387
0.000571728
0.000606537
0.000683784
0.000647545
0.000580549
0.000667334
0.000667334
0.000594139
0.000582933
0.000665426
0.000575304
0.000667810
0.000645161
0.000601768
0.000641346
0.000603676
0.000577927
0.000655651
0.000581503
0.000659704
0.000643015
0.000669003
0.000584364
0.000594616
0.000653028
0.000614405
0.000668764
0.000593185
0.000588655
0.000598907
0.000664949
0.000674009
0.000584126
0.000600338
0.000672817
0.000588179
0.000637293
0.000644207
0.000653028
0.000615358
0.000576973
0.000612259
0.000572205
0.000668764
0.000569582
0.000588417
0.000625849
0.000569820
0.000654936
0.000574589
0.000650167
0.000598431
0.000572920
0.000646114
0.000602245
0.000677109
0.000643969
0.000572205
0.000591278
0.000589371
0.000562668
0.000579834
0.000583649
0.000554323
0.000566721
0.000561953
0.000574350
0.000563145
0.000585794
0.000590801
0.000581264
0.000587225
0.000570059
0.000565290
0.000556469
0.000636339
