0.000252247
0.000250340
0.000199556
0.000247478
0.000252247
0.000250816
0.000280857
0.000246763
0.000211239
0.000232935
0.000248432
0.000249386
0.000250816
0.000295877
0.000221252
0.000190496
0.000174046
0.000174999
0.000165701
0.000169277
0.000188112
0.000166655
0.000173092
0.000249863
0.000210285
0.000240088
0.000189781
0.000286579
0.000241995
0.000213623
0.000204086
0.000248432
0.000253439
0.000263214
0.000240088
0.000237942
0.000161409
0.000330687
0.000253439
0.000248909
0.000250340
0.000250101
0.000324726
0.000232935
0.000255585
0.000226498
0.000354052
0.000208616
0.000186443
0.000352621
0.000229359
0.000288248
0.000213861
0.000252485
0.000236034
0.000313282
0.000221014
0.000240564
0.000249624
0.000196457
0.000262976
0.000524282
0.000213861
0.000168085
0.000220776
0.000502110
0.000199318
0.000197649
0.000495911
0.000200272
0.000194311
0.000196457
0.000292301
0.000266314
0.000220299
0.000243425
0.000256300
0.000207424
0.000211716
0.000269890
0.000252962
0.000217676
0.000529766
0.000250340
0.000219584
0.000210524
0.000212431
0.000248194
0.000222206
0.000216007
0.000257015
0.000208378
0.000234604
0.000236511
0.000223637
0.000366211
0.000207901
0.000230551
0.000468969
0.000182152
0.000236273
0.000198841
0.000222206
0.000349522
0.000297785
0.000214577
0.000510216
0.000252008
0.000242949
0.000225306
0.000247717
0.000322580
0.000239372
0.000237942
0.000272036
0.000204802
0.000225782
0.000302553
0.000251770
0.000232220
