0.011285782
0.000966787
0.000995636
0.000871420
0.001017332
0.001010418
0.000944376
0.000906229
0.001072168
0.000989199
0.000977755
0.000938892
0.000869274
0.000860691
0.001008749
0.000866413
0.012266397
0.000997782
0.001026630
0.000935555
0.000959396
0.001004457
0.000893831
0.000876904
0.001130104
0.000864267
0.000928164
0.000986576
0.012139559
0.000877380
0.000769615
0.011894464
0.000964165
0.000985384
0.000986814
0.000995159
0.000895023
0.000962257
0.001079559
0.001027346
0.000899315
0.000907183
0.000990391
0.000987053
0.001005888
0.000881195
0.001031160
0.000943184
0.001019001
0.000999689
0.001017094
0.000878572
0.000993252
0.001007557
0.001029968
0.001013517
0.001014709
0.000891209
0.000903368
0.000884295
0.000999689
0.000998497
0.000974894
0.000965834
0.001068592
0.000926495
0.000953197
0.000985861
0.000992060
0.000941753
0.001015186
0.000881910
0.001004219
0.000934362
0.000886679
0.000982285
0.000991583
0.000954390
0.001049757
0.000835657
0.000896215
0.001086950
0.000918388
0.000964165
0.001015902
0.000926495
0.001017332
0.000972986
0.001018047
0.001007557
0.001005173
0.001037359
0.000885010
0.000880957
0.001058817
0.001000166
0.000896692
0.001047373
0.000930309
0.000991344
0.000896215
0.000907183
0.000920057
0.000906706
0.000906229
0.000835419
0.000835657
0.000881433
0.000806093
0.000894070
0.000802040
0.000910282
0.000858545
0.000900745
0.000914335
0.000839949
0.000899315
0.000915289
0.000833988
0.011879206
