0.013041973
0.011693716
0.001683474
0.012263536
0.001560211
0.001654148
0.001564503
0.001664400
0.011580706
0.001656771
0.001472235
0.001504660
0.001678944
0.001666784
0.001663685
0.001486540
0.001641035
0.001456261
0.001544714
0.001453876
0.001638651
0.001471519
0.001633644
0.001671791
0.001542091
0.001463652
0.012264967
0.001479864
0.001511097
0.001655340
0.001672268
0.001518965
0.001649141
0.001600742
0.001621246
0.001467943
0.001658678
0.012454987
0.001642704
0.001494169
0.012249470
0.001460075
0.001466036
0.001682281
0.001568317
0.012250423
0.001481771
0.001586199
0.001451492
0.001625538
0.001498699
0.001525164
0.012264729
0.001532555
0.001506329
0.001709461
0.001685858
0.001681328
0.001672029
0.001529217
0.001554489
0.001372337
0.001586914
0.001581430
0.001745939
0.001655340
0.001542807
0.001637936
0.001659155
0.001511574
0.001494646
0.001648426
0.001539946
0.001662731
0.001641512
0.001687050
0.001562834
0.012346745
0.001684904
0.001385689
0.001578808
0.001642942
0.001556158
0.001510382
0.001528978
0.001623631
0.001695156
0.001481771
0.001621485
0.001652241
0.001577377
0.001490355
0.001623631
0.001471281
0.001509190
0.012270689
0.001543522
0.001639128
0.001545668
0.001556158
0.001661062
0.001387119
0.001478434
0.001405716
0.001436472
0.001380444
0.001431465
0.001486063
0.001468658
0.001388073
0.001425266
0.001399755
0.001452684
0.001415730
0.001498461
0.001376629
0.001496077
0.001423120
0.001473188
0.001413107
