0.013119221
0.002920151
0.002901316
0.002910376
0.002524614
0.002892733
0.002478600
0.002463341
0.002930880
0.002473354
0.002899885
0.002467871
0.003411055
0.002464056
0.012428284
0.002867937
0.002458811
0.002819061
0.002937317
0.002495527
0.002492666
0.002841949
0.002904177
0.002851486
0.002951860
0.002574921
0.002488136
0.002944469
0.002486944
0.002588987
0.002510786
0.002904654
0.002878189
0.002483606
0.002504110
0.012625694
0.002616405
0.012626410
0.002525091
0.002846956
0.002520084
0.002853632
0.002372265
0.002887487
0.002546787
0.002525568
0.002829552
0.002487898
0.002463102
0.002882004
0.002423286
0.012866259
0.002879620
0.002852678
0.002452612
0.002518177
0.002845049
0.002469540
0.002930403
0.002867222
0.002551079
0.002310991
0.002422094
0.002552986
0.002934217
0.003020763
0.003001213
0.002460718
0.002867937
0.002851248
0.002585173
0.002938747
0.012600660
0.002479553
0.002481461
0.012876272
0.002942085
0.002878666
0.002519369
0.012347460
0.002336264
0.002491236
0.002553940
0.002867460
0.002483130
0.002888203
0.002490282
0.002857447
0.002912760
0.002851248
0.002520561
0.002917767
0.002466440
0.002471924
0.002498150
0.003052235
0.002604008
0.002959967
0.002898693
0.002468109
0.002469063
0.002416134
0.002417803
0.002371073
0.002363205
0.002343178
0.002401590
0.002303123
0.002442122
0.002377510
0.002348423
0.002345324
0.002379656
0.002352476
0.002326250
0.002308607
0.002336502
0.002354622
0.002449751
0.002364635
