0.000371456
0.000244856
0.000184774
0.000239849
0.000259161
0.000183821
0.000328302
0.000210285
0.000218868
0.000178099
0.000147581
0.000152349
0.000256538
0.000272274
0.000274897
0.000326395
0.000280619
0.000260115
0.000289679
0.000317812
0.000292778
0.000284672
0.000299931
0.000271082
0.000277519
0.000242710
0.000272989
0.000302553
0.000288725
0.000329256
0.000290871
0.000287533
0.000290632
0.000328541
0.000292301
0.000334024
0.000279665
0.000288010
0.000292063
0.000320911
0.000274897
0.000287056
0.000270367
0.000248671
0.000268936
0.000320435
0.000288486
0.000270367
0.000288248
0.000304461
0.000301600
0.000326633
0.000287056
0.000273943
0.000350237
0.000286102
0.000302315
0.000285864
0.000283003
0.000301361
0.000273705
0.000290394
0.000287771
0.000306845
0.000289440
0.000287294
0.000288248
0.000228167
0.000319004
0.000286341
0.000286341
0.000270128
0.000257254
0.000325918
0.000285625
0.000286818
0.000290632
0.000282049
0.000275373
0.000261068
0.000304461
0.000282288
0.000291824
0.000289440
0.000279903
0.000315905
0.000275850
0.000275373
0.000280380
0.000279665
0.000284910
0.000320911
0.000241518
0.000286818
0.000254631
0.000289440
0.000250101
0.000256062
0.000254631
0.000288010
0.000246763
0.000282764
0.000236511
0.000289679
0.000244379
0.000283480
0.000290155
0.000286579
0.000284195
0.000242949
0.000267506
0.000287771
0.000248671
0.000292778
0.000286818
0.000271320
0.000227690
0.000288486
0.000288486
0.000241280
