0.000399828
0.000310659
0.000354290
0.000317097
0.000315189
0.000353098
0.000315905
0.000301838
0.000320435
0.000307322
0.000299931
0.000337362
0.000349760
0.000284910
0.000316381
0.000296593
0.000357628
0.000319481
0.000306845
0.000349760
0.000310659
0.000319004
0.000356197
0.000296354
0.000299931
0.000308752
0.000306606
0.000315428
0.000346661
0.000316143
0.000313997
0.000298262
0.000354767
0.000316858
0.000320435
0.000344038
0.000315666
0.000296116
0.000299215
0.000316620
0.000359058
0.000317335
0.000315666
0.000342369
0.000312805
0.000298023
0.000302553
0.000356197
0.000311613
0.000298023
0.000334263
0.000303745
0.000297070
0.000339508
0.000313282
0.000315905
0.000296593
0.000317574
0.000356674
0.000315428
0.000317812
0.000307083
0.000321388
0.000355244
0.000316143
0.000315905
0.000373125
0.000314474
0.000316381
0.000298023
0.000315905
0.000325441
0.000313282
0.000357389
0.000317574
0.000311375
0.000326395
0.000297546
0.000284910
0.000367641
0.000297785
0.000313759
0.000359297
0.000317097
0.000326633
0.000340223
0.000319004
0.000317812
0.000339270
0.000315428
0.000316858
0.000298977
0.000413656
0.000317097
0.000305653
0.000317335
0.000362873
0.000298023
0.000316381
0.000316858
0.000362396
0.000312805
0.000314951
0.000283003
0.000346899
0.000311375
0.000294685
0.000297785
0.000294685
0.000313759
0.000297785
0.000312328
0.000311375
0.000299692
0.000294685
0.000300646
0.000312805
0.000311852
0.000314474
0.000294447
