0.014356136
0.000213623
0.000175238
0.000182152
0.000208855
0.000251055
0.000214815
0.000233173
0.000246763
0.000248432
0.000211477
0.000239134
0.000211239
0.000246763
0.000245810
0.000247240
0.000256538
0.000250578
0.000237465
0.000247478
0.000192404
0.000246763
0.000250101
0.000248432
0.000247240
0.000273466
0.000233889
0.000246763
0.000212908
0.000223875
0.000251055
0.000253677
0.000256777
0.000269651
0.000299692
0.000251293
0.000277996
0.000248671
0.000246525
0.000251770
0.000226259
0.000218630
0.000208139
0.000231981
0.000284672
0.000209570
0.000234365
0.000215292
0.000248194
0.000321865
0.000221491
0.000219107
0.000210762
0.000232697
0.000238657
0.000244617
0.000251770
0.000231504
0.000249624
0.000205278
0.000240564
0.000255108
0.000241280
0.000247240
0.000255823
0.000217915
0.000258684
0.000270844
0.000214815
0.000210524
0.000210524
0.000260830
0.000195980
0.000231266
0.000246525
0.000248194
0.000209332
0.000245333
0.000224829
0.000249147
0.000235796
0.000292778
0.000196457
0.000252724
0.000251770
0.000247240
0.000249624
0.000245810
0.000247002
0.000248194
0.000245571
0.000248432
0.000247002
0.000244379
0.000244141
0.000251055
0.000248909
0.000246763
0.000249147
0.000245333
0.000214815
0.000233412
0.000248432
0.000247478
0.000248432
0.000247717
0.000244856
0.000248432
0.000248671
0.000197411
0.000251293
0.000246048
0.000236750
0.000246525
0.000250816
0.000253201
0.000237465
0.000247240
0.000251293
0.000234604
