0.000242472
0.000260115
0.000251293
0.000248194
0.000252724
0.000248909
0.000235796
0.000249147
0.000248194
0.000253916
0.000248432
0.000253677
0.000262022
0.000271559
0.000264406
0.000248194
0.000249147
0.000249624
0.000249147
0.000224113
0.000265837
0.000248432
0.000245094
0.000257015
0.000247478
0.000247955
0.000254869
0.000261784
0.000248909
0.000248194
0.000248432
0.000252247
0.000249147
0.000247717
0.000248671
0.000249386
0.000252008
0.000250816
0.000249386
0.000248194
0.000249386
0.000238657
0.000250340
0.000249147
0.000250101
0.000267982
0.000241518
0.000258446
0.000241995
0.000196934
0.000252008
0.000249624
0.000251532
0.000242472
0.000237465
0.000248432
0.000278711
0.000251532
0.000253201
0.000280619
0.000280142
0.000249863
0.000245571
0.000238895
0.000250101
0.000265598
0.000248432
0.000215292
0.000250340
0.000250816
0.000253677
0.000252247
0.000198603
0.000251770
0.000248432
0.000255585
0.000250101
0.000244617
0.000249863
0.000252962
0.000249386
0.000235319
0.000247717
0.000280857
0.000249386
0.000249863
0.000249386
0.000253439
0.000249147
0.000238419
0.000254154
0.000239611
0.000222206
0.000248671
0.000248194
0.000252724
0.000249624
0.000250816
0.000252724
0.000247717
0.000232935
0.000250578
0.000252724
0.000241518
0.000229359
0.000249386
0.000252247
0.000248671
0.000223398
0.000224113
0.000248671
0.000247717
0.000220776
0.000249147
0.000273943
0.000251055
0.000196695
0.000280857
0.000248432
0.000221729
