0.131780148
0.081943750
0.031440973
0.000212193
0.000262022
0.000310183
0.000264883
0.000299931
0.000253439
0.000207424
0.000269175
0.000282526
0.000280380
0.000243187
0.000247955
0.000241518
0.000259161
0.000218391
0.000213385
0.000233412
0.000194311
0.000190735
0.000198841
0.000231028
0.000269413
0.000252485
0.000285864
0.000244141
0.000298262
0.000372410
0.000256062
0.000240326
0.000175953
0.000462770
0.000195026
0.000175953
0.000185251
0.000169516
0.000176907
0.000175476
0.000178814
0.000192642
0.000185013
0.000192642
0.000172377
0.000236511
0.000338554
0.000210524
0.000241756
0.000184774
0.000184536
0.000191212
0.000165939
0.000395536
0.000212193
0.000190496
0.000176430
0.000170231
0.000271559
0.000189066
0.000243902
0.000217915
0.000286102
0.000192881
0.000212431
0.000248432
0.000220299
0.000245571
0.000224829
0.000288248
0.000225782
0.000219107
0.000208378
0.000184298
0.000234365
0.000220537
0.000171185
0.000136852
0.000185728
0.000188589
0.000169992
0.000188112
0.000210047
0.000310659
0.000274420
0.000244617
0.000319958
0.000278950
0.000288725
0.000293970
0.000366449
0.000342369
0.000241041
0.000277758
0.000312567
0.000307560
0.000221968
0.000265837
0.000339031
0.000287056
