0.000316143
0.000298500
0.000273228
0.000371456
0.000382662
0.000305891
0.000252962
0.000378132
0.000376463
0.000324011
0.000301123
0.000296116
0.000331163
0.000324011
0.000297546
0.000379324
0.000331879
0.000307322
0.000331879
0.000301838
0.000341892
0.000340939
0.000325203
0.000357389
0.000339508
0.000323057
0.000324488
0.000324726
0.000340462
0.000322580
0.000346422
0.000258923
0.000304461
0.000312328
0.000316381
0.000296831
0.000325918
0.000327110
0.000289917
0.000327349
0.000347376
0.000343800
0.000326157
0.000339031
0.000270367
0.000361204
0.000380039
0.000306845
0.000341177
0.000314236
0.000365734
0.000352383
0.000310659
0.000337124
0.000358105
0.000351191
0.000383139
0.000322580
0.000315905
0.000553370
0.000291586
0.000291109
0.000297070
0.000319242
0.000311852
0.000518560
0.000265360
0.000300407
0.000327110
0.000297308
0.000299931
0.000343561
0.000343084
0.000293016
0.000372887
0.000324488
0.000392914
0.000274897
0.000274420
0.000279665
0.000298262
0.000304699
0.000302315
0.000306606
0.000394583
0.000408411
0.000330925
0.000313520
0.000292301
0.000281334
0.000324488
0.000273705
0.000299692
0.000308037
0.000383139
0.000317574
0.000345230
0.000292063
0.000310898
0.000344515
