0.029661894
0.016501188
0.023611069
0.014537096
0.017321348
0.031367540
0.016014338
0.015752077
0.027031660
0.015478611
0.016448498
0.016722679
0.016027689
0.016160727
0.014729738
0.015824795
0.014753342
0.020379782
0.017281532
0.017242670
0.016044378
0.016571283
0.025967598
0.014535904
0.014605761
0.016359091
0.016257763
0.015804529
0.016958714
0.016923428
0.016708612
0.016070366
0.014333010
0.021517754
0.028771162
0.017806768
0.014538288
0.014457226
0.014674425
0.033057690
0.030816793
0.017279863
0.016088963
0.014706135
0.016880035
0.016674757
0.025120497
0.024876118
0.016417742
0.016345263
0.016443968
0.016125917
0.028477192
0.016164303
0.013969183
0.016280651
0.016414642
0.015495062
0.014847279
0.016716719
0.021278381
0.025117636
0.015938044
0.024963856
0.016546011
0.016473532
0.016782045
0.034056902
0.016472101
0.016212225
0.016617298
0.014417410
0.016178608
0.017086744
0.016104937
0.016864061
0.016790628
0.025226116
0.028103113
0.016114235
0.015937805
0.016322613
0.015190840
0.017187357
0.025531769
0.016416550
0.016274691
0.016285181
0.016426325
0.023602247
0.016487122
0.017067909
0.016963005
0.016809464
0.015831470
0.015828371
0.015957832
0.015621901
0.016563892
0.014896154
