0.000381231
0.000368834
0.000383615
0.000379801
0.000398159
0.000408411
0.000370264
0.000378370
0.000341892
0.000320911
0.000335455
0.000360489
0.000318050
0.000390053
0.000407934
0.000337601
0.000425577
0.000379801
0.000374079
0.000394583
0.000372648
0.000360727
0.000394583
0.000415564
0.000359058
0.000332832
0.000432253
0.000370026
0.000364304
0.000422478
0.000387192
0.000402927
0.000441551
0.000346422
0.000361443
0.000387192
0.000381947
0.000372887
0.000367880
0.000388145
0.000394821
0.000415325
0.000434637
0.000373125
0.000388384
0.000362635
0.000348568
0.000365973
0.000368834
0.000385284
0.000434399
0.000373125
0.000420809
0.000427961
0.000398636
0.000373125
0.000434399
0.000379562
0.000386238
0.000415325
0.000363350
0.000373602
0.000408649
0.000362635
0.000390530
0.000429630
0.000396729
0.000396729
0.000438690
0.000368595
0.000375509
0.000412464
0.000391245
0.000365496
0.000408888
0.000398636
0.000335455
0.000373840
0.000388384
0.000378847
0.000397205
0.000397682
0.000391483
0.000411749
0.000392675
0.000371933
0.000413656
0.000361681
0.000420570
0.000410557
0.000453472
0.000360012
0.000405312
0.000340223
0.000366211
0.000405550
0.000363111
0.000350714
0.000431061
0.000377178
