0.000267029
0.000249386
0.000231266
0.000229836
0.000225544
0.000277519
0.000237703
0.000231028
0.000303507
0.000276089
0.000292063
0.000292778
0.000308990
0.000294209
0.000282288
0.000272989
0.000272751
0.000239611
0.000284910
0.000235796
0.000241280
0.000283957
0.000228643
0.000210047
0.000211477
0.000185490
0.000207901
0.000231981
0.000235081
0.000273943
0.000270844
0.000272274
0.000294685
0.000252962
0.000239372
0.000288010
0.000237703
0.000197649
0.000241518
0.000226736
0.000223875
0.000242233
0.000230074
0.000228882
0.000240088
0.000238419
0.000243664
0.000276804
0.000278473
0.000260830
0.000339270
0.000233650
0.000258446
0.000230312
0.000181198
0.000200510
0.000226736
0.000185728
0.000227213
0.000225544
0.000246286
0.000289440
0.000237942
0.000290155
0.000261545
0.000289440
0.000249386
0.000221968
0.000229836
0.000249863
0.000258446
0.000293255
0.000303030
0.000266552
0.000327826
0.000252485
0.000257730
0.000245810
0.000248909
0.000284910
0.000267506
0.000285625
0.000306606
0.000236034
0.000282049
0.000243187
0.000228643
0.000190258
0.000226021
0.000295401
0.000260830
0.000284433
0.000209332
0.000226021
0.000243664
0.000292540
0.000233173
0.000261545
0.000185251
0.000169039
