0.000767946
0.000751257
0.000788689
0.000711441
0.000722647
0.000712156
0.000770807
0.000775814
0.000729799
0.000762224
0.000736952
0.000758648
0.000701189
0.000731230
0.000734568
0.000783682
0.000720024
0.000765324
0.000757933
0.000757933
0.000771523
0.000770092
0.000756264
0.000764370
0.000756025
0.000752211
0.000771046
0.000773191
0.000635624
0.000768661
0.000742912
0.000706434
0.000643730
0.000786066
0.000770092
0.000786543
0.000769377
0.000762463
0.000650406
0.000736952
0.000753641
0.000797272
0.000721931
0.000760317
0.000749111
0.000771761
0.000703812
0.000709295
0.000772238
0.000775576
0.000695944
0.000788450
0.000707150
0.000801563
0.000672579
0.000710249
0.000766277
0.000774860
0.000688314
0.000779867
0.000769138
0.000771761
0.000734091
0.000785112
0.000765324
0.000762701
0.000724077
0.000890493
0.000707626
0.000685692
0.000760078
0.000779152
0.000738621
0.000763178
0.000759602
0.000768661
0.000718594
0.000741005
0.000699759
0.000769854
0.000746489
0.000797749
0.000758410
0.000738859
0.000676870
0.000760794
0.000738621
0.000858068
0.000741482
0.000758648
0.000756502
0.000682592
0.000834942
0.000718594
0.000736475
0.000758410
0.000716448
0.000725508
0.000710011
0.000746250
