0.000188828
0.000268459
0.000244379
0.000195742
0.000156641
0.000183821
0.000155687
0.000166178
0.000212908
0.000182629
0.000179529
0.000162840
0.000187397
0.000169277
0.000231743
0.000197172
0.000176191
0.000181675
0.000225306
0.000183344
0.000292063
0.000213623
0.000177383
0.000171423
0.000177860
0.000173807
0.000269175
0.000195265
0.000156641
0.000201225
0.000177383
0.000180483
0.000181913
0.000238657
0.000182629
0.000236273
0.000138283
0.000165701
0.000149965
0.000130177
0.000265837
0.000229836
0.000136614
0.000131845
0.000131130
0.000399113
0.000379086
0.000198126
0.000393629
0.000189066
0.000175953
0.000128984
0.000250101
0.000198603
0.000149012
0.000358105
0.000258207
0.000203133
0.000244141
0.000207901
0.000160217
0.000152111
0.000139713
0.000201941
0.000181675
0.000137568
0.000138998
0.000156641
0.000239372
0.000201702
0.000203609
0.000172377
0.000172853
0.000166416
0.000268936
0.000213146
0.000167131
0.000165462
0.000167608
0.000179768
0.000230789
0.000142097
0.000144482
0.000144958
0.000155210
0.000136375
0.000256062
0.000138998
0.000241280
0.000150919
0.000149488
0.000169277
0.000156403
0.000129938
0.000157356
0.000186443
0.000158548
0.000160456
0.000178576
0.000143051
