0.000255346
0.000260353
0.000276804
0.000184774
0.000512362
0.000225067
0.000182867
0.000223160
0.000198841
0.000243425
0.000292778
0.000180960
0.000195742
0.000292540
0.000197411
0.000223398
0.000190020
0.000197411
0.000186205
0.000197172
0.000248909
0.000248194
0.000250101
0.000259876
0.000193357
0.000395060
0.000308514
0.000232220
0.000227928
0.000247002
0.000250816
0.000225306
0.000197649
0.000304461
0.000226736
0.000277758
0.000255108
0.000362158
0.000189304
0.000199556
0.000249386
0.000275612
0.000231981
0.000173807
0.000344992
0.000328064
0.000263214
0.000199318
0.000287294
0.000267267
0.000286102
0.000233889
0.000197887
0.000227451
0.000277758
0.000278234
0.000309467
0.000185251
0.000262976
0.000247240
0.000186920
0.000188112
0.000203609
0.000217199
0.000210762
0.000178576
0.000276089
0.000268936
0.000207186
0.000257492
0.000425816
0.000312567
0.000294447
0.000246286
0.000203371
0.000240326
0.000209570
0.000179052
0.000261307
0.000242949
0.000210285
0.000236034
0.000283480
0.000195265
0.000224113
0.000194550
0.000251770
0.000192642
0.000199318
0.000306129
0.000229597
0.000226498
0.000255346
0.000242233
0.000202894
0.000191689
0.000239134
0.000235558
0.000278711
0.000216246
