0.005359650
0.004528999
0.004078865
0.004414797
0.004336834
0.004462242
0.004406691
0.004258156
0.014316559
0.004272938
0.004353046
0.004195452
0.003976822
0.004254580
0.004548788
0.004400015
0.017016411
0.005469084
0.004117727
0.004085064
0.004029036
0.004625559
0.004135370
0.004815340
0.004629850
0.004266500
0.012254238
0.004406452
0.004086971
0.004062176
0.004367590
0.004295588
0.005486012
0.004563332
0.004106283
0.004143953
0.004774332
0.004325390
0.003959894
0.003708839
0.003947496
0.004415751
0.003930092
0.003766775
0.004374743
0.005484104
0.004126310
0.004069328
0.004505396
0.004414797
0.004163265
0.004031420
0.004194498
0.004085302
0.004286289
0.005013227
0.004043579
0.004131556
0.004348040
0.004730225
0.004593134
0.004216433
0.003775835
0.003924131
0.004255772
0.005005836
0.004194021
0.004330158
0.004441738
0.004192829
0.004434586
0.003817558
0.015675545
0.004705667
0.004360676
0.003762484
0.004229784
0.004863501
0.004584312
0.005513191
0.004467726
0.004663706
0.003979206
0.004064798
0.004560947
0.004822016
0.004089594
0.004097700
0.004388094
0.004281998
0.004443169
0.004117012
0.004519224
0.003965378
0.004102230
0.004168510
0.004759073
0.004567385
0.004597664
0.003653049
