0.000241518
0.000217676
0.000191689
0.000231028
0.000259399
0.000256777
0.000224829
0.000480175
0.000267267
0.000280857
0.000217676
0.000183821
0.000191212
0.000194788
0.000205994
0.000177860
0.000301123
0.000252485
0.000203371
0.000185013
0.000160217
0.000171900
0.000221729
0.000195026
0.000175476
0.000182867
0.000187159
0.000209332
0.000212908
0.000163078
0.000167131
0.000197649
0.000277758
0.000317097
0.000334024
0.000269175
0.000242949
0.000208616
0.000182390
0.000276566
0.000286818
0.000312090
0.000292540
0.000324488
0.000258923
0.000294447
0.000285625
0.000271559
0.000296593
0.000301600
0.000291109
0.000294209
0.000277758
0.000298262
0.000296116
0.000295877
0.000294685
0.000277519
0.000255346
0.000364065
0.000213146
0.000233412
0.000231504
0.000234127
0.000321150
0.000258446
0.000273466
0.000254393
0.000249147
0.000439644
0.000282526
0.000278234
0.000269651
0.000284910
0.000440121
0.000221968
0.000291824
0.000349760
0.000325203
0.000265837
0.000521183
0.000273705
0.000254154
0.000256777
0.000254154
0.000191927
0.000266552
0.000246048
0.000207663
0.000180721
0.000210762
0.000267029
0.000201225
0.000190020
0.000206470
0.000198603
0.000276804
0.000272751
0.000303030
0.000308752
