0.000432730
0.000292540
0.000328779
0.000397205
0.000357866
0.000367403
0.000339985
0.000354052
0.000321388
0.000340462
0.000337839
0.000360727
0.000339985
0.000403404
0.000369310
0.000310659
0.000380516
0.000357151
0.000429869
0.000303745
0.000401974
0.000382185
0.000392914
0.000369310
0.000380516
0.000342846
0.000337124
0.000341654
0.000512123
0.000320435
0.000318289
0.000304222
0.000346422
0.000386953
0.000349522
0.000306129
0.000359297
0.000356674
0.000359774
0.000351667
0.000371933
0.000351667
0.000366449
0.000343561
0.000336170
0.000353336
0.000332832
0.000345469
0.000326157
0.000318766
0.000354290
0.000330687
0.000326395
0.000396252
0.000314713
0.000295401
0.000297546
0.000300407
0.000333548
0.000512600
0.000290871
0.000316381
0.000252724
0.000325680
0.000292301
0.000244617
0.000304461
0.000336409
0.000328779
0.000295877
0.000307083
0.000306845
0.000325441
0.000335932
0.000304222
0.000300407
0.000299215
0.000330925
0.000337124
0.000306368
0.000313044
0.000272036
0.000354290
0.000324011
0.000329971
0.000310183
0.000307560
0.000355959
0.000339508
0.000303745
0.000311375
0.000302553
0.000330448
0.000348091
0.000270844
0.000292063
0.000274658
0.000314713
0.000339270
0.000316381
