0.002243042
0.001979828
0.002559900
0.002304316
0.002269268
0.002295017
0.002383471
0.002180338
0.002190828
0.002260208
0.002490520
0.002374649
0.002377033
0.001967669
0.013202190
0.002271652
0.002202511
0.002296448
0.002249956
0.002357244
0.002326250
0.002606869
0.002252579
0.001883984
0.001953840
0.012176991
0.002138615
0.002492428
0.002491474
0.002101660
0.001948118
0.002505302
0.002289534
0.002231359
0.002063751
0.002351522
0.002373457
0.002183199
0.002466202
0.002546787
0.002310276
0.002286434
0.002548218
0.002335787
0.002314806
0.012897491
0.002475739
0.002842903
0.002547979
0.002300024
0.002540588
0.012088299
0.002504110
0.002360106
0.002343178
0.002597094
0.002536297
0.001914978
0.002275705
0.002454042
0.002414465
0.002727032
0.002351522
0.002469063
0.002695799
0.002499819
0.002465725
0.002259493
0.002525091
0.002308846
0.002453804
0.002289534
0.002470970
0.002457380
0.002618551
0.002206802
0.002287388
0.002415895
0.001638412
0.001666546
0.002001762
0.002201080
0.002303600
0.002363920
0.002337217
0.002074480
0.002083063
0.002459049
0.002139091
0.002192974
0.002743959
0.002404690
0.002628803
0.002736807
0.002768040
0.002602100
0.002769709
0.002526045
0.002468348
0.002320290
