0.000324249
0.000238895
0.000254154
0.000293732
0.000284195
0.000237226
0.000261545
0.000275373
0.000269890
0.000291109
0.000257254
0.000312567
0.000297070
0.000362873
0.000311136
0.000251532
0.000292063
0.000305653
0.000344753
0.000266790
0.000513554
0.000276089
0.000277042
0.000245094
0.000335932
0.000259161
0.000294209
0.000300407
0.000279903
0.000263691
0.000271797
0.000373125
0.000243187
0.000284433
0.000248194
0.000253201
0.000236988
0.000246525
0.000268936
0.000289679
0.000260830
0.000340462
0.000284672
0.000274181
0.000268221
0.000282288
0.000356197
0.000275135
0.000281334
0.000270605
0.000326157
0.000327587
0.000304937
0.000245094
0.000247478
0.000318766
0.000301600
0.000280619
0.000296116
0.000357866
0.000263691
0.000249147
0.000251532
0.000348091
0.000272036
0.000319958
0.000285864
0.000287294
0.000264406
0.000182390
0.000295401
0.000309944
0.000294685
0.000285625
0.000291109
0.000342369
0.000272274
0.000258446
0.000304222
0.000299931
0.000287533
0.000373840
0.000248194
0.000285149
0.000398874
0.000263453
0.000268698
0.000526905
0.000279188
0.000245810
0.000255823
0.000248432
0.000314474
0.000262499
0.000267267
0.000268698
0.000257254
0.000247478
0.000264406
0.000293016
