0.001305103
0.001220465
0.001403332
0.001375675
0.001397610
0.001372337
0.001470089
0.001409531
0.001212358
0.001280308
0.001360178
0.001411200
0.001372337
0.001413345
0.001364231
0.001365900
0.001395464
0.001377821
0.001404524
0.001425028
0.001484156
0.001338959
0.001344681
0.001357555
0.001365900
0.001432896
0.001413584
0.001307011
0.001509666
0.001354456
0.001274824
0.001288652
0.001479387
0.001483917
0.001342535
0.001277685
0.001398563
0.001481533
0.001330614
0.001412392
0.001303673
0.001403570
0.001370907
0.001130104
0.001318455
0.001378536
0.001330137
0.001356840
0.001363754
0.001302719
0.001273155
0.001398802
0.001377821
0.001425028
0.001183748
0.001297712
0.001245022
0.001267433
0.001292944
0.001293898
0.001447678
0.001456022
0.001160860
0.001312494
0.001395702
0.001428843
0.001252890
0.001324654
0.001231432
0.001352072
0.001374483
0.001350403
0.001234770
0.001326561
0.001379490
0.001535177
0.001284838
0.001331329
0.001290798
0.001410007
0.001317263
0.001426458
0.001200914
0.001428127
0.001437664
0.001307964
0.001281738
0.001378059
0.001420259
0.001444817
0.001342058
0.001240492
0.001399040
0.001408100
0.001206875
0.001425505
0.001249552
0.001480579
0.001263380
0.001484156
