0.011833906
0.002159834
0.002466440
0.002373457
0.002317905
0.002256632
0.002439976
0.002421618
0.002372742
0.002261877
0.002420425
0.002453804
0.002384186
0.002144098
0.002253771
0.002648115
0.002708435
0.002686501
0.002485514
0.014167309
0.002623081
0.002404690
0.002356052
0.002584696
0.002764940
0.002356768
0.002315283
0.002509117
0.002295494
0.002426863
0.002414703
0.002672434
0.002558470
0.002499580
0.002401352
0.002474308
0.002094030
0.002296686
0.002367258
0.002480268
0.002181530
0.002377748
0.002285719
0.014087915
0.011936665
0.002307892
0.002293348
0.002231121
0.002328873
0.002249241
0.002518415
0.002394915
0.002650261
0.002510071
0.002712488
0.013554573
0.002306938
0.002344847
0.002686977
0.002564669
0.002332687
0.013758659
0.002671003
0.013765812
0.002183437
0.002451897
0.002168417
0.002334595
0.002238274
0.002215862
0.002470493
0.002265930
0.002704144
0.002444029
0.002213955
0.002066851
0.002580404
0.002393723
0.002612114
0.002583981
0.002331972
0.002799273
0.002258539
0.002211094
0.002445936
0.012588263
0.002347231
0.002669334
0.002466202
0.012571812
0.002171755
0.013603687
0.002258301
0.013349295
0.002358198
0.002362013
0.002386093
0.002562761
0.002526760
0.002603054
