0.132138014
0.082933426
0.032366991
0.000242472
0.000251532
0.000245094
0.000240803
0.000278234
0.000260830
0.000211477
0.000301600
0.000306845
0.000346661
0.000300646
0.000310183
0.000301600
0.000319004
0.000289917
0.000297546
0.000318289
0.000324965
0.000279903
0.000306606
0.000301600
0.000319481
0.000276327
0.000300169
0.000273466
0.000336409
0.000308275
0.000230551
0.000259638
0.000421286
0.000212431
0.000247955
0.000401258
0.000211954
0.000210762
0.000180960
0.000170231
0.000180483
0.000217438
0.000184774
0.000179052
0.000179529
0.000185490
0.000232697
0.000317574
0.000286579
0.000175476
0.000353336
0.000332355
0.000277042
0.000224352
0.000174046
0.000189781
0.000218153
0.000229836
0.000184298
0.000278473
0.000192881
0.000177145
0.000259876
0.000160933
0.000195503
0.000169992
0.000169277
0.000169516
0.000283241
0.000213623
0.000226259
0.000235558
0.000202656
0.000319004
0.000315905
0.000329733
0.000322342
0.000303030
0.000285387
0.000303984
0.000302792
0.000336170
0.000343084
0.000440836
0.000288963
0.000305653
0.000301361
0.000300884
0.000328302
0.000302076
0.000307322
0.000302792
0.000288248
0.000303507
0.000341415
0.000320196
0.000300646
0.000300646
0.000319004
0.000282526
