0.000401258
0.000355244
0.000268459
0.000314951
0.000296354
0.000313997
0.000347137
0.000286341
0.000319481
0.000304937
0.000318289
0.000315905
0.000319004
0.000344753
0.000318766
0.000372410
0.000331402
0.000318050
0.000324965
0.000295401
0.000341654
0.000350714
0.000325441
0.000315428
0.000410318
0.000367165
0.000330210
0.000311375
0.000300169
0.000348568
0.000310421
0.000379801
0.000389338
0.000342846
0.000331163
0.000303745
0.000367880
0.000345945
0.000298738
0.000356674
0.000334501
0.000353575
0.000312328
0.000311852
0.000327826
0.000358582
0.000332117
0.000311852
0.000334740
0.000376225
0.000306129
0.000311613
0.000315189
0.000301361
0.000311613
0.000324726
0.000306368
0.000342131
0.000305176
0.000501394
0.000325918
0.000319958
0.000329256
0.000330925
0.000331163
0.000301123
0.000371456
0.000316858
0.000344276
0.000328779
0.000339031
0.000337839
0.000301361
0.000334978
0.000341177
0.000320435
0.000317574
0.000345945
0.000329256
0.000348091
0.000311613
0.000313759
0.000314236
0.000343084
0.000315666
0.000320435
0.000325203
0.000308514
0.000341415
0.000306845
0.000339985
0.000319719
0.000329733
0.000313520
0.000328541
0.000333786
0.000291824
0.000306368
0.000363827
0.000310659
