0.000289440
0.000304699
0.000276327
0.000302792
0.000325441
0.000325680
0.000327826
0.000315666
0.000298262
0.000291109
0.000289917
0.000320911
0.000314474
0.000318766
0.000293493
0.000283480
0.000318289
0.000296354
0.000305414
0.000298500
0.000317574
0.000307083
0.000292540
0.000291109
0.000325203
0.000293493
0.000353813
0.000265360
0.000274658
0.000322580
0.000304461
0.000295639
0.000293493
0.000305891
0.000314951
0.000298023
0.000294685
0.000352621
0.000323296
0.000289679
0.000312328
0.000292778
0.000277758
0.000290155
0.000271797
0.000291109
0.000268936
0.000349045
0.000284672
0.000277758
0.000277519
0.000242472
0.000366211
0.000238657
0.000239611
0.000252247
0.000227928
0.000226259
0.000245094
0.000222206
0.000200987
0.000204086
0.000221729
0.000239134
0.000306129
0.000295401
0.000288725
0.000297785
0.000256300
0.000331402
0.000280619
0.000277996
0.000236273
0.000283003
0.000287056
0.000282764
0.000285387
0.000319481
0.000310421
0.000343323
0.000272274
0.000276327
0.000351191
0.000489473
0.000226736
0.000190258
0.000442028
0.000262260
0.000242949
0.000194073
0.000205517
0.000230789
0.000265837
0.000273943
0.000205755
0.000255108
0.000222921
0.000218391
0.000200272
0.000349760
