0.005200624
0.004919052
0.004407883
0.004478455
0.004576445
0.004250526
0.004086733
0.004112482
0.004271030
0.004679918
0.003928423
0.014554739
0.004752874
0.003957033
0.004306316
0.003862858
0.016706944
0.013618946
0.005118370
0.004135370
0.003906488
0.005310297
0.004320145
0.003982544
0.004040241
0.004670620
0.005228519
0.004251480
0.004007816
0.004367828
0.013769865
0.004678488
0.003970146
0.004333496
0.004359722
0.004734278
0.004308701
0.004258156
0.004189730
0.004990578
0.005510569
0.004654646
0.004454374
0.005246639
0.005122900
0.004495621
0.004151583
0.004860878
0.004471302
0.005006552
0.004279852
0.004910469
0.004664421
0.004902840
0.004380465
0.004581690
0.004443884
0.004382610
0.004091263
0.004879713
0.004015207
0.004491091
0.004506588
0.004319191
0.004584551
0.003883362
0.004216433
0.004295826
0.004142046
0.013073444
0.004499435
0.004277706
0.004091263
0.012853861
0.005349398
0.004655838
0.003880024
0.004226685
0.004726410
0.005802631
0.004136562
0.004871368
0.004527330
0.005331039
0.004602194
0.004551172
0.004256248
0.004366159
0.004188061
0.004573822
0.004498959
0.005200386
0.004192114
0.013214588
0.004192352
0.013092041
0.005189896
0.004892111
0.004144192
0.004560709
