0.000413418
0.000296116
0.000258207
0.000397682
0.000318527
0.000318289
0.000406265
0.000373125
0.000391245
0.000382185
0.000338554
0.000368118
0.000338793
0.000449419
0.000392437
0.000392199
0.000379801
0.000357628
0.000379086
0.000343084
0.000334024
0.000334978
0.000335217
0.000396967
0.000343084
0.000369787
0.000314474
0.000358820
0.000413418
0.000398397
0.000432014
0.000427961
0.000403166
0.000454903
0.000369072
0.000379562
0.000392199
0.000337601
0.000365496
0.000351667
0.000390768
0.000387192
0.000396013
0.000433207
0.000357628
0.000375986
0.000366688
0.000347376
0.000481129
0.000395536
0.000391006
0.000385761
0.000399113
0.000378370
0.000332832
0.000347614
0.000375986
0.000362635
0.000384808
0.000398636
0.000360966
0.000388384
0.000351906
0.000424623
0.000401735
0.000364065
0.000388861
0.000359774
0.000399113
0.000392437
0.000397921
0.000401258
0.000428677
0.000406981
0.000397444
0.000396252
0.000391483
0.000430584
0.000454903
0.000409842
0.000356674
0.000369787
0.000372648
0.000420094
0.000390291
0.000415564
0.000421524
0.000377178
0.000413418
0.000379801
0.000394106
0.000376701
0.000411510
0.000416994
0.000389099
0.000394344
0.000375986
0.000359058
0.000425816
0.000394821
