0.000800133
0.000700235
0.000803232
0.000801563
0.000733137
0.000814915
0.000810146
0.000802040
0.000781298
0.000778913
0.000781059
0.000787258
0.000754833
0.000775576
0.000771523
0.000828981
0.000792265
0.000791550
0.000780821
0.000835419
0.000738621
0.000817060
0.000800133
0.000801325
0.000673532
0.000799656
0.000746965
0.000824690
0.000782013
0.000769854
0.000778675
0.000797749
0.000774860
0.000808001
0.000792980
0.000802994
0.000772953
0.000818968
0.000817537
0.000773668
0.000753403
0.000799656
0.000790834
0.000776291
0.000769138
0.000802279
0.000744581
0.000773191
0.000770330
0.000770092
0.000774860
0.000796795
0.000776529
0.000818968
0.000783443
0.000790834
0.000777483
0.000800133
0.000779152
0.000780821
0.000761271
0.000794172
0.000794411
0.000815630
0.000758648
0.000784874
0.000768900
0.000785828
0.000763893
0.000779390
0.000792742
0.000782728
0.000752211
0.000785112
0.000780821
0.000792742
0.000764847
0.000787973
0.000776768
0.000780106
0.000774145
0.000791311
0.000784874
0.000795841
0.000754118
0.000813484
0.000778198
0.000782967
0.000745773
0.000751257
0.000756264
0.000812531
0.000771761
0.000795126
0.000758886
0.000795603
0.000777960
0.000794172
0.000778913
0.000807524
