0.000290632
0.000299931
0.000290155
0.000318766
0.000342369
0.000258923
0.000338078
0.000319004
0.000302315
0.000297070
0.000310183
0.000293255
0.000318527
0.000277519
0.000285149
0.000293970
0.000331879
0.000306129
0.000302792
0.000413418
0.000296831
0.000306129
0.000290394
0.000324011
0.000304937
0.000296116
0.000303030
0.000291109
0.000273466
0.000312328
0.000286579
0.000284195
0.000281811
0.000295162
0.000315666
0.000305891
0.000334740
0.000283718
0.000311613
0.000269651
0.000293016
0.000274658
0.000323772
0.000289917
0.000302076
0.000289917
0.000300884
0.000295401
0.000304937
0.000277996
0.000296831
0.000309229
0.000279903
0.000330925
0.000312805
0.000296354
0.000324965
0.000283003
0.000303268
0.000312090
0.000309467
0.000300884
0.000311852
0.000294447
0.000331640
0.000290632
0.000315666
0.000318050
0.000303507
0.000296831
0.000300407
0.000273943
0.000266790
0.000263691
0.000290871
0.000293016
0.000313997
0.000326633
0.000334501
0.000437021
0.000310659
0.000313282
0.000325203
0.000276089
0.000285149
0.000301361
0.000298262
0.000289202
0.000316620
0.000312805
0.000334024
0.000312328
0.000346899
0.000282526
0.000291109
0.000296831
0.000323772
0.000299931
0.000296116
0.000296116
