0.000378370
0.000286341
0.000308514
0.000344038
0.000350475
0.000359774
0.000405312
0.000338078
0.000336409
0.000373363
0.000332594
0.000360250
0.000332117
0.000380993
0.000392914
0.000364304
0.000335693
0.000318289
0.000369787
0.000337601
0.000358343
0.000380993
0.000302792
0.000383139
0.000352383
0.000335932
0.000321150
0.000386477
0.000326395
0.000380278
0.000324965
0.000329971
0.000355721
0.000382185
0.000308752
0.000349522
0.000395060
0.000334501
0.000328541
0.000345230
0.000328302
0.000363111
0.000326157
0.000352144
0.000328302
0.000365734
0.000364304
0.000337601
0.000347614
0.000365019
0.000379801
0.000338793
0.000318050
0.000354290
0.000340223
0.000347614
0.000322819
0.000338793
0.000337124
0.000436783
0.000304222
0.000337362
0.000320673
0.000323772
0.000318527
0.000386953
0.000328541
0.000287533
0.000352621
0.000324011
0.000329494
0.000368357
0.000363588
0.000353575
0.000340223
0.000342369
0.000303030
0.000315905
0.000339031
0.000339985
0.000335932
0.000320911
0.000288486
0.000330448
0.000334978
0.000356436
0.000288963
0.000299454
0.000319958
0.000322819
0.000335455
0.000335455
0.000325680
0.000319719
0.000344753
0.000435829
0.000336885
0.000325680
0.000322342
0.000349522
