0.014590502
0.007984400
0.008402109
0.008486271
0.008358240
0.008083105
0.008624315
0.009067297
0.008385420
0.008229256
0.008183718
0.013489723
0.008165598
0.016144276
0.009035349
0.008668661
0.008053064
0.008233309
0.009594679
0.016516447
0.008631468
0.007387161
0.008182287
0.008587122
0.009091616
0.009055614
0.016149044
0.008888245
0.008832216
0.015853643
0.008051157
0.008793354
0.008647203
0.008867264
0.008853912
0.008109093
0.008877516
0.009508848
0.008511066
0.008514404
0.009329319
0.009074688
0.008669376
0.008519888
0.008744001
0.014702797
0.008197784
0.009143114
0.008471489
0.009127378
0.016861200
0.008210897
0.007930994
0.008840322
0.008994579
0.009098530
0.008626223
0.008811235
0.008921623
0.009240150
0.008789301
0.009231806
0.008821726
0.008939266
0.008726358
0.009142160
0.008788347
0.007879734
0.008792877
0.008495331
0.007859230
0.018433571
0.008298397
0.008831501
0.008857489
0.008075953
0.008556366
0.008961916
0.009193897
0.009514332
0.008870125
0.009174824
0.008885145
0.008520365
0.008599281
0.008492470
0.008857727
0.009393930
0.016551495
0.007753611
0.007921934
0.008367300
0.008840084
0.009205103
0.008523703
0.008386135
0.008078814
0.008287668
0.008081436
0.008382082
