0.000693798
0.000622749
0.000731230
0.000749588
0.000643015
0.000729561
0.000734091
0.000691414
0.000736475
0.000753403
0.000745773
0.000736237
0.000669479
0.000752211
0.000673532
0.000648260
0.000701427
0.000743151
0.000669003
0.000711918
0.000661850
0.000766039
0.000695229
0.000765085
0.000485420
0.000691652
0.000657558
0.000680208
0.000618219
0.000670433
0.000660896
0.000767469
0.000660181
0.000752687
0.000652552
0.000740051
0.000701189
0.000751019
0.000695705
0.000746965
0.000715494
0.000746012
0.000698090
0.000741005
0.000650883
0.000561953
0.000686646
0.000776291
0.000673532
0.000706196
0.000691175
0.000760317
0.000732183
0.000754833
0.000697613
0.000696182
0.000702620
0.000715017
0.000632048
0.000780106
0.000738859
0.000682116
0.000671387
0.000715017
0.000732899
0.000745296
0.000730038
0.000758648
0.000731468
0.000733614
0.000720978
0.000729561
0.000715017
0.000677347
0.000686646
0.000678778
0.000640154
0.000735521
0.000672817
0.000714779
0.000727415
0.000711203
0.000797749
0.000737667
0.000683308
0.000648499
0.000626802
0.000656128
0.000766993
0.000778675
0.000680208
0.000695229
0.000727892
0.000721931
0.000754595
0.000688076
0.000761986
0.000753403
0.000727892
0.000711918
