0.000246286
0.000267029
0.000364304
0.000262976
0.000265360
0.000282049
0.000237226
0.000262022
0.000271082
0.000268698
0.000315905
0.000253677
0.000267506
0.000263453
0.000289679
0.000308990
0.000263453
0.000273466
0.000277281
0.000279665
0.000277996
0.000278950
0.000267982
0.000282288
0.000249624
0.000323534
0.000265598
0.000263929
0.000276327
0.000269890
0.000277996
0.000269413
0.000261545
0.000247002
0.000240088
0.000267744
0.000250340
0.000278234
0.000243425
0.000254154
0.000262737
0.000272512
0.000266552
0.000302315
0.000333786
0.000265121
0.000501156
0.000280142
0.000264645
0.000273943
0.000276327
0.000260830
0.000263929
0.000265598
0.000281572
0.000242710
0.000294447
0.000251532
0.000260115
0.000319004
0.000271320
0.000277281
0.000275850
0.000279188
0.000263453
0.000259161
0.000258446
0.000257730
0.000254393
0.000252962
0.000252247
0.000252247
0.000232458
0.000253916
0.000251532
0.000284672
0.000259161
0.000295639
0.000253201
0.000262737
0.000254869
0.000270128
0.000261068
0.000252485
0.000228882
0.000261545
0.000258923
0.000239849
0.000251532
0.000228167
0.000276804
0.000240564
0.000269413
0.000225544
0.000256300
0.000250816
0.000254393
0.000251055
0.000254393
0.000239372
