0.000278473
0.000225782
0.000287771
0.000250340
0.000262499
0.000251293
0.000264406
0.000251532
0.000252008
0.000252247
0.000272274
0.000248194
0.000226259
0.000270128
0.000266314
0.000227451
0.000290394
0.000248432
0.000294447
0.000262737
0.000260353
0.000303030
0.000355005
0.000215530
0.000301361
0.000200272
0.000215054
0.000205517
0.000458241
0.000474691
0.000200510
0.000193357
0.000154972
0.000179291
0.000290394
0.000257254
0.000243425
0.000182390
0.000209808
0.000168085
0.000208139
0.000271320
0.000295162
0.000305891
0.000280619
0.000358820
0.000297785
0.000249863
0.000308275
0.000444412
0.000315905
0.000272989
0.000227690
0.000268936
0.000265598
0.000307798
0.000277519
0.000274897
0.000252008
0.000275373
0.000268936
0.000282288
0.000262022
0.000286818
0.000271797
0.000281572
0.000262260
0.000273466
0.000271082
0.000272512
0.000273943
0.000268459
0.000269890
0.000271082
0.000275135
0.000273466
0.000273943
0.000263691
0.000285387
0.000287056
0.000272751
0.000254393
0.000277758
0.000263691
0.000256538
0.000289202
0.000261307
0.000253201
0.000251532
0.000253677
0.000252724
0.000253677
0.000252724
0.000252724
0.000258207
0.000253439
0.000254393
0.000258923
0.000259876
0.000238895
