0.000246048
0.000301600
0.000218153
0.000233412
0.000286579
0.000303268
0.000300884
0.000280142
0.000239611
0.000234604
0.000346661
0.000240803
0.000268459
0.000245094
0.000245571
0.000219107
0.000220776
0.000239372
0.000289202
0.000382662
0.000261784
0.000298262
0.000250578
0.000234365
0.000234842
0.000287771
0.000289917
0.000238895
0.000233650
0.000291109
0.000299692
0.000236273
0.000286579
0.000298738
0.000303984
0.000301600
0.000244379
0.000303507
0.000288010
0.000314713
0.000277758
0.000288486
0.000301600
0.000265598
0.000289917
0.000303745
0.000279188
0.000301838
0.000253201
0.000266790
0.000300407
0.000235558
0.000211239
0.000236988
0.000289202
0.000301838
0.000238180
0.000238657
0.000300884
0.000235558
0.000239849
0.000312090
0.000302792
0.000252247
0.000236750
0.000269651
0.000237703
0.000301600
0.000344753
0.000236511
0.000289679
0.000264406
0.000233173
0.000301123
0.000264645
0.000363350
0.000232935
0.000224352
0.000288248
0.000327349
0.000280857
0.000255823
0.000284195
0.000271559
0.000254869
0.000269890
0.000269651
0.000266790
0.000303745
0.000267982
0.000270605
0.000268221
0.000265360
0.000272989
0.000268459
0.000272751
0.000270367
0.000259876
0.000280142
0.000276089
