0.062021732
0.012713909
0.000165462
0.000183582
0.000212431
0.000283957
0.000262737
0.000271797
0.000264168
0.000212193
0.000266552
0.000266075
0.000265598
0.000264406
0.000264406
0.000275612
0.000296354
0.000260830
0.000262260
0.000264645
0.000265837
0.000251770
0.000267744
0.000268936
0.000261784
0.000225544
0.000204802
0.000193119
0.000218153
0.000256062
0.000239372
0.000230074
0.000208378
0.000220299
0.000246286
0.000290871
0.000258923
0.000264645
0.000273228
0.000259876
0.000220299
0.000248194
0.000241041
0.000248432
0.000249624
0.000235081
0.000250101
0.000259876
0.000252724
0.000254393
0.000252485
0.000253677
0.000256062
0.000253677
0.000324965
0.000249386
0.000251293
0.000258923
0.000267982
0.000259399
0.000251293
0.000251532
0.000248671
0.000249624
0.000293970
0.000246763
0.000250340
0.000249624
0.000247955
0.000203609
0.000253201
0.000250340
0.000242710
0.000257492
0.000258923
0.000261307
0.000305653
0.000249386
0.000265360
0.000263214
0.000260830
0.000264883
0.000254631
0.000251770
0.000251293
0.000252008
0.000252724
0.000252247
0.000253439
0.000252724
0.000264406
0.000251532
0.000252485
0.000251770
0.000255108
0.000252247
0.000259876
0.000252962
0.000253439
0.000223160
