0.000247002
0.000252485
0.000240326
0.000277996
0.000275612
0.000250816
0.000277519
0.000258446
0.000261068
0.000254869
0.000245810
0.000245571
0.000247002
0.000233412
0.000271320
0.000261545
0.000273228
0.000272274
0.000292778
0.000273228
0.000263929
0.000258207
0.000261307
0.000241041
0.000271797
0.000263453
0.000262260
0.000296116
0.000263453
0.000276804
0.000269890
0.000255585
0.000290871
0.000263929
0.000270367
0.000265598
0.000267267
0.000299454
0.000261784
0.000276089
0.000265360
0.000265360
0.000296831
0.000288486
0.000266314
0.000242710
0.000264406
0.000266075
0.000264883
0.000271320
0.000275373
0.000264645
0.000242472
0.000271797
0.000267267
0.000266075
0.000267267
0.000291109
0.000267506
0.000333786
0.000291348
0.000250340
0.000279427
0.000266314
0.000276566
0.000259399
0.000256300
0.000297070
0.000221968
0.000277996
0.000217199
0.000261784
0.000235796
0.000293970
0.000241995
0.000260353
0.000252485
0.000259876
0.000259638
0.000252724
0.000233173
0.000226259
0.000256062
0.000261545
0.000260592
0.000242472
0.000274420
0.000261545
0.000280142
0.000443697
0.000273705
0.000255108
0.000255585
0.000210285
0.000252724
0.000224113
0.000260830
0.000252724
0.000258207
0.000270367
