0.001363993
0.001395941
0.001364946
0.001323462
0.001191616
0.001323700
0.001306295
0.001308918
0.001375437
0.001336336
0.001269102
0.001285791
0.001313686
0.001256466
0.001240969
0.001275539
0.001312971
0.001258135
0.001411438
0.001257658
0.001293421
0.001298189
0.001273155
0.001231670
0.001132727
0.001219988
0.001277208
0.001236916
0.001268864
0.001407146
0.001199484
0.001210928
0.001181602
0.001191139
0.001207352
0.001254320
0.001287699
0.001471996
0.001199722
0.001247883
0.001268148
0.001214027
0.001363277
0.001406193
0.001297712
0.001291513
0.001327753
0.001295805
0.001272202
0.001357317
0.001231909
0.001233816
0.001352787
0.001218557
0.001297951
0.001244545
0.001253605
0.001400232
0.001277208
0.001273394
0.001248360
0.001297951
0.001208067
0.001364231
0.001224756
0.001274586
0.001299381
0.001261473
0.001225471
0.001273155
0.001247168
0.001319885
0.001291275
0.001403093
0.001250029
0.001378059
0.001264334
0.001222610
0.001181602
0.001198530
0.001199007
0.001313448
0.001270533
0.001286745
0.001266241
0.001282454
0.001274347
0.001255512
0.001207352
0.001248121
0.001306534
0.001323938
0.001202106
0.001190901
0.001186848
0.001140594
0.001172066
0.001132965
0.001251936
0.001332045
