0.006363869
0.008731842
0.006703854
0.014462233
0.006676912
0.006864071
0.007054567
0.006848335
0.015317440
0.013694763
0.006881475
0.007152081
0.007704735
0.007232666
0.007673025
0.016597271
0.007025719
0.007042170
0.014935017
0.008383036
0.007174969
0.007174015
0.007465363
0.008443832
0.007558346
0.007380009
0.007552147
0.007848978
0.007405043
0.014254808
0.007649422
0.007040262
0.007136822
0.006878138
0.007388592
0.006690741
0.007584572
0.007169485
0.007217407
0.006638765
0.006998777
0.006877422
0.007475138
0.007355213
0.017012119
0.007352352
0.007646322
0.007484198
0.007495642
0.007635832
0.007802486
0.007363796
0.007328510
0.008174419
0.007308006
0.007206678
0.006560802
0.007071495
0.007317781
0.007383347
0.006620884
0.007545710
0.006518841
0.006777287
0.006568432
0.006842852
0.007108688
0.006535769
0.015464306
0.006754875
0.007112026
0.006697893
0.006786108
0.006716490
0.007470369
0.006923676
0.006517887
0.006661415
0.007993221
0.006829500
0.007284403
0.006800890
0.007207870
0.007321119
0.006864071
0.007124901
0.007721901
0.007223368
0.014647007
0.006683350
0.006809235
0.006678104
0.006302357
0.007471561
0.007013798
0.006856918
0.006776333
0.006579161
0.007472515
0.006724596
