0.000311852
0.000269651
0.000291824
0.000311613
0.000318050
0.000302792
0.000333071
0.000337362
0.000281096
0.000314474
0.000308037
0.000311375
0.000334501
0.000293493
0.000293732
0.000333786
0.000303268
0.000290394
0.000315666
0.000288486
0.000285387
0.000295639
0.000286818
0.000334501
0.000283480
0.000318289
0.000305414
0.000314474
0.000252008
0.000343323
0.000308990
0.000304461
0.000303507
0.000348330
0.000292063
0.000299931
0.000302792
0.000304222
0.000313520
0.000331879
0.000275850
0.000315189
0.000370741
0.000239849
0.000284433
0.000292778
0.000290871
0.000314474
0.000316143
0.000271559
0.000256538
0.000361204
0.000277281
0.000282764
0.000320196
0.000240326
0.000314236
0.000304461
0.000306129
0.000443459
0.000331163
0.000269651
0.000271320
0.000270367
0.000273943
0.000270367
0.000269890
0.000272512
0.000306129
0.000299931
0.000270367
0.000269890
0.000287294
0.000295639
0.000264168
0.000280142
0.000273228
0.000305176
0.000273943
0.000280142
0.000271559
0.000268936
0.000271797
0.000270844
0.000267744
0.000268936
0.000305653
0.000270367
0.000273466
0.000255346
0.000271797
0.000267982
0.000268936
0.000271559
0.000270128
0.000316620
0.000268459
0.000269175
0.000276089
0.000317812
