0.002042770
0.001940966
0.012826681
0.001554728
0.001978397
0.001730204
0.001833200
0.001999140
0.011523724
0.002011299
0.001956940
0.001826048
0.002080679
0.002026081
0.002002716
0.002106190
0.002075434
0.001853943
0.001970291
0.002146006
0.002266645
0.001965523
0.001978874
0.002142191
0.001665831
0.001985312
0.002399921
0.001983643
0.002302408
0.002034426
0.002000332
0.002062321
0.002000332
0.002160788
0.001699448
0.001979113
0.002227306
0.001716614
0.002320766
0.001989365
0.001865625
0.001938581
0.001980782
0.002019882
0.002169371
0.002239466
0.002115488
0.002046824
0.002147198
0.002032042
0.002110243
0.001994133
0.002112389
0.002166510
0.001888037
0.001869917
0.002101421
0.002291441
0.002019882
0.002154589
0.002159834
0.002089977
0.002321243
0.002288580
0.012433529
0.002191544
0.002445936
0.002230644
0.002018690
0.002187490
0.002172232
0.002270460
0.002139807
0.001997232
0.002135277
0.002042294
0.002199173
0.002159119
0.002031565
0.002091885
0.002224684
0.012654066
0.002278328
0.002075672
0.002011538
0.002148390
0.002064705
0.001986504
0.001921892
0.001816511
0.002223730
0.002257347
0.002068043
0.001992226
0.002068281
0.002008438
0.002138138
0.002216578
0.002029657
0.002251625
