0.021633863
0.014857531
0.013067007
0.024679184
0.024427652
0.027697325
0.014694691
0.014472246
0.013843060
0.014337540
0.013371229
0.015300035
0.015469074
0.026464462
0.013859987
0.013524532
0.021507502
0.015343666
0.013620615
0.015388250
0.012784958
0.033022404
0.014340401
0.014973640
0.021301031
0.012695074
0.013233423
0.013835907
0.014559984
0.015308142
0.013500452
0.022325039
0.012541056
0.013257265
0.014122248
0.012985468
0.015623808
0.033358097
0.015319586
0.013895750
0.014927387
0.023370981
0.015030146
0.021155834
0.012831450
0.014920473
0.020563364
0.020833731
0.013295889
0.013448000
0.015357256
0.013744116
0.024989843
0.030567408
0.020028830
0.013867617
0.014975071
0.015057564
0.015199423
0.014845133
0.014770508
0.014238834
0.014731169
0.021434784
0.015741348
0.013046741
0.013748169
0.013286352
0.020975351
0.013066769
0.015348673
0.013744831
0.014248371
0.023076773
0.013731003
0.021005630
0.015205622
0.014197588
0.013274908
0.015040636
0.014664412
0.014410734
0.014626265
0.013901949
0.015478373
0.022556543
0.012711048
0.014395714
0.015038967
0.014669895
0.023942471
0.014900684
0.014462709
0.014707088
0.021367788
0.015241385
0.014823914
0.015362024
0.015661955
0.021698236
