0.015308380
0.007891655
0.007701397
0.008432388
0.007693529
0.008015156
0.007736921
0.008240938
0.007484436
0.008100510
0.008092165
0.013828754
0.008867264
0.016082048
0.008942127
0.008621216
0.007998228
0.008213520
0.009531736
0.016653776
0.008488417
0.007966518
0.008857489
0.008444071
0.008923769
0.008949757
0.017078161
0.008882523
0.008817196
0.015623093
0.008013725
0.008801222
0.008630753
0.008784294
0.008779526
0.008823872
0.008738279
0.009387255
0.008440971
0.008465528
0.009279728
0.009029388
0.008605003
0.008492231
0.008695602
0.014247417
0.008063316
0.009071350
0.008341789
0.009057999
0.016561270
0.008070230
0.008578062
0.008711100
0.008902550
0.008973122
0.008547544
0.008687019
0.008785725
0.008362293
0.007931709
0.009030104
0.008767605
0.008880854
0.008642435
0.009157896
0.008055210
0.008687258
0.008786917
0.008404255
0.008447647
0.018299818
0.008133650
0.007861137
0.008710146
0.008830070
0.008383989
0.008802652
0.009014368
0.009362221
0.008679152
0.008967638
0.008690834
0.008313894
0.008387089
0.008347750
0.008731127
0.009310007
0.016399860
0.008375883
0.007758856
0.008213520
0.008656502
0.009051800
0.008369446
0.008211851
0.007929087
0.008097172
0.007883549
0.008275986
