0.000320673
0.000320911
0.000255346
0.000316143
0.000303745
0.000306129
0.000225544
0.000347853
0.000304461
0.000300884
0.000296116
0.000337124
0.000297546
0.000335932
0.000314713
0.000333786
0.000313997
0.000280380
0.000288248
0.000341177
0.000292540
0.000322819
0.000288963
0.000322819
0.000333786
0.000307560
0.000227213
0.000296831
0.000298738
0.000313282
0.000314713
0.000289440
0.000281811
0.000316381
0.000290871
0.000322342
0.000311136
0.000332355
0.000318050
0.000312567
0.000351906
0.000305414
0.000331640
0.000295401
0.000302076
0.000355005
0.000340939
0.000337362
0.000348806
0.000336170
0.000319004
0.000274897
0.000313759
0.000320196
0.000304461
0.000345707
0.000341415
0.000328064
0.000332117
0.000463009
0.000314474
0.000308990
0.000328064
0.000298500
0.000305414
0.000363350
0.000317335
0.000309706
0.000321150
0.000315905
0.000309944
0.000356197
0.000319719
0.000387907
0.000341654
0.000308514
0.000339031
0.000411749
0.000316858
0.000281096
0.000318527
0.000375748
0.000334263
0.000319242
0.000339031
0.000287294
0.000310421
0.000339985
0.000315666
0.000576019
0.000319242
0.000311613
0.000326395
0.000309229
0.000310898
0.000306129
0.000308037
0.000328779
0.000306845
0.000331640
