0.000339031
0.000349283
0.000276804
0.000308514
0.000290632
0.000304222
0.000344753
0.000286102
0.000324488
0.000310898
0.000318050
0.000307083
0.000304461
0.000332832
0.000308752
0.000373363
0.000302553
0.000302076
0.000307322
0.000290394
0.000324488
0.000334024
0.000309944
0.000307083
0.000380039
0.000346661
0.000320673
0.000315428
0.000297785
0.000356913
0.000318050
0.000377417
0.000367403
0.000311136
0.000314713
0.000302315
0.000351429
0.000319958
0.000291348
0.000345707
0.000344753
0.000333071
0.000305414
0.000314713
0.000320196
0.000391960
0.000329733
0.000309467
0.000331640
0.000362873
0.000291348
0.000304937
0.000304461
0.000292540
0.000301361
0.000323296
0.000297785
0.000338554
0.000296593
0.000491619
0.000336170
0.000313520
0.000303984
0.000346422
0.000315905
0.000300884
0.000355959
0.000300646
0.000361919
0.000321865
0.000325203
0.000339508
0.000310898
0.000324726
0.000341654
0.000326157
0.000319481
0.000336885
0.000325680
0.000348330
0.000282049
0.000318050
0.000324249
0.000334740
0.000311613
0.000311613
0.000328541
0.000305176
0.000350952
0.000306368
0.000356674
0.000303745
0.000309229
0.000295639
0.000308990
0.000297546
0.000292063
0.000300169
0.000323534
0.000320673
