0.000806332
0.000659704
0.000792265
0.000800133
0.000774622
0.000804901
0.000812769
0.000800848
0.000786781
0.000736475
0.000715017
0.000776768
0.000765800
0.000762224
0.000741482
0.000843048
0.000761509
0.000780821
0.000766754
0.000809669
0.000738144
0.000818491
0.000791788
0.000789642
0.000674725
0.000788689
0.000736237
0.000821829
0.000745296
0.000763416
0.000769138
0.000789642
0.000785351
0.000792027
0.000742435
0.000787258
0.000719786
0.000802279
0.000798941
0.000751734
0.000744581
0.000786066
0.000767708
0.000767946
0.000754595
0.000782967
0.000715494
0.000758171
0.000737667
0.000769138
0.000744581
0.000774622
0.000744581
0.000773907
0.000763178
0.000780344
0.000761986
0.000780344
0.000749111
0.000761271
0.000743151
0.000776052
0.000767469
0.000790358
0.000737906
0.000771046
0.000747442
0.000761747
0.000679016
0.000698566
0.000779390
0.000764132
0.000735760
0.000770092
0.000755787
0.000778913
0.000740051
0.000772238
0.000800133
0.000761271
0.000757217
0.000774622
0.000768423
0.000779629
0.000733852
0.000796556
0.000746489
0.000782013
0.000717163
0.000728130
0.000737906
0.000795841
0.000731707
0.000780821
0.000749350
0.000766277
0.000759363
0.000779390
0.000752211
0.000777483
