0.000273705
0.000324488
0.000298023
0.000317335
0.000318766
0.000281572
0.000331163
0.000293255
0.000305414
0.000311852
0.000296593
0.000295639
0.000315905
0.000292063
0.000293255
0.000290394
0.000334978
0.000298262
0.000300169
0.000415087
0.000317335
0.000310183
0.000319958
0.000303030
0.000320196
0.000328064
0.000295162
0.000312090
0.000277281
0.000305891
0.000312805
0.000315428
0.000303030
0.000312090
0.000296354
0.000286341
0.000356197
0.000292778
0.000346661
0.000270128
0.000305891
0.000287533
0.000290394
0.000265837
0.000319481
0.000313759
0.000304461
0.000319242
0.000322580
0.000283480
0.000304222
0.000310659
0.000256777
0.000329733
0.000310898
0.000302792
0.000323534
0.000292063
0.000288010
0.000292540
0.000335217
0.000329733
0.000330925
0.000316620
0.000335217
0.000317574
0.000321388
0.000313997
0.000292301
0.000296354
0.000300884
0.000274897
0.000292063
0.000263691
0.000304222
0.000292063
0.000308514
0.000313044
0.000326633
0.000444651
0.000329256
0.000334024
0.000368595
0.000293255
0.000301600
0.000325441
0.000339746
0.000313044
0.000336885
0.000309944
0.000355959
0.000315905
0.000364780
0.000302076
0.000322819
0.000271797
0.000324249
0.000315428
0.000316620
0.000302792
