0.000271797
0.000295401
0.000258446
0.000302553
0.000287771
0.000316620
0.000329733
0.000321388
0.000289440
0.000289917
0.000285625
0.000314951
0.000350237
0.000321865
0.000300407
0.000292301
0.000318289
0.000301600
0.000303268
0.000308752
0.000325441
0.000298500
0.000285387
0.000283718
0.000304222
0.000293732
0.000361204
0.000271797
0.000267267
0.000295401
0.000285625
0.000278950
0.000278234
0.000272512
0.000300884
0.000288486
0.000303507
0.000377178
0.000323296
0.000298500
0.000301361
0.000293970
0.000284433
0.000291109
0.000278950
0.000291586
0.000253916
0.000355244
0.000275135
0.000275135
0.000281334
0.000246763
0.000378609
0.000240564
0.000237465
0.000256538
0.000226736
0.000218630
0.000247240
0.000231028
0.000208139
0.000213623
0.000228643
0.000243425
0.000284910
0.000302792
0.000297785
0.000297785
0.000272036
0.000327826
0.000283718
0.000262260
0.000231981
0.000300407
0.000300646
0.000280380
0.000286579
0.000322342
0.000332355
0.000337362
0.000246525
0.000286341
0.000364304
0.000482082
0.000216484
0.000190020
0.000446796
0.000265598
0.000242233
0.000193596
0.000210285
0.000254393
0.000268936
0.000266075
0.000206232
0.000259638
0.000232697
0.000221491
0.000210285
0.000361919
