0.000284195
0.000563622
0.000340939
0.000279903
0.000302315
0.000307322
0.000272036
0.000308990
0.000286818
0.000556707
0.000293255
0.000310421
0.000308752
0.000312805
0.000331640
0.000310183
0.000305653
0.000294209
0.000290871
0.000293016
0.000246525
0.000247478
0.000342607
0.000263453
0.000305414
0.000315905
0.000339508
0.000309229
0.000303507
0.000288248
0.000308037
0.000314474
0.000296354
0.000207424
0.000289679
0.000256538
0.000264168
0.000271320
0.000293493
0.000333786
0.000560522
0.000257254
0.000303507
0.000265837
0.000349760
0.000270844
0.000272512
0.000248432
0.000261068
0.000383377
0.000311852
0.000288010
0.000293732
0.000273466
0.000266790
0.000296354
0.000308514
0.000335932
0.000296593
0.000252247
0.000213623
0.000264168
0.000246286
0.000262737
0.000570536
0.000223160
0.000169992
0.000134706
0.000228405
0.000226259
0.000225544
0.000215769
0.000325203
0.000223875
0.000169754
0.000220060
0.000250101
0.000212193
0.000191689
0.000271797
0.000181675
0.000218868
0.000246763
0.000174046
0.000260115
0.000248671
0.000212908
0.000300407
0.000173330
0.000175714
0.000263691
0.000297546
0.000338554
0.000292063
0.000293970
0.000295639
0.000306129
0.000271797
0.000367880
0.000290155
