0.011823416
0.002180815
0.002492428
0.002373695
0.002317429
0.002254486
0.002432585
0.002403736
0.002360582
0.002241850
0.002416849
0.002409935
0.002377748
0.002055407
0.002250671
0.002657890
0.002576590
0.002694368
0.002488136
0.014143467
0.002619743
0.002360106
0.002312899
0.002618313
0.002796650
0.002376795
0.002240658
0.002563000
0.002320528
0.002448082
0.002440929
0.002605915
0.002569199
0.002575874
0.002485752
0.002462864
0.002192497
0.002307177
0.002311230
0.002466202
0.002245426
0.002373695
0.002272606
0.014074802
0.011975288
0.002300739
0.002289057
0.002219915
0.002334833
0.002327442
0.002416611
0.002309084
0.002588034
0.002402306
0.002611637
0.013574600
0.002328873
0.002436876
0.002698183
0.002564430
0.002359390
0.013386488
0.002659559
0.013667345
0.002086163
0.002552986
0.002063990
0.002324104
0.002214909
0.002206326
0.002369165
0.002144337
0.002673149
0.002493858
0.002290487
0.002045631
0.002539873
0.002381325
0.002578735
0.002582312
0.002351284
0.002717972
0.002244711
0.002211094
0.002357960
0.001747131
0.002360106
0.002603292
0.002499819
0.012587070
0.002196312
0.013643742
0.002304316
0.013303995
0.002321959
0.002339125
0.002367496
0.002533913
0.002563953
0.002626419
