0.132123947
0.082921982
0.032332659
0.000238657
0.000257254
0.000245810
0.000244379
0.000287533
0.000269175
0.000205278
0.000279903
0.000302315
0.000338554
0.000300646
0.000310183
0.000298977
0.000309706
0.000281572
0.000307798
0.000321865
0.000313759
0.000281811
0.000294685
0.000301600
0.000311375
0.000273466
0.000300169
0.000293016
0.000342369
0.000322104
0.000223637
0.000249863
0.000421762
0.000246525
0.000234365
0.000345945
0.000213861
0.000189781
0.000167847
0.000162363
0.000174284
0.000250101
0.000184298
0.000176907
0.000180960
0.000188351
0.000218630
0.000309467
0.000257730
0.000195265
0.000355482
0.000330210
0.000271559
0.000235081
0.000188828
0.000205517
0.000212669
0.000225544
0.000181198
0.000266552
0.000192881
0.000190020
0.000259876
0.000182629
0.000202179
0.000187159
0.000173569
0.000193596
0.000286341
0.000216722
0.000226974
0.000228882
0.000207424
0.000324011
0.000315905
0.000334740
0.000332355
0.000298977
0.000291348
0.000304699
0.000325918
0.000351906
0.000323057
0.000441790
0.000288963
0.000309706
0.000314713
0.000293970
0.000326872
0.000303984
0.000304937
0.000298977
0.000305891
0.000304699
0.000342846
0.000320196
0.000300646
0.000300646
0.000323296
0.000286818
