0.000388384
0.000285149
0.000287294
0.000332594
0.000340939
0.000348091
0.000375271
0.000354767
0.000344038
0.000366211
0.000342369
0.000371695
0.000333309
0.000382185
0.000393629
0.000364780
0.000352859
0.000331163
0.000369310
0.000324488
0.000358343
0.000381708
0.000308752
0.000381947
0.000353098
0.000362396
0.000296116
0.000393391
0.000365019
0.000396013
0.000341892
0.000333309
0.000364542
0.000350952
0.000310183
0.000356913
0.000367403
0.000363111
0.000339746
0.000334263
0.000336170
0.000368595
0.000343084
0.000362873
0.000337124
0.000348806
0.000375986
0.000351191
0.000365257
0.000366926
0.000367880
0.000353336
0.000338793
0.000376940
0.000347137
0.000362158
0.000336409
0.000334978
0.000332594
0.000446081
0.000312090
0.000345469
0.000338554
0.000342846
0.000354052
0.000381231
0.000350475
0.000300646
0.000355959
0.000334978
0.000340223
0.000369549
0.000331879
0.000335932
0.000329971
0.000371933
0.000315905
0.000356674
0.000342131
0.000343561
0.000339508
0.000298738
0.000289440
0.000298262
0.000331879
0.000388861
0.000276089
0.000308275
0.000351191
0.000340462
0.000332832
0.000338554
0.000341177
0.000344753
0.000363827
0.000409842
0.000319958
0.000307560
0.000308752
0.000349522
