0.005179644
0.004886627
0.004386187
0.004463911
0.004548788
0.004202366
0.004050732
0.004033566
0.004271746
0.004635096
0.003832340
0.014299393
0.004724503
0.004263163
0.004278660
0.003815889
0.016708136
0.013682842
0.005048275
0.004106045
0.003854036
0.005272388
0.004652023
0.004328966
0.004403830
0.004622698
0.005204916
0.004226446
0.003992558
0.004352808
0.013723612
0.004639626
0.003962278
0.004329205
0.004355431
0.004729986
0.004308701
0.003947973
0.003832817
0.004954815
0.005503654
0.004595280
0.004399538
0.005206823
0.005069256
0.004452229
0.004133224
0.004844427
0.004435301
0.004956961
0.004243851
0.004892111
0.004647493
0.004874945
0.004338264
0.004264832
0.004415989
0.004705191
0.004351377
0.004553795
0.004264116
0.004443884
0.004437685
0.004675150
0.004532099
0.004230261
0.004531384
0.004247427
0.004460812
0.012933016
0.004830360
0.004602194
0.004066706
0.012553692
0.005680561
0.004610777
0.004208565
0.004582644
0.004707813
0.005736828
0.004108667
0.004562855
0.004496336
0.005305290
0.004328728
0.004538774
0.003909588
0.004026413
0.003920794
0.004235268
0.004149199
0.004879951
0.003936052
0.013231277
0.004205942
0.012819767
0.005167723
0.004842758
0.003816128
0.004529238
