0.000432253
0.000323772
0.000266790
0.000378847
0.000339746
0.000328064
0.000414371
0.000368595
0.000376701
0.000390291
0.000335455
0.000340939
0.000335932
0.000412226
0.000380039
0.000347376
0.000364780
0.000345230
0.000372171
0.000331879
0.000332832
0.000329256
0.000331402
0.000355005
0.000359297
0.000331163
0.000319958
0.000365973
0.000372171
0.000378847
0.000367641
0.000384092
0.000376463
0.000405312
0.000360489
0.000343800
0.000366449
0.000329018
0.000349283
0.000331879
0.000376701
0.000379801
0.000376225
0.000404358
0.000343561
0.000355721
0.000344276
0.000293016
0.000454426
0.000396967
0.000368595
0.000372410
0.000388861
0.000358105
0.000326633
0.000336647
0.000378609
0.000359058
0.000379562
0.000361443
0.000342369
0.000373363
0.000379801
0.000385523
0.000374317
0.000340223
0.000376940
0.000380754
0.000396252
0.000376940
0.000398397
0.000367403
0.000424623
0.000394106
0.000403166
0.000391245
0.000375032
0.000415802
0.000455618
0.000400305
0.000343561
0.000374079
0.000375271
0.000417709
0.000364304
0.000419855
0.000430584
0.000378370
0.000414610
0.000397205
0.000419855
0.000394344
0.000443220
0.000413418
0.000394344
0.000396729
0.000382662
0.000368595
0.000437737
0.000362396
