0.025686979
0.016660213
0.033391237
0.014686346
0.017996788
0.017518520
0.017106295
0.015337467
0.016240597
0.016469240
0.017695904
0.017563581
0.016360760
0.016637564
0.021989346
0.016910315
0.023816347
0.025033236
0.017257690
0.025664091
0.017457724
0.014660835
0.027683973
0.018093586
0.017513037
0.017103672
0.017550230
0.017629623
0.017648697
0.017909527
0.017628193
0.017410517
0.016710520
0.016508579
0.016519785
0.021858215
0.016490221
0.016819239
0.016811848
0.016548395
0.017232180
0.016125679
0.014705181
0.015035868
0.017274618
0.015463352
0.026793003
0.015964985
0.017076254
0.017317772
0.016407251
0.017607689
0.015900612
0.019113302
0.017215252
0.016543627
0.015343904
0.015648842
0.016281605
0.017658949
0.016095877
0.022422075
0.016077518
0.026555777
0.016342878
0.017230988
0.015985727
0.026413679
0.024225235
0.016471386
0.016517162
0.016610384
0.017667055
0.017011881
0.017671824
0.018862247
0.017006397
0.017310381
0.016555071
0.025891542
0.015802383
0.016556025
0.016465425
0.027885437
0.025139332
0.016753912
0.020087719
0.016632795
0.017945528
0.016935110
0.017096519
0.017708302
0.025460005
0.024953365
0.017194986
0.018120527
0.016954422
0.017394304
0.017179251
0.017115355
