0.001342058
0.001346350
0.001331329
0.001356125
0.001340389
0.001475811
0.001412153
0.001505136
0.001407623
0.001303434
0.001291037
0.001499176
0.001363993
0.001410484
0.001512289
0.001413822
0.001322746
0.001453876
0.001452684
0.001309872
0.001345396
0.001460314
0.001466036
0.001304865
0.001355171
0.001571178
0.001215458
0.001419544
0.001604319
0.001146317
0.001309633
0.001440287
0.001438379
0.001466751
0.001329660
0.001396656
0.001496792
0.001439333
0.001420498
0.001434565
0.001430273
0.001506090
0.001481533
0.001348019
0.001376152
0.001485109
0.001371861
0.001468658
0.001428604
0.001434565
0.001393318
0.001383781
0.001509905
0.001441479
0.001452208
0.001411676
0.001513958
0.001411915
0.001466990
0.001433849
0.001499414
0.001345634
0.001400709
0.001440525
0.001396656
0.001505852
0.001380444
0.001405001
0.001447916
0.001376867
0.001444817
0.001319647
0.001404762
0.001447916
0.001472473
0.001368046
0.001355410
0.001426935
0.001417398
0.001278639
0.001354456
0.001417398
0.001471996
0.001427174
0.001462221
0.001411200
0.001379251
0.001413584
0.001422167
0.001302004
0.001354694
0.001372099
0.001467228
0.001412153
0.001464605
0.001364946
0.001481771
0.001389265
0.001336813
0.001364470
