0.000381947
0.000431776
0.000451088
0.000378609
0.000385761
0.000422239
0.000387669
0.000582218
0.000494719
0.000394583
0.000471115
0.000421762
0.000449181
0.000432968
0.000431538
0.000431061
0.000440121
0.000470877
0.000440359
0.000366211
0.000435114
0.000404358
0.000458479
0.000416040
0.000380993
0.000499487
0.000505209
0.000386238
0.000441551
0.000471830
0.000436783
0.000398874
0.000455141
0.000396252
0.000438690
0.000456095
0.000446796
0.000469685
0.000444651
0.000405788
0.000419378
0.000460386
0.000442743
0.000436783
0.000413656
0.000421286
0.000409842
0.000439167
0.000451088
0.000423908
0.000467777
0.000474215
0.000388861
0.000460863
0.000397921
0.000425816
0.000439405
0.000417471
0.000433445
0.000571966
0.000433445
0.000437498
0.000469208
0.000396490
0.000423193
0.000511408
0.000420332
0.000454426
0.000486851
0.000411272
0.000381708
0.000434637
0.000440598
0.000448704
0.000493526
0.000438452
0.000444412
0.000484943
0.000441313
0.000405073
0.000477552
0.000392199
0.000392675
0.000486374
0.000459433
0.000452995
0.000485897
0.000421524
0.000434160
0.000436068
0.000444174
0.000446320
0.000481844
0.000394583
0.000438213
0.000463009
0.000443935
0.000422716
0.000470638
0.000466108
