0.000404835
0.000370502
0.000282764
0.000344992
0.000304222
0.000322104
0.000360012
0.000301838
0.000325203
0.000330925
0.000347614
0.000330210
0.000315905
0.000334978
0.000339270
0.000375509
0.000332355
0.000330210
0.000326633
0.000302076
0.000335455
0.000359535
0.000326633
0.000316143
0.000407457
0.000363588
0.000337839
0.000320911
0.000297070
0.000355721
0.000310898
0.000377655
0.000374794
0.000317335
0.000323772
0.000374079
0.000393629
0.000319004
0.000318050
0.000359297
0.000355244
0.000346422
0.000314951
0.000322342
0.000329494
0.000385284
0.000347614
0.000325918
0.000329733
0.000402927
0.000307083
0.000327587
0.000323057
0.000307798
0.000304937
0.000324965
0.000306845
0.000371933
0.000308752
0.000491858
0.000345945
0.000317812
0.000345945
0.000342369
0.000338078
0.000311613
0.000371695
0.000314713
0.000344276
0.000322104
0.000350952
0.000357389
0.000319004
0.000347376
0.000340700
0.000324011
0.000326872
0.000338554
0.000348568
0.000357866
0.000313282
0.000327587
0.000348330
0.000347614
0.000370026
0.000346422
0.000350237
0.000314951
0.000359058
0.000321627
0.000354528
0.000344038
0.000336170
0.000331402
0.000340939
0.000329018
0.000303984
0.000308990
0.000360250
0.000321388
