0.004956245
0.004520178
0.004442215
0.004506350
0.004574060
0.004277706
0.004104614
0.004133701
0.004257441
0.004623175
0.003863811
0.014476061
0.004760504
0.004328966
0.004328489
0.003864527
0.016677141
0.013520718
0.005130291
0.004132509
0.003916502
0.005318403
0.004713774
0.004372120
0.004449844
0.004303932
0.005208969
0.004232883
0.003631830
0.004369020
0.013403416
0.004672766
0.003987074
0.004361391
0.004371405
0.004742622
0.004321575
0.004267693
0.004181623
0.004991531
0.005527735
0.004658699
0.004467487
0.005279541
0.005136728
0.004459620
0.004159689
0.004541636
0.004474640
0.004994631
0.003958464
0.004921198
0.004664421
0.004899263
0.004063845
0.004594088
0.004103184
0.004718304
0.004095316
0.004894972
0.004317284
0.004484415
0.004177570
0.004714251
0.004584312
0.004255056
0.004569769
0.004262686
0.004477501
0.011885881
0.004859209
0.004667521
0.004105806
0.012982607
0.005704641
0.004615784
0.004210234
0.004587650
0.004716158
0.005772114
0.004127264
0.004874468
0.004505396
0.005301237
0.004604101
0.004538059
0.004260302
0.004358292
0.004211664
0.004551888
0.004504919
0.005181313
0.004203796
0.012823582
0.004208088
0.013127327
0.005159140
0.004904747
0.004152536
0.004541874
