0.024360895
0.021403074
0.029238701
0.014797449
0.018144131
0.017709017
0.017139673
0.017024755
0.016374588
0.016530991
0.017757177
0.017563581
0.014755487
0.016793966
0.022691011
0.016869307
0.023668528
0.025113106
0.017301083
0.025879860
0.015826225
0.016268492
0.027967691
0.018154144
0.017694950
0.017255306
0.017571926
0.017717600
0.017796040
0.015481949
0.017709017
0.017576456
0.016873598
0.016638517
0.016641617
0.021800041
0.016571999
0.016769171
0.017015696
0.016586542
0.015502214
0.017791748
0.016414881
0.016510010
0.017574787
0.017072201
0.026924133
0.017689943
0.017101526
0.017371178
0.017879009
0.017809153
0.017571449
0.015389919
0.017138481
0.016622066
0.015505791
0.015810013
0.016480207
0.017902851
0.016273260
0.023494720
0.016020775
0.018354416
0.016344786
0.015516281
0.018468618
0.026267529
0.026370525
0.015128374
0.016560078
0.016773224
0.017845869
0.015315533
0.017968893
0.015658617
0.015312910
0.017310858
0.014815092
0.027337313
0.015932322
0.016740084
0.016641140
0.029571533
0.026932716
0.015017271
0.026077509
0.016799688
0.018970966
0.024047852
0.017227173
0.017750502
0.025693417
0.017971039
0.017310381
0.018211603
0.017191887
0.015697241
0.017392397
0.017115355
