0.000279903
0.000328064
0.000277996
0.000286102
0.000327349
0.000319958
0.000346184
0.000317335
0.000297308
0.000298023
0.000299931
0.000387907
0.000324488
0.000316620
0.000305176
0.000294447
0.000311613
0.000323296
0.000315428
0.000319242
0.000320911
0.000310659
0.000313759
0.000306606
0.000326157
0.000302315
0.000362158
0.000284910
0.000277281
0.000313759
0.000300407
0.000310183
0.000322819
0.000278473
0.000316858
0.000306845
0.000303507
0.000350237
0.000327826
0.000290155
0.000334501
0.000322819
0.000287771
0.000289917
0.000299454
0.000296354
0.000251055
0.000358105
0.000300646
0.000294924
0.000281811
0.000231504
0.000371933
0.000437975
0.000242472
0.000253677
0.000218630
0.000221252
0.000234604
0.000225544
0.000201464
0.000210047
0.000225544
0.000245094
0.000285149
0.000304222
0.000318766
0.000301838
0.000279665
0.000344753
0.000280619
0.000284195
0.000234365
0.000296116
0.000298977
0.000305891
0.000302315
0.000341892
0.000301838
0.000341177
0.000275373
0.000287056
0.000371695
0.000484228
0.000229120
0.000191927
0.000438452
0.000255346
0.000240326
0.000181437
0.000235558
0.000242710
0.000241995
0.000257969
0.000199080
0.000259161
0.000227213
0.000221491
0.000210524
0.000353575
