0.000281096
0.000573397
0.000330210
0.000279427
0.000307083
0.000286102
0.000274420
0.000300884
0.000283003
0.000547171
0.000291586
0.000315428
0.000327826
0.000300169
0.000295877
0.000310183
0.000295639
0.000295877
0.000290394
0.000312090
0.000272751
0.000269890
0.000362158
0.000258446
0.000309706
0.000320673
0.000341654
0.000291824
0.000294447
0.000308275
0.000303507
0.000321627
0.000294685
0.000207186
0.000291586
0.000260830
0.000268459
0.000267982
0.000292540
0.000312090
0.000570774
0.000255346
0.000304937
0.000268698
0.000370741
0.000272274
0.000268936
0.000254393
0.000235796
0.000386238
0.000310659
0.000289202
0.000295877
0.000282049
0.000276327
0.000308037
0.000308514
0.000333548
0.000309706
0.000263214
0.000206947
0.000279903
0.000257492
0.000261307
0.000571489
0.000221729
0.000166893
0.000147820
0.000341892
0.000223160
0.000216722
0.000226736
0.000315905
0.000230074
0.000168562
0.000220299
0.000265360
0.000213623
0.000191450
0.000272274
0.000169754
0.000221968
0.000253677
0.000237465
0.000255823
0.000251770
0.000215530
0.000308275
0.000166893
0.000162363
0.000254393
0.000320911
0.000358582
0.000337362
0.000329018
0.000323772
0.000323057
0.000305653
0.000345230
0.000298977
