0.000365019
0.000315666
0.000369310
0.000426769
0.000361204
0.000334263
0.000526190
0.000396013
0.000424385
0.000448227
0.000465631
0.000414133
0.000374317
0.000447989
0.000443220
0.000395775
0.000415802
0.000405550
0.000440359
0.000380993
0.000377417
0.000391006
0.000395060
0.000399113
0.000395775
0.000378132
0.000321150
0.000384569
0.000444412
0.000411987
0.000481844
0.000471354
0.000497818
0.000438690
0.000410080
0.000383139
0.000454664
0.000378609
0.000404358
0.000369787
0.000427246
0.000420570
0.000413895
0.000450850
0.000370264
0.000396252
0.000371218
0.000340462
0.000487328
0.000392914
0.000426531
0.000411987
0.000445366
0.000395298
0.000372648
0.000392914
0.000367641
0.000363111
0.000399351
0.000373125
0.000369787
0.000395775
0.000433445
0.000418425
0.000402689
0.000365019
0.000421762
0.000383615
0.000418186
0.000422955
0.000435829
0.000423431
0.000459194
0.000442743
0.000401020
0.000418901
0.000492334
0.000481367
0.000498056
0.000489712
0.000369072
0.000401735
0.000416994
0.000459194
0.000466824
0.000464439
0.000489235
0.000475645
0.000520468
0.000443935
0.000477076
0.000457764
0.000482798
0.000446796
0.000427723
0.000454664
0.000440598
0.000411749
0.000495911
0.000407696
