0.132210732
0.083035469
0.032446384
0.000246763
0.000257254
0.000247955
0.000229597
0.000274897
0.000263453
0.000209093
0.000307083
0.000311375
0.000344038
0.000299454
0.000301838
0.000292540
0.000313997
0.000288486
0.000301600
0.000319242
0.000310183
0.000283957
0.000304222
0.000294209
0.000302553
0.000254393
0.000292778
0.000263453
0.000345469
0.000342131
0.000238180
0.000265837
0.000427008
0.000243425
0.000247240
0.000395060
0.000211000
0.000213146
0.000181198
0.000165224
0.000177860
0.000248194
0.000187635
0.000169277
0.000178099
0.000183105
0.000231028
0.000319958
0.000266552
0.000198603
0.000355244
0.000330210
0.000266552
0.000230789
0.000183582
0.000203848
0.000212431
0.000211954
0.000166893
0.000258684
0.000183105
0.000177145
0.000259399
0.000180483
0.000206232
0.000188112
0.000182390
0.000194311
0.000285149
0.000209808
0.000218630
0.000229597
0.000217199
0.000313520
0.000315905
0.000320673
0.000320435
0.000296116
0.000289440
0.000331640
0.000306845
0.000363588
0.000342369
0.000438452
0.000291109
0.000307322
0.000330925
0.000300646
0.000326872
0.000309467
0.000307083
0.000314474
0.000309706
0.000304222
0.000345945
0.000348330
0.000310659
0.000309467
0.000322104
0.000277996
