0.011815071
0.002185106
0.002491236
0.002381802
0.002357006
0.002329111
0.002374887
0.002362013
0.002311468
0.002212524
0.002360821
0.002461433
0.002390385
0.002149343
0.002246380
0.002661705
0.002706051
0.002598047
0.002499342
0.014172316
0.002534866
0.002386093
0.002381086
0.002626181
0.002807856
0.002392054
0.002374649
0.002538919
0.002336264
0.002454042
0.002449512
0.002717257
0.002583742
0.002592087
0.002508402
0.002465010
0.002216339
0.002321720
0.002409935
0.002382755
0.002223253
0.002379656
0.002284527
0.014086723
0.011986971
0.002310514
0.002296925
0.002242327
0.002330542
0.002349377
0.002446175
0.002322674
0.002594948
0.002429962
0.002629519
0.024447441
0.002265215
0.002469301
0.002593756
0.002485275
0.002378464
0.013733625
0.002682924
0.013785839
0.002168655
0.002480984
0.002168179
0.002335310
0.002229452
0.002223253
0.002475500
0.002174616
0.002711773
0.002537489
0.002227068
0.002074242
0.002574444
0.002408504
0.002619267
0.002600908
0.002371311
0.002832413
0.002165318
0.002128363
0.002468109
0.012605190
0.002351761
0.002679348
0.002479792
0.012481928
0.002221823
0.024684668
0.002361059
0.013348103
0.002362728
0.002354622
0.002393961
0.002584934
0.002543688
0.002639294
