0.000468016
0.000523567
0.000510454
0.000481129
0.000450373
0.000495672
0.000468969
0.000618935
0.000667095
0.000502586
0.000580311
0.000510216
0.000564098
0.000527620
0.000553608
0.000499964
0.000554085
0.000617266
0.000589371
0.000452757
0.000520468
0.000481606
0.000586987
0.000585318
0.000438690
0.000598431
0.000548124
0.000517845
0.000504255
0.000531912
0.000491619
0.000477552
0.000501871
0.000468016
0.000483513
0.000514269
0.000514507
0.000538588
0.000497103
0.000475407
0.000471830
0.000532389
0.000528097
0.000503778
0.000499964
0.000505209
0.000499249
0.000518560
0.000498056
0.000527859
0.000544310
0.000577450
0.000473738
0.000510693
0.000489712
0.000505924
0.000510931
0.000504732
0.000481129
0.000648022
0.000485420
0.000509501
0.000535488
0.000534773
0.000503778
0.000656128
0.000492811
0.000489473
0.000546932
0.000446796
0.000460148
0.000529528
0.000480413
0.000509501
0.000555515
0.000499725
0.000499964
0.000546694
0.000524044
0.000499487
0.000548840
0.000493526
0.000488997
0.000526428
0.000553608
0.000503063
0.000554085
0.000488997
0.000520468
0.000505209
0.000504017
0.000516891
0.000540018
0.000536203
0.000520468
0.000512362
0.000499010
0.000490427
0.000526905
0.000525951
