0.001341581
0.001353979
0.001345634
0.001369953
0.001358509
0.001495123
0.001420975
0.001521349
0.001398087
0.001316309
0.001304150
0.001514435
0.001396656
0.001445293
0.001542330
0.001446962
0.001356125
0.001482964
0.001475096
0.012488604
0.001349926
0.001480103
0.001483202
0.001349449
0.001400471
0.001591206
0.001257896
0.001430988
0.001643896
0.001196146
0.001334667
0.001465559
0.001464128
0.001491785
0.001371861
0.001434803
0.001510859
0.001481771
0.001415491
0.001451969
0.001451492
0.001528502
0.001488924
0.001405716
0.001383066
0.001492977
0.001372576
0.001497746
0.001450777
0.001447201
0.001417398
0.001424789
0.001539469
0.001465082
0.001465082
0.001450062
0.001527309
0.001439810
0.001465559
0.001451015
0.001524210
0.001347542
0.001414776
0.001448393
0.001424789
0.001530409
0.001401901
0.001395702
0.001442909
0.001369715
0.001449347
0.001362324
0.001432657
0.001485586
0.001496315
0.001426458
0.001419544
0.001418829
0.001433849
0.001320601
0.001355886
0.001423359
0.001502991
0.001447201
0.001492500
0.001423597
0.001435280
0.001448631
0.001455069
0.001320839
0.001368284
0.001375198
0.001532078
0.001463175
0.001504898
0.001409769
0.001499176
0.001394033
0.001412868
0.001402617
