0.000334740
0.000320673
0.000255346
0.000316143
0.000315428
0.000334978
0.000232458
0.000351429
0.000298262
0.000296831
0.000318050
0.000341177
0.000302315
0.000332594
0.000299931
0.000307560
0.000319004
0.000285149
0.000278950
0.000337362
0.000298977
0.000324249
0.000289202
0.000308990
0.000326395
0.000311852
0.000220060
0.000289679
0.000320435
0.000317335
0.000318766
0.000314951
0.000281811
0.000317335
0.000302792
0.000315189
0.000316620
0.000316858
0.000321627
0.000309944
0.000336885
0.000334263
0.000333309
0.000317574
0.000320196
0.000392199
0.000332832
0.000331402
0.000347376
0.000362873
0.000339031
0.000283241
0.000361204
0.000345230
0.000321388
0.000350237
0.000335455
0.000351429
0.000333548
0.000467539
0.000315189
0.000312805
0.000334263
0.000304937
0.000332832
0.000341177
0.000317812
0.000334501
0.000327349
0.000327826
0.000298262
0.000370979
0.000320911
0.000364065
0.000344276
0.000329256
0.000336170
0.000395775
0.000321150
0.000282764
0.000322580
0.000391960
0.000306606
0.000322342
0.000328779
0.000287771
0.000313759
0.000344038
0.000334024
0.000575781
0.000315905
0.000326633
0.000388384
0.000324488
0.000332594
0.000338554
0.000337362
0.000332117
0.000299215
0.000332594
