0.000296593
0.000301123
0.000289917
0.000303268
0.000341654
0.000277042
0.000332355
0.000293493
0.000295401
0.000306845
0.000311136
0.000301123
0.000315905
0.000299692
0.000296593
0.000290155
0.000336647
0.000292301
0.000296116
0.000414610
0.000318289
0.000300646
0.000317335
0.000304699
0.000321865
0.000302792
0.000331163
0.000312805
0.000277281
0.000287056
0.000288725
0.000316381
0.000320673
0.000295877
0.000318527
0.000303507
0.000335693
0.000292778
0.000322819
0.000270128
0.000307322
0.000287533
0.000318766
0.000264883
0.000317097
0.000311136
0.000338793
0.000298262
0.000320196
0.000286579
0.000294685
0.000307322
0.000278950
0.000311852
0.000320196
0.000310898
0.000328302
0.000292540
0.000308275
0.000310659
0.000316381
0.000328779
0.000351906
0.000308990
0.000326872
0.000291109
0.000314951
0.000289917
0.000292301
0.000286341
0.000321865
0.000274658
0.000257254
0.000302076
0.000303030
0.000297546
0.000312805
0.000315905
0.000324488
0.000467300
0.000336647
0.000322580
0.000380516
0.000289202
0.000306606
0.000324011
0.000341415
0.000317812
0.000341415
0.000313759
0.000356674
0.000311852
0.000380754
0.000300407
0.000326872
0.000277281
0.000323772
0.000310898
0.000314713
0.000302076
