0.011766911
0.011840343
0.000663519
0.000695705
0.000614643
0.000595570
0.000705481
0.000684500
0.000686169
0.000626087
0.000612020
0.000653982
0.000593185
0.000585556
0.000641584
0.000645399
0.000701427
0.000676155
0.000590801
0.000655651
0.000668526
0.000602484
0.000605106
0.000654221
0.000611782
0.000659704
0.000666857
0.000596762
0.000680923
0.000695229
0.000660658
0.000624180
0.000609875
0.000597954
0.000667572
0.000679255
0.000777721
0.000688791
0.000595331
0.000683546
0.000662565
0.000596285
0.000649214
0.000664234
0.000661135
0.000589609
0.000671625
0.000600100
0.000685215
0.000593424
0.000664711
0.000655890
0.000651360
0.000593185
0.000604153
0.000598669
0.000610590
0.000619173
0.000680208
0.000687122
0.000596762
0.000715494
0.000584841
0.000664711
0.000617027
0.000654221
0.000607729
0.000587463
0.000648499
0.000623703
0.000653982
0.000677109
0.000620127
0.000585556
0.000653744
0.000680923
0.000646353
0.000684977
0.011405230
0.000589609
0.000671387
0.000668287
0.000592709
0.000655174
0.000686407
0.000614882
0.000682831
0.000610352
0.000672340
0.000615120
0.000674486
0.000611782
0.000664473
0.000669241
0.000683546
0.000617743
0.000680923
0.000621319
0.000694513
0.000590086
0.000607967
0.000595570
0.000581026
0.000596762
0.000577450
0.000558615
0.000583887
0.000593185
0.000598431
0.000593662
0.000596762
0.000593424
0.000595093
0.000602245
0.000562906
0.000575066
0.000573158
0.000597477
0.000597477
0.000623226
