0.000272751
0.000239372
0.000277519
0.000224352
0.000237703
0.000258446
0.000284195
0.000220776
0.000259876
0.000273705
0.000282288
0.000243187
0.000261068
0.000221014
0.000279188
0.000258923
0.000260592
0.000239134
0.000248909
0.000238419
0.000240326
0.000248194
0.000288963
0.000259876
0.000636101
0.000240088
0.000239849
0.000257969
0.000240088
0.000279427
0.000298977
0.000226498
0.000257730
0.000255585
0.000240564
0.000254869
0.000267982
0.000242710
0.000237465
0.000264406
0.000276566
0.000284910
0.000281096
0.000232935
0.000244617
0.000255108
0.000277042
0.000255585
0.000254154
0.000259399
0.000257492
0.000257730
0.000243664
0.000260115
0.000240088
0.000221729
0.000257015
0.000257254
0.000269890
0.000288010
0.000259399
0.000232220
0.000225306
0.000255823
0.000524521
0.000238657
0.000258923
0.000257015
0.000226021
0.000255108
0.000255346
0.000256538
0.000251532
0.000239372
0.000254393
0.000259638
0.000268698
0.000254869
0.000256777
0.000257015
0.000240088
0.000272989
0.000255346
0.000258207
0.000292540
0.000254631
0.000257015
0.000255346
0.000245571
0.000253677
0.000274420
0.000255823
0.000239611
0.000223875
0.000240564
0.000256538
0.000187874
0.000280142
0.000280857
0.000251532
0.000254869
0.000252008
0.000251770
0.000289440
0.000250340
0.000253201
0.000249863
0.000252724
0.000255108
0.000253439
0.000241756
0.000252724
0.000251293
0.000251532
0.000241518
0.000290871
0.000249624
0.000289440
0.000272751
0.000287533
