0.011824131
0.023573637
0.000986338
0.000991344
0.000996590
0.000942469
0.000941753
0.000931501
0.000998974
0.000998974
0.012051344
0.001032591
0.000942945
0.000942707
0.000964403
0.001015425
0.000959635
0.000898361
0.000885248
0.000932455
0.000995874
0.000916958
0.001001120
0.001009226
0.000926495
0.000999928
0.000888348
0.000830412
0.001039982
0.000890970
0.000848055
0.000957489
0.000991106
0.000915051
0.001090527
0.000948191
0.000939369
0.001000404
0.000946045
0.000955582
0.000934839
0.000901699
0.001013756
0.000869274
0.001012325
0.000860929
0.001008272
0.001024723
0.000952959
0.000890732
0.000831366
0.000993967
0.001001835
0.000936270
0.000928640
0.000909090
0.011964798
0.000894308
0.000968218
0.001003981
0.001007318
0.000887156
0.000899076
0.000874281
0.000831366
0.000994205
0.000940084
0.001010418
0.001016855
0.000969648
0.000928879
0.000946045
0.000989914
0.000886202
0.001019955
0.000900984
0.001002312
0.000867844
0.000918627
0.000904799
0.000984669
0.001000404
0.000964403
0.000991344
0.000887156
0.000964403
0.000955582
0.000916243
0.000928164
0.001002073
0.000893593
0.000909328
0.001003981
0.001002789
0.000982761
0.000946283
0.000890255
0.000912428
0.000952005
0.000893116
0.000999928
0.000854492
0.000860691
0.000891447
0.000911236
0.000864506
0.000840902
0.000874519
0.000876904
0.000828028
0.000852346
0.000857353
0.000905752
0.000793219
0.000911474
0.000849009
0.000851870
0.000849962
0.000881433
0.000961542
