0.014410496
0.000206709
0.000158548
0.000382662
0.000171661
0.000166655
0.000224590
0.000163555
0.000194550
0.000232458
0.000281334
0.000237465
0.000243664
0.000255108
0.000241041
0.000241041
0.000242233
0.000205755
0.000318050
0.000242710
0.000218630
0.000243902
0.000273228
0.000239134
0.000273943
0.000281811
0.000237703
0.000235319
0.000203371
0.000231981
0.000218153
0.000253916
0.000320196
0.000262260
0.000230789
0.000323057
0.000259161
0.000239134
0.000255108
0.000241518
0.000247955
0.000268936
0.000256062
0.000276327
0.000244141
0.000244617
0.000248194
0.000260353
0.000253439
0.000256062
0.000249863
0.000254154
0.000233889
0.000246525
0.000258684
0.000247955
0.000240803
0.000241518
0.000258446
0.000244617
0.000254631
0.000249624
0.000241280
0.000268698
0.000267506
0.000243902
0.000249147
0.000248432
0.000244856
0.000311136
0.000248909
0.000241280
0.000253201
0.000231028
0.000249147
0.000247240
0.000233650
0.000278234
0.000241995
0.000247478
0.000267982
0.000253201
0.000256777
0.000230789
0.000248671
0.000243664
0.000241756
0.000260592
0.000191450
0.000237226
0.000247478
0.000246525
0.000252724
0.000240803
0.000308275
0.000273466
0.000295401
0.000243664
0.000194311
0.000272751
0.000235796
0.000249863
0.000289440
0.000242949
0.000241280
0.000254154
0.000251293
0.000256062
0.000220537
0.000257969
0.000255108
0.000252485
0.000256062
0.000236511
0.000257254
0.000268698
0.000257730
0.000234365
0.000266075
0.000249147
