0.000319958
0.000258684
0.000305414
0.000308752
0.000296354
0.000294447
0.000291586
0.000345945
0.000320911
0.000301838
0.000291824
0.000313997
0.000302553
0.000312567
0.000276327
0.000287533
0.000324488
0.000292301
0.000305414
0.000277042
0.000315666
0.000311136
0.000327587
0.000312328
0.000295401
0.000303030
0.000288725
0.000325918
0.000264406
0.000300884
0.000362158
0.000266552
0.000289440
0.000306845
0.000313759
0.000290632
0.000293016
0.000294447
0.000343084
0.000311613
0.000294924
0.000308752
0.000302792
0.000291109
0.000294685
0.000313044
0.000295162
0.000279427
0.000291586
0.000310898
0.000310421
0.000263214
0.000345945
0.000274897
0.000292301
0.000276089
0.000342607
0.000287294
0.000294685
0.000311375
0.000291824
0.000275373
0.000324249
0.000291824
0.000313520
0.000332117
0.000289202
0.000344992
0.000258446
0.000262499
0.000291348
0.000295162
0.000280857
0.000325918
0.000312567
0.000312805
0.000257254
0.000289679
0.000295162
0.000267982
0.000279427
0.000289202
0.000313759
0.000292540
0.000257969
0.000292301
0.000310421
0.000317335
0.000325680
0.000293970
0.000292778
0.000280142
0.000291109
0.000316143
0.000343800
0.000316620
0.000285864
0.000294209
0.000298977
0.000290871
0.000347137
0.000270844
0.000300646
0.000300169
0.000287771
0.000257730
0.000311613
0.000283718
0.000292063
0.000270844
0.000293732
0.000287771
0.000289917
0.000309467
0.000291109
0.000259399
0.000296593
0.000290394
0.000274181
0.000287294
