0.012061834
0.022808790
0.001434088
0.001626015
0.001628399
0.001485348
0.001553297
0.001605272
0.001589060
0.012222290
0.001483440
0.001629353
0.011806488
0.001582384
0.001471281
0.001603603
0.001562119
0.001474142
0.012000084
0.012179136
0.001431227
0.001559973
0.001420736
0.001643181
0.001489401
0.011917830
0.012203217
0.001573801
0.001549959
0.001622677
0.001558542
0.001430988
0.001524687
0.001615524
0.001670361
0.001654625
0.001473665
0.012263536
0.001637697
0.001448870
0.001459360
0.001724005
0.001512527
0.001415968
0.012101889
0.012126684
0.001663208
0.001615524
0.001503229
0.001511812
0.001674175
0.001485348
0.001635075
0.001561642
0.011912107
0.001461983
0.001472712
0.001482964
0.001678944
0.001476288
0.001455545
0.001640081
0.001417160
0.001518965
0.001670837
0.001491070
0.001630068
0.012694120
0.001664639
0.001631021
0.001607180
0.001476288
0.001485825
0.001657486
0.012683868
0.001473427
0.012297869
0.001486540
0.001460075
0.001523256
0.001617908
0.001670361
0.001546383
0.001690149
0.001488924
0.001465797
0.001642942
0.001464128
0.001592875
0.001477242
0.001673460
0.001493454
0.001645088
0.001474142
0.001509905
0.001403570
0.001633644
0.012313128
0.001450539
0.001662970
0.001479864
0.001406193
0.001347303
0.001386404
0.001352310
0.001432657
0.001436472
0.001351118
0.001378059
0.001371384
0.001409054
0.001383305
0.001379728
0.001356840
0.001379967
0.001380444
0.001410484
0.001345634
0.001417875
0.001435041
