0.012896299
0.024251223
0.002939701
0.002465725
0.012957811
0.002868891
0.002518892
0.002539635
0.002909660
0.002519369
0.012837887
0.002908945
0.002748489
0.002886295
0.012228966
0.002493620
0.002858162
0.012471676
0.002852917
0.002940178
0.002521515
0.012987375
0.002562046
0.002980709
0.002889156
0.002541780
0.002440214
0.002534389
0.002951384
0.002466917
0.002489328
0.012576818
0.003056049
0.012792110
0.002483368
0.002863884
0.002499342
0.002944708
0.002615213
0.002947092
0.002924919
0.012635469
0.012569666
0.011707306
0.002539396
0.002877474
0.002916574
0.002416372
0.002480745
0.002948999
0.002508163
0.002952337
0.002433062
0.002940416
0.002885818
0.002871752
0.002541065
0.002534151
0.002914429
0.002353668
0.002904415
0.002463818
0.002501965
0.002628326
0.002908230
0.002486944
0.002420187
0.002484083
0.002896070
0.002436399
0.002461910
0.002940893
0.002886772
0.012227535
0.012683392
0.002505064
0.002544165
0.002472639
0.002903223
0.002533197
0.002962828
0.003030062
0.002551794
0.002919436
0.002994537
0.002452850
0.002522707
0.002833605
0.002976179
0.002470732
0.002501488
0.002948761
0.002509832
0.002460480
0.002903700
0.002942085
0.002547026
0.002948999
0.002919197
0.002475739
0.002907515
0.002362490
0.002435446
0.002490044
0.002392054
0.002397299
0.002297163
0.002416134
0.002421141
0.002392530
0.002393961
0.002490044
0.002378225
0.002345324
0.012459755
0.002344608
0.002322912
0.002332449
0.002387285
0.002425909
