0.000288248
0.000236511
0.000220537
0.000240326
0.000255108
0.000282764
0.000276327
0.000253677
0.000252485
0.000254631
0.000252485
0.000237465
0.000258923
0.000252008
0.000254393
0.000272751
0.000252724
0.000245810
0.000259876
0.000262499
0.000221729
0.000252008
0.000279665
0.000267267
0.000318766
0.000257015
0.000260353
0.000244617
0.000262737
0.000269175
0.000248909
0.000275612
0.000253916
0.000243902
0.000257969
0.000259161
0.000256777
0.000258207
0.000254393
0.000274420
0.000258923
0.000241041
0.000280142
0.000259399
0.000272274
0.000262976
0.000283241
0.000256300
0.000259638
0.000253916
0.000258923
0.000276089
0.000257492
0.000259161
0.000245571
0.000286579
0.000253439
0.000257492
0.000262499
0.000236988
0.000252008
0.000247717
0.000272036
0.000251532
0.000245571
0.000288248
0.000241280
0.000252962
0.000272274
0.000254869
0.000203609
0.000225306
0.000252247
0.000252247
0.000252008
0.000254631
0.000252724
0.000253916
0.000222683
0.000256777
0.000257969
0.000252962
0.000252962
0.000254393
0.000257254
0.000260115
0.000274897
0.000241280
0.000267267
0.000253916
0.000254631
0.000242472
0.000253677
0.000255108
0.000220537
0.000241756
0.000257254
0.000258446
0.000271797
0.000256538
0.000261068
0.000244141
0.000255346
0.000253677
0.000251055
0.000252008
0.000258207
0.000253677
0.000254869
0.000256062
0.000256062
0.000281811
0.000252724
0.000274181
0.000251770
0.000254631
0.000265360
0.000252962
0.000257254
0.000217915
