0.000266552
0.000240564
0.000249386
0.000267982
0.000288486
0.000235796
0.000286579
0.000249147
0.000278473
0.000250101
0.000249863
0.000252962
0.000236750
0.000236273
0.000250101
0.000249624
0.000287771
0.000249863
0.000257254
0.000249386
0.000268221
0.000278234
0.000237942
0.000238419
0.000475883
0.000256300
0.000250816
0.000288963
0.000249624
0.000254154
0.000232697
0.000236511
0.000286341
0.000236511
0.000286579
0.000276804
0.000249624
0.000259161
0.000250816
0.000279188
0.000252008
0.000254869
0.000237465
0.000265837
0.000241518
0.000249386
0.000252247
0.000252247
0.000289917
0.000256062
0.000249386
0.000249147
0.000256538
0.000250578
0.000264168
0.000248909
0.000262260
0.000249386
0.000249863
0.000253916
0.000248909
0.000267744
0.000276804
0.000250816
0.000267506
0.000237226
0.000260830
0.000249863
0.000224590
0.000252724
0.000312090
0.000249147
0.000235796
0.000281572
0.000249147
0.000259399
0.000239134
0.000271320
0.000249624
0.000248909
0.000248909
0.000249624
0.000236750
0.000251532
0.000249147
0.000256062
0.000269413
0.000297546
0.000248432
0.000249863
0.000291586
0.000249147
0.000249147
0.000248671
0.000249147
0.000248432
0.000253677
0.000261545
0.000249624
0.000252485
0.000247002
0.000249386
0.000251532
0.000252485
0.000250101
0.000252724
0.000249386
0.000275850
0.000285625
0.000248432
0.000248194
0.000237703
0.000251532
0.000251055
0.000269651
0.000249147
0.000286102
0.000253916
0.000253677
0.000223398
