0.000264406
0.000237226
0.000245810
0.000290394
0.000292540
0.000298977
0.000298977
0.000292540
0.000241041
0.000244856
0.000320435
0.000294685
0.000295401
0.000296116
0.000254869
0.000293732
0.000254631
0.000283957
0.000307560
0.000303507
0.000292540
0.000297546
0.000260592
0.000293255
0.000469923
0.000255346
0.000288725
0.000306606
0.000255346
0.000279903
0.000294209
0.000333071
0.000280142
0.000259161
0.000292778
0.000281334
0.000309706
0.000291109
0.000296593
0.000248432
0.000302076
0.000266552
0.000293016
0.000258207
0.000242472
0.000256300
0.000258207
0.000322580
0.000293970
0.000254631
0.000293255
0.000278711
0.000281334
0.000306606
0.000259161
0.000295401
0.000306606
0.000292063
0.000243187
0.000246286
0.000292301
0.000277281
0.000279665
0.000301123
0.000321388
0.000277996
0.000338078
0.000291109
0.000291348
0.000293732
0.000290394
0.000293732
0.000292301
0.000288248
0.000291586
0.000282288
0.000292778
0.000257254
0.000255108
0.000289202
0.000280142
0.000293970
0.000300169
0.000305653
0.000267506
0.000257015
0.000280857
0.000292540
0.000278711
0.000262260
0.000302076
0.000294209
0.000291824
0.000294685
0.000336647
0.000290155
0.000279903
0.000290871
0.000291586
0.000255585
0.000294209
0.000274897
0.000319004
0.000290871
0.000289917
0.000292778
0.000293970
0.000279665
0.000279903
0.000291586
0.000278950
0.000257730
0.000276566
0.000280619
0.000290632
0.000255585
0.000291824
0.000255108
0.000277758
0.000249863
