0.000266790
0.000226498
0.000261545
0.000224352
0.000249624
0.000248671
0.000253201
0.000287294
0.000252962
0.000250816
0.000291348
0.000250340
0.000275135
0.000250578
0.000252962
0.000249863
0.000287294
0.000249624
0.000223398
0.000258446
0.000212193
0.000200987
0.000211716
0.000240803
0.000322342
0.000248909
0.000272036
0.000212669
0.000213623
0.000212431
0.000213861
0.000285387
0.000231504
0.000250578
0.000241995
0.000251532
0.000271797
0.000272036
0.000251770
0.000253439
0.000250340
0.000239134
0.000260592
0.000252247
0.000286341
0.000238895
0.000260592
0.000248432
0.000248432
0.000250340
0.000239372
0.000246763
0.000251770
0.000244856
0.000253677
0.000252008
0.000251293
0.000254869
0.000250578
0.000251293
0.000262737
0.000250340
0.000252485
0.000252724
0.000250578
0.000251055
0.000238180
0.000251055
0.000277758
0.000297308
0.000252247
0.000250578
0.000250101
0.000237465
0.000253439
0.000251055
0.000253916
0.000260830
0.000294924
0.000285625
0.000268221
0.000238895
0.000262737
0.000237703
0.000252008
0.000271559
0.000252485
0.000250101
0.000251055
0.000264168
0.000252008
0.000253439
0.000250340
0.000250340
0.000259638
0.000286341
0.000252008
0.000238657
0.000250578
0.000249624
0.000263214
0.000237942
0.000258446
0.000224829
0.000286818
0.000250578
0.000237942
0.000235319
0.000247240
0.000235558
0.000249863
0.000249863
0.000248432
0.000251293
0.000255585
0.000271559
0.000274181
0.000250816
0.000249386
0.000272036
