0.000397682
0.000316620
0.000358105
0.000322104
0.000320435
0.000358343
0.000319719
0.000322580
0.000293970
0.000360727
0.000314474
0.000360012
0.000325918
0.000320196
0.000320673
0.000321865
0.000321627
0.000355959
0.000359535
0.000324011
0.000342846
0.000347853
0.000288725
0.000301123
0.000527620
0.000326157
0.000318766
0.000361204
0.000320435
0.000322342
0.000314236
0.000320673
0.000322342
0.000362158
0.000320911
0.000327110
0.000414848
0.000336647
0.000303507
0.000319242
0.000359535
0.000320196
0.000321627
0.000341415
0.000325441
0.000322104
0.000319719
0.000349283
0.000329971
0.000315666
0.000320196
0.000344753
0.000296593
0.000322342
0.000319958
0.000359774
0.000301600
0.000298023
0.000302315
0.000304937
0.000322580
0.000305653
0.000322580
0.000343800
0.000309467
0.000329018
0.000359297
0.000322104
0.000320196
0.000322819
0.000361919
0.000321865
0.000360727
0.000309706
0.000299692
0.000308037
0.000321150
0.000360966
0.000321865
0.000307322
0.000301361
0.000319481
0.000345469
0.000329971
0.000302315
0.000344753
0.000288725
0.000320196
0.000339270
0.000318766
0.000306606
0.000343084
0.000329018
0.000320673
0.000304699
0.000334978
0.000349522
0.000299692
0.000319958
0.000321388
0.000320435
0.000298262
0.000300169
0.000323296
0.000320196
0.000317335
0.000315189
0.000298023
0.000288010
0.000317574
0.000316381
0.000314474
0.000314713
0.000315428
0.000318289
0.000306845
0.000316143
0.000315189
0.000313044
0.000333786
