0.000264168
0.000286818
0.000259876
0.000251293
0.000261068
0.000238419
0.000254154
0.000252247
0.000247240
0.000251293
0.000242233
0.000250816
0.000251770
0.000254869
0.000258923
0.000238419
0.000273943
0.000263691
0.000238419
0.000286818
0.000286818
0.000287771
0.000257254
0.000277996
0.000262737
0.000249624
0.000268221
0.000233889
0.000271797
0.000251532
0.000233173
0.000251532
0.000250578
0.000251532
0.000277758
0.000274420
0.000243902
0.000251293
0.000273943
0.000277996
0.000275135
0.000251532
0.000244379
0.000271559
0.000273466
0.000252247
0.000268221
0.000251293
0.000259161
0.000250816
0.000252008
0.000242472
0.000250340
0.000250816
0.000245810
0.000285864
0.000250578
0.000237226
0.000252724
0.000265121
0.000270844
0.000252724
0.000249863
0.000266075
0.000278234
0.000226736
0.000252247
0.000251055
0.000258923
0.000250578
0.000226021
0.000275850
0.000281334
0.000251293
0.000270605
0.000256538
0.000258684
0.000271797
0.000257730
0.000230551
0.000253677
0.000242710
0.000277996
0.000273466
0.000210762
0.000252485
0.000253677
0.000246525
0.000258207
0.000251770
0.000232697
0.000227690
0.000308990
0.000256777
0.000253439
0.000237942
0.000240088
0.000244379
0.000252962
0.000238895
0.000288248
0.000257730
0.000242949
0.000252485
0.000296831
0.000234127
0.000241041
0.000231743
0.000251293
0.000228167
0.000244617
0.000213146
0.000233889
0.000233889
0.000275850
0.000243187
0.000250816
0.000245094
0.000302553
0.000240803
