0.000332355
0.000285625
0.000264168
0.000288248
0.000317574
0.000334501
0.000318289
0.000316620
0.000285387
0.000319242
0.000283718
0.000319242
0.000286579
0.000319242
0.000342131
0.000317812
0.000317097
0.000309229
0.000319958
0.000303984
0.000319958
0.000319958
0.000271797
0.000327110
0.000319719
0.000295162
0.000277519
0.000351191
0.000290394
0.000343084
0.000283003
0.000281334
0.000312805
0.000323057
0.000266552
0.000284195
0.000255585
0.000308275
0.000283480
0.000287294
0.000283480
0.000311375
0.000285387
0.000319242
0.000288010
0.000290155
0.000320911
0.000317335
0.000322580
0.000312328
0.000324011
0.000318766
0.000292063
0.000319481
0.000289202
0.000317574
0.000286341
0.000286102
0.000285864
0.000417471
0.000276566
0.000294447
0.000275612
0.000281334
0.000281811
0.000331879
0.000282049
0.000250340
0.000290871
0.000288963
0.000282526
0.000313520
0.000284433
0.000279188
0.000282764
0.000294924
0.000253201
0.000272751
0.000282764
0.000282288
0.000278711
0.000279427
0.000246286
0.000252008
0.000286102
0.000331640
0.000235319
0.000253677
0.000291824
0.000284433
0.000283957
0.000278950
0.000284672
0.000290155
0.000314474
0.000262260
0.000280857
0.000283241
0.000283718
0.000323534
