0.000270605
0.000266314
0.000256538
0.000268936
0.000273943
0.000249147
0.000304222
0.000267267
0.000271320
0.000282049
0.000273228
0.000261545
0.000282049
0.000262976
0.000254869
0.000265360
0.000303745
0.000268936
0.000270844
0.000384092
0.000288248
0.000272751
0.000293970
0.000269890
0.000288248
0.000295639
0.000271559
0.000267029
0.000241518
0.000254631
0.000253916
0.000255585
0.000262976
0.000256062
0.000261545
0.000252485
0.000302315
0.000255823
0.000289202
0.000238895
0.000292540
0.000255585
0.000251532
0.000260592
0.000267982
0.000267982
0.000268698
0.000270367
0.000289202
0.000250101
0.000303507
0.000281572
0.000231028
0.000272512
0.000272989
0.000283003
0.000287771
0.000258923
0.000264645
0.000255108
0.000274420
0.000267982
0.000285149
0.000277281
0.000279665
0.000254869
0.000264883
0.000258923
0.000260830
0.000293493
0.000266314
0.000245571
0.000252485
0.000241518
0.000266075
0.000262499
0.000285149
0.000284195
0.000305653
0.000408649
0.000288248
0.000295639
0.000311136
0.000256538
0.000266552
0.000270605
0.000281096
0.000289679
0.000300407
0.000274658
0.000312805
0.000273705
0.000314713
0.000263453
0.000276327
0.000247240
0.000267506
0.000277519
0.000273943
0.000267267
