0.000248194
0.000272751
0.000241995
0.000214577
0.000267267
0.000288486
0.000316620
0.000290632
0.000266075
0.000266552
0.000273466
0.000293493
0.000284433
0.000289202
0.000268698
0.000255585
0.000284195
0.000265837
0.000275612
0.000284433
0.000282526
0.000267267
0.000272274
0.000269175
0.000285625
0.000263214
0.000317335
0.000243902
0.000259638
0.000295401
0.000285625
0.000274181
0.000274181
0.000264168
0.000303030
0.000287056
0.000279665
0.000349283
0.000283718
0.000263453
0.000274897
0.000267506
0.000237226
0.000249863
0.000251055
0.000244379
0.000219345
0.000326395
0.000260592
0.000235796
0.000247717
0.000214338
0.000349045
0.000204086
0.000209808
0.000199795
0.000176191
0.000178099
0.000190973
0.000176430
0.000178337
0.000176430
0.000198364
0.000209570
0.000249863
0.000264645
0.000264406
0.000257492
0.000239134
0.000298500
0.000253439
0.000249386
0.000206947
0.000234842
0.000223160
0.000230312
0.000236511
0.000292301
0.000267506
0.000304222
0.000217438
0.000256062
0.000330210
0.000459194
0.000191927
0.000165939
0.000410795
0.000231504
0.000205040
0.000158310
0.000180244
0.000186682
0.000212908
0.000247478
0.000176668
0.000202417
0.000200272
0.000164509
0.000179291
0.000303984
