0.001834154
0.002052069
0.002444029
0.002345085
0.002269030
0.001971960
0.002401352
0.002371550
0.002328634
0.002034664
0.002386332
0.002358437
0.002388954
0.002023458
0.002168417
0.002615213
0.002637148
0.002665758
0.002225637
0.013891697
0.002634764
0.002201319
0.002153873
0.002570629
0.002681732
0.002290726
0.002279043
0.002270222
0.002219439
0.002359867
0.002343178
0.002613544
0.002571821
0.002535343
0.002457857
0.002325296
0.002094030
0.002229452
0.002335310
0.002372026
0.002151728
0.002269268
0.002169371
0.014025211
0.001737356
0.002235889
0.002160549
0.002134800
0.002202034
0.002210855
0.002468824
0.002380133
0.002548933
0.002484560
0.002721548
0.013497829
0.002265930
0.002451181
0.002443790
0.002399683
0.002248287
0.013262749
0.002653122
0.013531685
0.002069712
0.002523422
0.002101898
0.002277851
0.002165556
0.002154589
0.002417088
0.002185106
0.002519846
0.002391815
0.002237082
0.001908541
0.002524137
0.002104044
0.002326488
0.002575874
0.002306700
0.002562761
0.002110243
0.002078772
0.002416849
0.012823105
0.002223253
0.002519846
0.002240896
0.012497425
0.002123594
0.013575554
0.002148867
0.013501644
0.002273560
0.002289295
0.002326012
0.002429962
0.002488136
0.002445936
