0.024049282
0.016892910
0.028357029
0.014765263
0.018118620
0.017798424
0.015501022
0.016966105
0.016313314
0.016608000
0.017664433
0.015866041
0.016507387
0.016657829
0.025306702
0.017022371
0.022821903
0.024996996
0.017398596
0.025551796
0.017575979
0.016247749
0.023432732
0.018119812
0.015956163
0.017284870
0.015861988
0.015987396
0.015923262
0.017857075
0.017742634
0.017581224
0.016855717
0.014856815
0.014885187
0.021809816
0.016604900
0.016937733
0.015109301
0.016485691
0.017194271
0.017804623
0.016388178
0.016517162
0.017506361
0.016997576
0.026777506
0.017700672
0.015294313
0.017344475
0.018015862
0.017607212
0.017449617
0.026749372
0.017105818
0.016549110
0.015289545
0.015789032
0.016442299
0.016133547
0.016323566
0.023464680
0.016029358
0.025078535
0.016407728
0.017296314
0.025034428
0.026510954
0.026375771
0.014962435
0.014855862
0.016631842
0.017958641
0.017085314
0.017890215
0.018732786
0.017017365
0.017307520
0.016486883
0.027090549
0.016006470
0.016816378
0.014752626
0.029515982
0.021240473
0.016770840
0.025382042
0.014870644
0.023790836
0.025279999
0.017080545
0.017514229
0.021103621
0.024344683
0.017209053
0.018222094
0.017164946
0.017500162
0.017233133
0.017264366
