0.014529705
0.008733511
0.008231878
0.008385181
0.008324623
0.007965565
0.008607626
0.008997917
0.008284330
0.008135796
0.008125544
0.006332636
0.007996082
0.015291691
0.008887053
0.007728338
0.007978201
0.008235455
0.009470701
0.016635180
0.007675171
0.007163048
0.007990837
0.007654428
0.008083344
0.008039236
0.017124653
0.008861542
0.008798361
0.015830517
0.007941246
0.007840633
0.008533478
0.008795738
0.007936716
0.008784056
0.007882357
0.008453131
0.007576704
0.008379936
0.009181738
0.008106709
0.007739544
0.007600069
0.008665085
0.013920784
0.008058071
0.009019375
0.008368015
0.009039402
0.016738415
0.008068323
0.008579969
0.008790016
0.008932590
0.008992672
0.008492708
0.008707762
0.008841753
0.009090662
0.008701801
0.009142637
0.007871628
0.007938862
0.007806301
0.009101152
0.008732557
0.008710146
0.008757830
0.008342266
0.008462906
0.018283606
0.008234262
0.008707285
0.008697510
0.008798361
0.008311272
0.008849382
0.009020090
0.009422302
0.008794785
0.009025812
0.008732796
0.008390665
0.008450985
0.007536650
0.007908583
0.009297132
0.016209364
0.007615805
0.007848024
0.007397890
0.008744240
0.009107113
0.008450270
0.008255005
0.007107973
0.008151531
0.008035660
0.008287668
