0.000736713
0.000653267
0.000774384
0.000784636
0.000677824
0.000767231
0.000824690
0.000767946
0.000722170
0.000800133
0.000777483
0.000765085
0.000728846
0.000747681
0.000725985
0.000795364
0.000710726
0.000775337
0.000724792
0.000786066
0.000716209
0.000828266
0.000782013
0.000794172
0.000634670
0.000772238
0.000679970
0.000783920
0.000646830
0.000706673
0.000743151
0.000744104
0.000738621
0.000756025
0.000688314
0.000711203
0.000634909
0.000762701
0.000794649
0.000679016
0.000702381
0.000735760
0.000714064
0.000730515
0.000699997
0.000734091
0.000657797
0.000681877
0.000684023
0.000739336
0.000674009
0.000715733
0.000689268
0.000735998
0.000691175
0.000744581
0.000695705
0.000750065
0.000715017
0.000733376
0.000694036
0.000731230
0.000674248
0.000712395
0.000680923
0.000727654
0.000709057
0.000736952
0.000631809
0.000664234
0.000734091
0.000723362
0.000705719
0.000748396
0.000684738
0.000741005
0.000654221
0.000741720
0.000660896
0.000697136
0.000681162
0.000743389
0.000704050
0.000744581
0.000714064
0.000773907
0.000695705
0.000728369
0.000662804
0.000687361
0.000663757
0.000766277
0.000678539
0.000749826
0.000669241
0.000754118
0.000684738
0.000730038
0.000714302
0.000742674
