0.061568975
0.012409687
0.000263453
0.000205040
0.000216722
0.000242949
0.000240326
0.000270605
0.000263214
0.000198603
0.000276804
0.000284910
0.000319481
0.000273705
0.000289440
0.000288963
0.000307560
0.000262022
0.000277042
0.000288248
0.000302553
0.000262737
0.000280857
0.000271082
0.000279903
0.000253916
0.000292778
0.000252247
0.000320911
0.000289202
0.000245571
0.000249386
0.000428915
0.000251055
0.000229836
0.000395060
0.000211000
0.000197411
0.000183821
0.000167847
0.000162363
0.000216722
0.000186443
0.000177145
0.000181675
0.000184536
0.000209093
0.000293732
0.000256062
0.000197411
0.000342607
0.000300884
0.000281334
0.000235081
0.000184774
0.000173092
0.000184536
0.000241518
0.000160694
0.000208378
0.000182390
0.000164509
0.000190735
0.000159740
0.000177145
0.000164270
0.000163078
0.000168085
0.000228405
0.000195742
0.000163317
0.000174284
0.000181437
0.000284672
0.000282288
0.000285625
0.000288248
0.000270367
0.000262976
0.000272512
0.000271082
0.000316143
0.000282764
0.000405312
0.000222206
0.000269413
0.000274420
0.000271082
0.000268698
0.000263929
0.000265598
0.000272036
0.000253677
0.000273466
0.000310421
0.000288963
0.000274897
0.000272989
0.000284195
0.000244379
