0.000354290
0.000369787
0.000355959
0.000338554
0.000333309
0.000374079
0.000338554
0.000380278
0.000404596
0.000359535
0.000373840
0.000378132
0.000364065
0.000335217
0.000337839
0.000365973
0.000316620
0.000368595
0.000314474
0.000306606
0.000400305
0.000346899
0.000373363
0.000334501
0.000351667
0.000374794
0.000368595
0.000324488
0.000394583
0.000426292
0.000388622
0.000328302
0.000394583
0.000333309
0.000346899
0.000401258
0.000398874
0.000407696
0.000373125
0.000340939
0.000339985
0.000396252
0.000400066
0.000391245
0.000359058
0.000367165
0.000373125
0.000386000
0.000407696
0.000331163
0.000436068
0.000438690
0.000320196
0.000402212
0.000315666
0.000367641
0.000374556
0.000364542
0.000395536
0.000502110
0.000374317
0.000389576
0.000425816
0.000333309
0.000365257
0.000398874
0.000332355
0.000404835
0.000434399
0.000352859
0.000328064
0.000369787
0.000393629
0.000398397
0.000442505
0.000391722
0.000392914
0.000432730
0.000390291
0.000342131
0.000422955
0.000327826
0.000334740
0.000432014
0.000412703
0.000399351
0.000428915
0.000358582
0.000389814
0.000379562
0.000392437
0.000398636
0.000424862
0.000330687
0.000390768
0.000414133
0.000399590
0.000358820
0.000421286
0.000392437
