0.000250816
0.000532627
0.000313282
0.000251532
0.000270367
0.000257492
0.000246763
0.000273943
0.000255108
0.000521421
0.000255108
0.000283480
0.000281334
0.000276566
0.000272989
0.000278711
0.000275373
0.000258207
0.000255585
0.000255823
0.000227451
0.000227690
0.000317097
0.000228882
0.000238657
0.000290155
0.000288248
0.000268221
0.000278234
0.000256538
0.000281572
0.000285387
0.000266552
0.000175953
0.000250340
0.000227928
0.000232458
0.000238895
0.000231981
0.000288486
0.000532389
0.000229597
0.000247478
0.000234127
0.000319242
0.000234842
0.000235558
0.000228882
0.000223398
0.000355959
0.000281811
0.000290871
0.000262737
0.000267982
0.000266075
0.000302792
0.000290871
0.000299454
0.000279427
0.000253201
0.000200033
0.000246525
0.000252724
0.000241280
0.000529766
0.000216722
0.000157595
0.000127792
0.000341892
0.000226021
0.000221729
0.000226736
0.000298262
0.000234604
0.000169516
0.000220060
0.000237703
0.000215292
0.000183344
0.000275850
0.000186443
0.000223160
0.000239372
0.000243664
0.000254631
0.000253677
0.000187159
0.000274420
0.000182152
0.000187635
0.000267029
0.000296116
0.000340462
0.000296354
0.000294209
0.000299454
0.000300407
0.000285149
0.000331163
0.000293016
