0.005203009
0.004816294
0.004048109
0.004471540
0.004189491
0.004247427
0.004058599
0.004099369
0.004276752
0.004618883
0.003383160
0.014119148
0.004738569
0.004305840
0.004303455
0.003841877
0.016555309
0.013277292
0.005060673
0.004093885
0.003836632
0.005238533
0.004646540
0.004311800
0.004348516
0.004665136
0.005210638
0.004241228
0.003984213
0.004358292
0.013714790
0.004615784
0.003952026
0.004324675
0.004328251
0.004703760
0.004277229
0.004213810
0.004143000
0.004923820
0.005481958
0.004612446
0.004431725
0.005184889
0.005094290
0.004041433
0.003686428
0.004837036
0.004060030
0.004628658
0.003928661
0.004534006
0.004271746
0.004434109
0.003981829
0.004200935
0.004082441
0.004754066
0.004386902
0.004876614
0.004270554
0.004440308
0.004479408
0.004696608
0.004567385
0.004218340
0.004503727
0.004230261
0.004417658
0.003849983
0.004817009
0.004622459
0.003715038
0.013001680
0.005661488
0.004533052
0.003875494
0.004586935
0.004706621
0.005748510
0.004120827
0.004857063
0.004474401
0.005314350
0.004557610
0.004515171
0.004207611
0.004346609
0.004173517
0.004571676
0.004438639
0.005173206
0.004140854
0.012821198
0.004129171
0.013211727
0.005122423
0.004877567
0.004102707
0.004530191
