0.000290394
0.000353813
0.000305891
0.000297546
0.000301123
0.000379324
0.000312090
0.000359774
0.000259876
0.000323057
0.000322819
0.000349283
0.000321865
0.000270128
0.000381231
0.000320673
0.000268221
0.000340939
0.000314236
0.000343084
0.000340700
0.000280142
0.000350475
0.000358105
0.000363588
0.000306845
0.000348568
0.000352859
0.000349045
0.000350952
0.000323534
0.000269651
0.000388145
0.000349998
0.000310659
0.000334740
0.000319242
0.000339270
0.000318527
0.000281096
0.000344276
0.000375032
0.000267982
0.000331879
0.000313520
0.000318766
0.000282764
0.000349760
0.000337839
0.000335693
0.000334740
0.000294447
0.000338078
0.000305176
0.000308514
0.000360250
0.000308037
0.000267029
0.000349522
0.000475645
0.000334978
0.000270844
0.000264883
0.000318527
0.000315189
0.000302792
0.000328779
0.000349283
0.000405312
0.000314236
0.000306129
0.000310659
0.000330687
0.000304699
0.000308037
0.000316858
0.000349045
0.000349283
0.000337362
0.000308037
0.000266314
0.000318527
0.000305653
0.000318050
0.000339985
0.000350475
0.000322342
0.000318766
0.000262022
0.000293016
0.000270605
0.000324249
0.000354052
0.000272512
0.000370502
0.000335217
0.000330210
0.000333309
0.000347614
0.000270367
