0.000296116
0.000277996
0.000252247
0.000303984
0.000267029
0.000241280
0.000307083
0.000294685
0.000241995
0.000285149
0.000298738
0.000331402
0.000295877
0.000287056
0.000307083
0.000294209
0.000295639
0.000304222
0.000312090
0.000285149
0.000295162
0.000300169
0.000292301
0.000267744
0.000258923
0.000283241
0.000284910
0.000297546
0.000329256
0.000299215
0.000326872
0.000278234
0.000291348
0.000256777
0.000295162
0.000325441
0.000330448
0.000350714
0.000323534
0.000323296
0.000281572
0.000325680
0.000294209
0.000285149
0.000265598
0.000250340
0.000251770
0.000284910
0.000290632
0.000252247
0.000279188
0.000324965
0.000323057
0.000282288
0.000296354
0.000295162
0.000257969
0.000234842
0.000297785
0.000415802
0.000277281
0.000274420
0.000265360
0.000301123
0.000297308
0.000323296
0.000271797
0.000326872
0.000229359
0.000326395
0.000270128
0.000268698
0.000308514
0.000267506
0.000313997
0.000293255
0.000322342
0.000251055
0.000260353
0.000278711
0.000240326
0.000333071
0.000309706
0.000277996
0.000324488
0.000298500
0.000295877
0.000318050
0.000294685
0.000530243
0.000252008
0.000290394
0.000324249
0.000251055
0.000330210
0.000296116
0.000310421
0.000300169
0.000239611
0.000238657
