0.000280857
0.000323772
0.000279665
0.000333786
0.000246525
0.000265121
0.000273943
0.000341892
0.000367880
0.000238180
0.000283957
0.000320673
0.000247717
0.000342846
0.000296354
0.000247955
0.000246763
0.000262499
0.000248909
0.000276566
0.000298500
0.000302792
0.000248432
0.000282288
0.000319719
0.000248194
0.000248432
0.000313997
0.000298023
0.000345230
0.000294924
0.000260830
0.000262976
0.000255108
0.000297546
0.000344515
0.000261784
0.000264168
0.000249147
0.000235558
0.000278950
0.000312805
0.000251770
0.000345469
0.000380278
0.000260592
0.000228405
0.000263691
0.000326157
0.000341415
0.000297785
0.000297785
0.000294685
0.000343800
0.000264883
0.000356197
0.000280619
0.000251532
0.000294924
0.000278711
0.000248909
0.000249624
0.000248194
0.000275373
0.000369072
0.000275850
0.000374317
0.000344038
0.000251293
0.000341892
0.000277281
0.000278234
0.000266314
0.000277519
0.000293970
0.000249624
0.000275135
0.000340223
0.000275850
0.000345945
0.000260592
0.000308275
0.000276089
0.000330448
0.000343561
0.000251055
0.000232935
0.000265598
0.000234604
0.000297546
0.000347614
0.000252962
0.000279665
0.000342846
0.000291824
0.000355244
0.000359535
0.000343323
0.000315428
0.000266075
