0.000380039
0.000346422
0.000378847
0.000385284
0.000313997
0.000408888
0.000368118
0.000338793
0.000404358
0.000357866
0.000376701
0.000440121
0.000362635
0.000334740
0.000422478
0.000331879
0.000384331
0.000427961
0.000384808
0.000337362
0.000423193
0.000375032
0.000350714
0.000409365
0.000376701
0.000389576
0.000417709
0.000376940
0.000386715
0.000429630
0.000398397
0.000394106
0.000426292
0.000353098
0.000386477
0.000397682
0.000395298
0.000374556
0.000410080
0.000371695
0.000373125
0.000411749
0.000347853
0.000333786
0.000414848
0.000373602
0.000334024
0.000400543
0.000353336
0.000387430
0.000435114
0.000358105
0.000376225
0.000366211
0.000332117
0.000377655
0.000426769
0.000390768
0.000383615
0.000507355
0.000297070
0.000388145
0.000408888
0.000369310
0.000390053
0.000420570
0.000371218
0.000381470
0.000406981
0.000384569
0.000366449
0.000419378
0.000385761
0.000333071
0.000407219
0.000381470
0.000321150
0.000409842
0.000414610
0.000385046
0.000405073
0.000334263
0.000388145
0.000505686
0.000404358
0.000367403
0.000413656
0.000373363
0.000390530
0.000366926
0.000394344
0.000371456
0.000390291
0.000374794
0.000407934
0.000383377
0.000391245
0.000366211
0.000439882
0.000353575
