0.002401590
0.002622366
0.002297163
0.002266645
0.002724886
0.002591610
0.002513885
0.002566099
0.002357006
0.002513647
0.002400637
0.002593756
0.014806032
0.002352953
0.002502441
0.002582073
0.002611399
0.002611399
0.002549887
0.002391815
0.002643824
0.002451420
0.002463818
0.002475739
0.002517223
0.002605677
0.002504587
0.002649784
0.002622604
0.002583981
0.013469696
0.002629280
0.002553701
0.002551556
0.002524137
0.002522469
0.002684116
0.002586842
0.002442837
0.002651453
0.002577543
0.002635717
0.014899969
0.002532721
0.002473831
0.002699614
0.002651453
0.002662420
0.002633333
0.002558708
0.002369881
0.002517223
0.002560139
0.002590895
0.002552748
0.002619982
0.014815092
0.002459288
0.002559662
0.002563715
0.002484083
0.002532005
0.002513170
0.002704382
0.002465010
0.002517223
0.002705812
0.002561331
0.002618313
0.002578020
0.002536297
0.002435446
0.002600670
0.002514362
0.002453327
0.002710342
0.014512300
0.002514839
0.002514124
0.002828121
0.002713919
0.002559900
0.002450228
0.002570868
0.002480745
0.002617121
0.002499580
0.002367973
0.002341986
0.002559662
0.002490997
0.002600908
0.002557516
0.002498627
0.013513088
0.002543926
0.002430916
0.002561092
0.014693975
0.002491951
