0.013476849
0.013772964
0.004301310
0.004444838
0.004714489
0.004450083
0.004394531
0.004394531
0.004611254
0.004546642
0.004513979
0.004472256
0.004442930
0.004521847
0.004535437
0.004511118
0.004553556
0.004491806
0.004404306
0.004486561
0.004431486
0.004537582
0.004445791
0.004625559
0.004526138
0.004537821
0.004431963
0.004514217
0.004450798
0.004499674
0.004750490
0.004551888
0.013503075
0.004581690
0.004681110
0.004841089
0.004673958
0.004630566
0.004526854
0.004663467
0.004657745
0.004893541
0.004625082
0.004771948
0.004638195
0.004919529
0.004709721
0.004770279
0.014103651
0.015119553
0.005002499
0.016115904
0.005170584
0.005305767
0.005232096
0.015695572
0.005300045
0.016306877
0.014254332
0.004962921
0.004920244
0.005082607
0.005101204
0.005635500
0.005422592
0.004946470
0.004951000
0.005091906
0.005219936
0.004937410
0.005032778
0.005312443
0.005104303
0.004987240
0.005136967
0.005180836
0.005390644
0.005144596
0.005248308
0.005127430
0.005065680
0.016104937
0.004808426
0.004594803
0.004667521
0.004801750
0.004688263
0.004772663
0.004809856
0.004699945
0.004714727
0.004683971
0.004710197
0.015855312
0.004665852
0.004614830
0.004698992
0.004717827
0.004924059
0.015171528
