0.067609787
0.017716169
0.000186205
0.000189066
0.000239134
0.000160456
0.000236750
0.000271320
0.000208139
0.000520229
0.000226736
0.000218630
0.000219107
0.000219107
0.000245094
0.000204325
0.000219822
0.000240564
0.000254631
0.000349522
0.000252724
0.000258684
0.000301123
0.000252008
0.000348330
0.000246286
0.000253439
0.000236511
0.000257254
0.000336647
0.000321627
0.000222206
0.000236273
0.000274658
0.000242472
0.000254393
0.000248432
0.000243902
0.000232697
0.000267267
0.000263929
0.000218391
0.000217438
0.000268459
0.000242233
0.000324726
0.000249863
0.000308990
0.000221252
0.000353098
0.000217676
0.000313044
0.000223875
0.000327349
0.000271559
0.000269413
0.000332117
0.000258446
0.000173569
0.000323534
0.000229120
0.000226498
0.000307083
0.000247478
0.000406742
0.000346184
0.000237226
0.000244379
0.000338793
0.000251055
0.000263929
0.000326395
0.000240803
0.000345945
0.000244379
0.000246763
0.000476599
0.000241041
0.000351191
0.000338554
0.000234842
0.000247717
0.000312090
0.000323772
0.000258923
0.000290871
0.000323296
0.000294447
0.000296593
0.000270128
0.000254393
0.000276804
0.000336409
0.000291586
0.000284433
0.000333548
0.000322104
0.000264406
0.000342369
0.000257730
