0.000956535
0.000970364
0.001028538
0.001143217
0.001055479
0.001063824
0.001035213
0.001131296
0.001068830
0.001054287
0.001024008
0.001040697
0.001045227
0.000984669
0.001122952
0.001029491
0.001097918
0.001037836
0.001091003
0.001067400
0.012229919
0.001023054
0.001022339
0.001044273
0.001114845
0.001045227
0.001069069
0.001140594
0.000983000
0.001088381
0.001080990
0.001042128
0.000989914
0.001016617
0.001073599
0.001064062
0.001086235
0.001064777
0.001080036
0.000994682
0.001032114
0.001081705
0.001071692
0.001167297
0.001040220
0.001072168
0.001117945
0.001106024
0.001066685
0.001027346
0.001038551
0.000981569
0.000933170
0.001048088
0.001075268
0.001045704
0.001042843
0.001098633
0.001203775
0.001123428
0.001123190
0.001087189
0.000923395
0.000954628
0.001078129
0.001030922
0.001012325
0.000990152
0.001185894
0.001123905
0.000992298
0.001013279
0.001134872
0.001097679
0.000961781
0.000935793
0.001088858
0.001135826
0.001228809
0.001066208
0.001054525
0.001036167
0.001110077
0.001078129
0.001208782
0.001129389
0.001065254
0.001016855
0.001120329
0.000985622
0.001115084
0.001068592
0.000949860
0.000990152
0.001108170
0.001115084
0.001104832
0.001084328
0.000994682
0.001049995
