0.017359972
0.010168791
0.017368317
0.009205818
0.016239643
0.008949995
0.008992195
0.008811474
0.009057522
0.008895636
0.015346289
0.009122133
0.016113758
0.009679556
0.009184837
0.009357691
0.009183407
0.009307146
0.009329557
0.009240627
0.009207249
0.009218693
0.009266138
0.009416103
0.009232044
0.009172678
0.009155035
0.009226084
0.009194136
0.009051323
0.009111166
0.009225130
0.009371281
0.009206057
0.009196281
0.027153969
0.009018660
0.008658648
0.008672237
0.018959522
0.016954184
0.017483234
0.009003878
0.008758545
0.008637428
0.008674145
0.008697510
0.008659124
0.008853674
0.008744001
0.008708239
0.008865356
0.008696079
0.008778811
0.008579254
0.008815050
0.016735554
0.008886337
0.008783579
0.019246578
0.009055853
0.008703232
0.008663177
0.018731356
0.008960485
0.008587837
0.008819580
0.008705616
0.010286808
0.009097338
0.009080410
0.009296179
0.008943319
0.008899450
0.009052753
0.008870840
0.009124041
0.019431114
0.009206295
0.008717537
0.009277344
0.009769917
0.017314672
0.008931398
0.009392500
0.009330988
0.009414911
0.009814501
0.009989023
0.009453535
0.016958952
0.009907246
0.009601831
0.009039164
0.009114027
0.009327888
0.009547472
0.009307623
0.009479761
0.009329557
