0.000651836
0.000609398
0.000617027
0.000580311
0.000582695
0.000630856
0.000614643
0.000600576
0.000554085
0.000649452
0.000604630
0.000640392
0.000564098
0.000625372
0.000588655
0.000599861
0.000601053
0.000663280
0.000584364
0.000645161
0.000564098
0.000642300
0.000601053
0.000609398
0.000546455
0.000586748
0.000560045
0.000627756
0.000617981
0.000662088
0.000589848
0.000668764
0.000558376
0.000616789
0.000620604
0.000618696
0.000581026
0.000658989
0.000552654
0.000590324
0.000601292
0.000674009
0.000601053
0.000679255
0.000600815
0.000627041
0.000591516
0.000666142
0.000542641
0.000643730
0.000538826
0.000585556
0.000599623
0.000666618
0.000603437
0.000636816
0.000566006
0.000603199
0.000558138
0.000596523
0.000558615
0.000648022
0.000628233
0.000598907
0.000561714
0.000636339
0.000563622
0.000634193
0.000621557
0.000608206
0.000592709
0.000611544
0.000555515
0.000668526
0.000589371
0.000603914
0.000584841
0.000623941
0.000563383
0.000631809
0.000558853
0.000619650
0.000584841
0.000621796
0.000608444
0.000730991
0.000560999
0.000610590
0.000684977
0.000725985
0.000664949
0.000637531
0.000622988
0.000689030
0.000650883
0.000659943
0.000616550
0.000722885
0.000621557
0.000623703
