0.000323534
0.000349522
0.000358105
0.000379324
0.000305176
0.000328064
0.000332594
0.000299931
0.000375509
0.000357389
0.000328064
0.000313282
0.000359058
0.000347376
0.000340939
0.000312567
0.000333786
0.000355482
0.000386953
0.000333309
0.000345707
0.000313282
0.000335693
0.000335693
0.000351906
0.000381231
0.000389814
0.000338554
0.000370264
0.000341177
0.000360012
0.000314951
0.000298023
0.000356436
0.000326395
0.000365257
0.000317097
0.000358343
0.000393152
0.000302792
0.000370979
0.000322342
0.000321388
0.000363588
0.000359774
0.000358820
0.000371933
0.000359297
0.000345230
0.000340700
0.000303745
0.000323534
0.000282288
0.000423908
0.000354290
0.000319004
0.000323296
0.000364304
0.000400066
0.000372171
0.000330687
0.000315666
0.000319004
0.000390291
0.000359774
0.000391483
0.000365973
0.000338078
0.000337124
0.000378132
0.000314474
0.000361204
0.000334501
0.000342846
0.000394583
0.000360727
0.000308275
0.000393152
0.000418186
0.000322580
0.000320911
0.000280857
0.000313282
0.000375748
0.000326872
0.000293255
0.000297785
0.000347614
0.000342369
0.000362635
0.000364065
0.000385046
0.000310659
0.000389338
0.000339985
0.000390530
0.000340462
0.000325918
0.000374794
0.000283718
