0.011669636
0.001351833
0.001348495
0.001350403
0.001617908
0.001547098
0.001678467
0.001507282
0.001521587
0.001594782
0.001554251
0.001523733
0.001454353
0.001577616
0.001526833
0.001564980
0.001626730
0.001566410
0.001598120
0.001558065
0.001436234
0.001591206
0.001661777
0.001570940
0.001440763
0.001624107
0.001537561
0.001601696
0.001674652
0.001482487
0.001574278
0.001657724
0.001547575
0.001516581
0.001546383
0.001514673
0.001498461
0.001540899
0.001416206
0.001638651
0.001475573
0.001647711
0.001476526
0.001655817
0.001669645
0.001617670
0.001574993
0.001560926
0.001368761
0.001540661
0.001554012
0.001510620
0.001522064
0.001429558
0.001471281
0.001500607
0.001475811
0.001657486
0.001630306
0.001707792
0.001544952
0.001523256
0.001542091
0.001478910
0.001578569
0.001438379
0.001461267
0.001435757
0.001742363
0.001672268
0.001581669
0.001486301
0.001505613
0.001678228
0.001662970
0.001501560
0.001597881
0.001555443
0.001531839
0.001460075
0.001561880
0.001708269
0.001514435
0.001663923
0.001376152
0.001549959
0.001596689
0.001507759
0.001551390
0.001479387
0.001461029
0.001529217
0.001632690
0.001561165
0.001519442
0.001499176
0.001576424
0.001630545
0.001698971
0.001625776
