0.000367880
0.000299454
0.000303745
0.000284672
0.000316858
0.000308990
0.000271082
0.000298500
0.000285864
0.000322580
0.000300884
0.000305414
0.000298262
0.000260592
0.000302553
0.000286341
0.000328541
0.000270367
0.000300884
0.000303268
0.000331163
0.000301123
0.000291109
0.000301600
0.000252247
0.000291348
0.000311136
0.000295639
0.000289440
0.000330448
0.000298262
0.000281811
0.000283480
0.000352383
0.000279903
0.000242710
0.000314236
0.000301600
0.000260353
0.000318766
0.000271559
0.000271797
0.000299454
0.000302792
0.000325441
0.000325441
0.000310898
0.000302076
0.000313997
0.000301838
0.000305653
0.000299454
0.000281096
0.000277519
0.000324249
0.000341654
0.000320196
0.000330687
0.000302315
0.000343800
0.000329256
0.000279665
0.000319958
0.000301838
0.000297070
0.000322342
0.000328779
0.000351667
0.000298977
0.000300646
0.000263929
0.000303268
0.000302315
0.000278473
0.000263929
0.000301838
0.000304222
0.000371218
0.000299454
0.000269651
0.000277996
0.000295401
0.000333786
0.000265598
0.000347376
0.000376225
0.000304461
0.000266790
0.000313282
0.000300646
0.000314713
0.000261068
0.000333309
0.000308990
0.000301600
0.000323534
0.000309944
0.000330687
0.000299454
0.000272989
