0.000128031
0.000147581
0.000085115
0.000087738
0.000089169
0.000077009
0.000066519
0.000076056
0.000068903
0.000072718
0.000079155
0.000075340
0.000070810
0.000085831
0.000075579
0.000063658
0.000069380
0.000073433
0.000061989
0.000074387
0.000076532
0.000067711
0.000098944
0.000085592
0.000072241
0.000069857
0.000071764
0.000076056
0.000067949
0.000074863
0.000067711
0.000071764
0.000074387
0.000080585
0.000075579
0.000083685
0.000066280
0.000074148
0.000066996
0.000070572
0.000080109
0.000096083
0.000081301
0.000078678
0.000078201
0.000064373
0.000069857
0.000075102
0.000062943
0.000083208
0.000073671
0.000068188
0.000074387
0.000080347
0.000072002
0.000068903
0.000079393
0.000080585
0.000067234
0.000075579
0.000074387
0.000078678
0.000085354
0.000071764
0.000075102
0.000078440
0.000066757
0.000073910
0.000066757
0.000070095
0.000077963
0.000074148
0.000071526
0.000078678
0.000080824
0.000065327
0.000069618
0.000074387
0.000062466
0.000074863
0.000077486
0.000066757
0.000074625
0.000077486
0.000071049
0.000068426
0.000072956
0.000074625
0.000074863
0.000074863
0.000079632
0.000073671
0.000075579
0.000074863
0.000075340
0.000075579
0.000066042
0.000074625
0.000067234
0.000071049
0.000077963
0.000073671
0.000074148
0.000072002
0.000074863
0.000063896
0.000068665
0.000075817
0.000066042
0.000073671
0.000071049
0.000066757
0.000081539
0.000090122
0.000072002
0.000069141
0.000078917
0.000073433
0.000067472
0.000074863
0.000069857
0.000074863
0.000078917
0.000066996
0.000075102
0.000074863
0.000066996
0.000074625
0.000068665
0.000069618
0.000080347
0.000073671
0.000076532
0.000069618
0.000074387
0.000064135
0.000068903
0.000073433
0.000063658
0.000082254
