0.020479202
0.000258207
0.000506878
0.000104189
0.000086784
0.000256300
0.000232935
0.000104666
0.000078678
0.000107765
0.000281096
0.000312328
0.000163794
0.000161409
0.000118732
0.000140429
0.000295162
0.000104904
0.000077486
0.000080109
0.000072479
0.000068188
0.000085115
0.000084162
0.000061989
0.000066519
0.000070095
0.000060320
0.000072956
0.000070095
0.000069857
0.000074863
0.000071526
0.000065804
0.000066757
0.000066757
0.000070095
0.000068903
0.000070572
0.000071526
0.000066996
0.000070572
0.000069618
0.000071049
0.000073433
0.000062227
0.000176668
0.000063896
0.000066042
0.000075579
0.000078201
0.000066996
0.000071526
0.000073433
0.000058651
0.000066280
0.000070095
0.000058174
0.000070095
0.000068426
0.000062704
0.000129700
0.000087976
0.000067472
0.000167608
0.000068665
0.000069380
0.000061750
0.000070572
0.000066519
0.000068665
0.000070810
0.000069618
0.000071764
0.000070333
0.000062227
0.000178099
0.000063658
0.000065565
0.000077248
0.000069141
0.000065565
0.000186920
0.000072002
0.000073671
0.000066280
0.000073433
0.000058889
0.000071287
0.000070810
0.000065327
0.000074387
0.000072956
0.000065327
0.000172615
0.000066996
0.000073433
0.000063419
0.000070095
0.000065565
0.000080824
0.000081778
0.000082731
0.000075817
0.000082254
0.000065327
0.000079155
0.000069618
0.000070333
0.000078201
0.000073910
0.000078440
0.000079870
0.000075340
0.000062943
0.000069141
0.000074148
0.000060558
0.000073671
0.000074625
0.000077248
0.000075102
0.000083208
0.000072479
0.000077724
0.000072956
0.000075579
0.000066280
0.000079870
0.000080109
0.000073433
0.000076532
0.000071287
0.000075340
0.000074625
0.000066280
0.000074148
0.000074387
0.000069618
0.000076294
