0.023767948
0.023254156
0.021770477
0.012623310
0.015486240
0.020989656
0.015490532
0.012909651
0.015557766
0.015560150
0.015567541
0.012830496
0.015710592
0.012793541
0.012885809
0.015619755
0.015665054
0.012547016
0.012964249
0.012189150
0.015687943
0.012792587
0.014925957
0.013908386
0.012414455
0.015568018
0.015670300
0.015612364
0.012872696
0.015528440
0.012853622
0.019894361
0.014561176
0.012391090
0.015535831
0.012263536
0.022812128
0.022510529
0.012149334
0.011197090
0.015149117
0.014939308
0.014598608
0.015089750
0.011235714
0.012332916
0.013616085
0.014909506
0.022042036
0.011183739
0.015032053
0.011227846
0.014498234
0.011715651
0.014718294
0.014927387
0.019122362
0.022225857
0.010847330
0.021804810
0.019763231
0.012582541
0.013751030
0.015478134
0.012530327
0.015592575
0.015581369
0.012677193
0.012617111
0.015076876
0.012681484
0.012565374
0.014860868
0.022836924
0.021928787
0.015418768
0.012351990
0.012529135
0.030767918
0.012165070
0.022044420
0.022837400
0.021947145
0.021764278
0.015288115
0.013730764
0.015259266
0.012218475
0.012603760
0.015286684
0.015512228
0.015377998
0.012687683
0.015405655
0.015426397
0.015578747
0.019735336
0.015455484
0.022010803
0.019809723
0.012779474
0.012136221
0.021168709
0.012236834
0.012005568
0.012211561
0.019400358
0.012165546
0.012545347
0.009643316
0.010779381
0.016185999
0.010577202
0.010794878
0.016167402
0.010577440
0.010553360
0.010758162
0.016159534
0.021193266
0.016156912
0.010668039
0.010633707
0.010519505
0.010699987
0.010595083
0.010517836
0.010662794
0.012068033
0.012664795
0.018196821
0.019281149
0.020778894
0.011853933
0.011444569
0.012059689
0.011149168
0.011963367
0.012082100
0.021452904
