0.011735201
0.002105951
0.001596689
0.001719713
0.000701189
0.001745224
0.000857830
0.001717329
0.000713348
0.001698494
0.002050877
0.002166986
0.002006054
0.001617670
0.001930952
0.001578808
0.001591206
0.001345396
0.001559019
0.001563549
0.001533270
0.001715422
0.000852108
0.001557827
0.000853539
0.000860691
0.001551151
0.001565456
0.001368284
0.001600266
0.001977444
0.001765966
0.001561165
0.001542330
0.001521826
0.000705242
0.000857830
0.000854492
0.001719236
0.000698328
0.001724005
0.001699686
0.001549959
0.001723051
0.001529455
0.001560926
0.000859499
0.000870705
0.001264811
0.001571894
0.001605988
0.001715660
0.000705957
0.001600981
0.001545429
0.000858307
0.001484632
0.001689911
0.001564741
0.001697540
0.001625538
0.002250433
0.001998663
0.001706600
0.001554251
0.001531601
0.000854492
0.001602173
0.001435518
0.001707315
0.002033949
0.001628637
0.001737833
0.001543283
0.001715899
0.001682758
0.001569510
0.000713587
0.001554966
0.002016068
0.001657724
0.001591682
0.001939058
0.001994133
0.001578331
0.001949072
0.001585007
0.001658678
0.001709223
0.001574993
0.001742601
0.001737118
0.001741409
0.001563311
0.001560688
0.001739502
0.001721621
0.001699448
0.001597643
0.000701189
0.001665831
0.001498938
0.001562357
0.001506805
0.001452208
0.001487970
0.000690937
0.001551390
0.001465559
0.001532078
0.001523018
0.001512051
0.011552811
0.001490593
0.001477957
0.001482964
0.001542568
0.001499414
0.001484156
0.001471281
0.001508951
0.001503944
0.001522779
0.001465082
0.001484394
0.001530886
0.001498938
0.001494169
0.011009216
0.000892401
0.001700163
0.001629114
0.001497746
0.001495361
0.001491547
0.001497507
0.001485825
0.001516342
0.001496315
0.001587391
