0.000131130
0.000122309
0.000084877
0.000079155
0.000137568
0.000076294
0.000079632
0.000067949
0.000072718
0.000080824
0.000067472
0.000076771
0.000079155
0.000079632
0.000103474
0.000077486
0.000075817
0.000073910
0.000074863
0.000081539
0.000073433
0.000088215
0.000075340
0.000076771
0.000084162
0.000069380
0.000077963
0.000078917
0.000070572
0.000079632
0.000073910
0.000076532
0.000077963
0.000077486
0.000086069
0.000074148
0.000105619
0.000070810
0.000073195
0.000077724
0.000067711
0.000085592
0.000077486
0.000070333
0.000082016
0.000072002
0.000072956
0.000071764
0.000074625
0.000078201
0.000078917
0.000081778
0.000079155
0.000071526
0.000093460
0.000070810
0.000079870
0.000080347
0.000070095
0.000077963
0.000072479
0.000075340
0.000077248
0.000075340
0.000077963
0.000072241
0.000075817
0.000067949
0.000071049
0.000079155
0.000070333
0.000090599
0.000086308
0.000122786
0.000089884
0.000076056
0.000076056
0.000073433
0.000074148
0.000078917
0.000071287
0.000076771
0.000072718
0.000076771
0.000085115
0.000070095
0.000083685
0.000078678
0.000070572
0.000078440
0.000073433
0.000074148
0.000081301
0.000077963
0.000083923
0.000072956
0.000078678
0.000067711
0.000071049
0.000077486
0.000067711
0.000074863
0.000075817
0.000077963
0.000084639
0.000072718
0.000132322
0.000077486
0.000075102
0.000080109
0.000072479
0.000078440
0.000072956
0.000080109
0.000087500
0.000071526
0.000077009
0.000079393
0.000070095
0.000080585
0.000075340
0.000074387
0.000075817
0.000074148
0.000077009
0.000070572
0.000077724
0.000067711
0.000074148
0.000085354
0.000066519
0.000074387
0.000077963
0.000069618
0.000083923
0.000073195
0.000073433
0.000071526
0.000073671
0.000084400
