0.016094685
0.007986784
0.006730080
0.008117437
0.008046389
0.006576061
0.008056641
0.006649494
0.008006334
0.006529093
0.008095026
0.008058548
0.007978916
0.006624937
0.006559610
0.006598949
0.008022070
0.006599903
0.008044720
0.006031990
0.006658316
0.006593227
0.024968863
0.007191896
0.007990599
0.006519079
0.006611586
0.006593466
0.007996798
0.008031130
0.006649971
0.013655663
0.008063316
0.007981539
0.007992983
0.006550074
0.007973909
0.006573200
0.007990599
0.005276203
0.008076668
0.008140802
0.008029461
0.008041859
0.006514549
0.006577015
0.007974148
0.013651133
0.013382196
0.007677794
0.008021593
0.008094788
0.006552696
0.007992744
0.006559849
0.006522655
0.007955313
0.008033037
0.006550074
0.007474184
0.013156176
0.006519794
0.007135868
0.006540537
0.007950306
0.013846874
0.007976532
0.008028269
0.015949965
0.005261421
0.008035183
0.013779879
0.006504059
0.007955074
0.015444994
0.006525993
0.013491869
0.007972002
0.006524086
0.005628347
0.006567955
0.008008957
0.006567478
0.007987022
0.006533384
0.007113695
0.007992029
0.008027792
0.008003473
0.005555391
0.006588459
0.007975101
0.006584406
0.007970572
0.006567717
0.006554604
0.007956505
0.005938053
0.008059740
0.007568598
0.008003235
0.006295681
0.006334066
0.006298780
0.006301641
0.006347895
0.006343842
0.006325960
0.006367207
0.005892515
0.006381750
0.006326675
0.005766153
0.006331205
0.006299496
0.006281137
0.006294012
0.006371260
0.006300211
0.006063938
0.006295443
0.006317616
0.005724907
0.006279230
0.006282091
0.006328344
0.006312370
0.005110502
0.006374836
0.006005049
0.006345510
0.006317139
0.006327868
0.006607771
0.006117105
0.006431818
0.005588293
0.006469250
0.006368160
0.003077030
