0.013516665
0.004213810
0.004054308
0.003322363
0.003265142
0.003390074
0.004000902
0.003951073
0.003353357
0.004020452
0.003393888
0.004077673
0.003298521
0.004080296
0.004034042
0.004041195
0.003310442
0.002959967
0.004073620
0.003443956
0.003345490
0.003227949
0.003273249
0.003578663
0.004035473
0.003167629
0.003309727
0.004072666
0.003282547
0.003340006
0.004125834
0.004030704
0.003468752
0.004093170
0.003990650
0.003324986
0.003280640
0.004003763
0.004058838
0.004121304
0.004250765
0.003369093
0.004088163
0.004077911
0.004031181
0.003340960
0.003320217
0.004059076
0.004096270
0.003340721
0.003374577
0.003314734
0.004058361
0.003296375
0.011934042
0.004062653
0.004054070
0.003326416
0.004040480
0.003477097
0.003438234
0.004073620
0.003521919
0.003330708
0.004037380
0.003293514
0.003312588
0.004040003
0.004058123
0.003346920
0.004115105
0.003288746
0.003360271
0.004036665
0.004018784
0.003331184
0.003292561
0.004040480
0.004005432
0.003315687
0.003400564
0.003204584
0.003319263
0.004027843
0.004009724
0.003319502
0.004017591
0.004096985
0.003302336
0.003390789
0.004082441
0.004022598
0.004066229
0.011201859
0.003955126
0.003293514
0.003960609
0.012154341
0.003298283
0.003392220
0.004125118
0.003211260
0.003219128
0.003246307
0.002964973
0.002839327
0.003219366
0.003216982
0.003146172
0.003273726
0.003218412
0.003224850
0.003187656
0.003164053
0.003209829
0.003170729
0.003177881
0.003171921
0.003188610
0.003287315
0.003243685
0.003159285
0.003211975
0.003184795
0.002983332
0.003173113
0.003144503
0.003238201
0.003109217
0.003288746
0.003214121
0.003183126
0.003191710
0.003242493
0.003086329
0.003166914
0.003173113
0.003153563
0.003166914
0.003325701
