0.000146151
0.000169039
0.000084400
0.000092268
0.000087976
0.000084162
0.000095367
0.000085115
0.000082493
0.000098705
0.000083685
0.000087738
0.000138521
0.000090361
0.000084639
0.000086784
0.000097275
0.000079632
0.000089645
0.000089645
0.000078678
0.000087023
0.000081539
0.000081778
0.000097275
0.000089645
0.000100374
0.000084400
0.000087738
0.000080824
0.000138760
0.000087738
0.000079632
0.000086069
0.000088453
0.000081062
0.000095844
0.000083685
0.000083923
0.000088692
0.000084162
0.000088930
0.000082493
0.000090361
0.000083923
0.000087261
0.000142574
0.000079393
0.000150204
0.000086069
0.000078440
0.000089645
0.000082970
0.000082016
0.000087500
0.000084877
0.000098705
0.000088453
0.000089645
0.000079632
0.000082970
0.000088453
0.000078678
0.000087500
0.000088215
0.000142097
0.000093222
0.000082254
0.000082970
0.000088692
0.000083447
0.000095606
0.000084162
0.000089169
0.000092030
0.000084400
0.000092983
0.000078678
0.000089407
0.000082731
0.000077963
0.000086784
0.000138998
0.000082254
0.000087738
0.000086546
0.000093937
0.000082970
0.000087261
0.000081778
0.000082731
0.000086308
0.000078201
0.000097752
0.000088930
0.000088453
0.000104666
0.000086546
0.000084639
0.000090122
0.000087261
0.000087738
0.000081539
0.000089407
0.000082016
0.000092030
0.000090361
0.000076056
0.000086784
0.000081301
0.000077486
0.000087738
0.000080585
0.000081301
0.000088453
0.000097752
0.000102520
0.000084400
0.000088215
0.000081301
0.000082731
0.000087261
0.000077248
0.000093699
0.000085592
0.000080824
0.000096321
0.000083208
0.000081539
0.000095129
0.000081062
0.000086784
0.000081301
0.000087500
0.000082731
0.000092745
0.000101566
0.000079870
0.000087261
0.000080109
