0.000193357
0.000281811
0.000119209
0.000124693
0.000118971
0.000117064
0.000122786
0.000187159
0.000123262
0.000122309
0.000119925
0.000174284
0.000117064
0.000124216
0.000114441
0.000129938
0.000126362
0.000116825
0.000203848
0.000117302
0.000121355
0.000188351
0.000119686
0.000121832
0.000115156
0.000123501
0.000117779
0.000185251
0.000127316
0.000112295
0.000122547
0.000114679
0.000112057
0.000184059
0.000115871
0.000115871
0.000123978
0.000117302
0.000202894
0.000121355
0.000121593
0.000112772
0.000117064
0.000125408
0.000177622
0.000121355
0.000121832
0.000113010
0.000137329
0.000118256
0.000187159
0.000119209
0.000117064
0.000124454
0.000117064
0.000122786
0.000126362
0.000181198
0.000132322
0.000112534
0.000123024
0.000118256
0.000114918
0.000130653
0.000117779
0.000182629
0.000120878
0.000129461
0.000118971
0.000182867
0.000119448
0.000111103
0.000130653
0.000117779
0.000176668
0.000120401
0.000120640
0.000125408
0.000132799
0.000118256
0.000121117
0.000177145
0.000126839
0.000116825
0.000117302
0.000190020
0.000118971
0.000136614
0.000124931
0.000110149
0.000122309
0.000121593
0.000180244
0.000119925
0.000120163
0.000114441
0.000124931
0.000190258
0.000129938
0.000128269
0.000123024
0.000108957
0.000122309
0.000116587
0.000109911
0.000120878
0.000118494
0.000118256
0.000122547
0.000123501
0.000121117
0.000115395
0.000122547
0.000118971
0.000115633
0.000396967
0.000122309
0.000127792
0.000126600
0.000113010
0.000122786
0.000112295
0.000117779
0.000117779
0.000113726
0.000116825
0.000120163
0.000122547
0.000119686
0.000114441
0.000118017
0.000110388
0.000120163
0.000116587
0.000111341
0.000120401
0.000121593
0.000116825
0.000128984
0.000114918
