0.000664949
0.000239134
0.000267982
0.000198841
0.000180006
0.000259399
0.000195742
0.000386000
0.000635624
0.000386000
0.000202656
0.000191450
0.000207901
0.000274658
0.000190258
0.000180960
0.000193596
0.000182629
0.000493765
0.000267029
0.000175238
0.000267267
0.000176907
0.000184059
0.000182152
0.000267029
0.000177145
0.000537157
0.000688791
0.000188351
0.000193119
0.000182629
0.000261545
0.000182867
0.000186205
0.000172853
0.000184536
0.000180244
0.000662565
0.000178337
0.000178337
0.000266314
0.000178099
0.000264645
0.000180006
0.000177383
0.000185251
0.000180483
0.000473499
0.000267267
0.000181437
0.000186205
0.000187874
0.000177145
0.000264168
0.000178099
0.000182867
0.000179529
0.000386238
0.000185728
0.000181437
0.000183821
0.000258207
0.000180483
0.000181675
0.000642300
0.000183582
0.000183821
0.000267506
0.000182867
0.000260353
0.000183821
0.000180483
0.000181437
0.000180960
0.000262499
0.000185251
0.000180244
0.000188589
0.000181198
0.000174284
0.000282526
0.000177383
0.000176191
0.000179052
0.000174284
0.000257730
0.000180721
0.000486135
0.000178814
0.000267506
0.000186682
0.000258684
0.000183582
0.000179529
0.000178099
0.000202179
0.000371695
0.000195265
0.000180244
0.000180721
0.000177383
0.000178576
0.000180006
0.000175238
0.000180483
0.000185728
0.000184536
0.000198603
0.000180244
0.000174284
0.000183105
0.000177860
0.000179529
0.000176668
0.000426769
0.000181198
0.000177622
0.000184536
0.000172377
0.000243187
0.000187635
0.000172377
0.000181675
0.000179052
0.000173092
0.000191450
0.000181198
0.000188828
0.000184298
0.000179052
0.000183344
0.000175714
0.000179052
0.000179052
0.000181913
0.000180960
0.000174999
0.000184774
0.000178576
