0.000166416
0.000155210
0.000075579
0.000146389
0.000076532
0.000079632
0.000078201
0.000067949
0.000079155
0.000071287
0.000074625
0.000075817
0.000076532
0.000079632
0.000070810
0.000076771
0.000065804
0.000071287
0.000077486
0.000063658
0.000077248
0.000074863
0.000077486
0.000091076
0.000072479
0.000075102
0.000072241
0.000073433
0.000077009
0.000070095
0.000079393
0.000072241
0.000075340
0.000083208
0.000066280
0.000077486
0.000077248
0.000067949
0.000084877
0.000069141
0.000081301
0.000077248
0.000084877
0.000087500
0.000071049
0.000082970
0.000066280
0.000070572
0.000075817
0.000063896
0.000076771
0.000074863
0.000069857
0.000080347
0.000078201
0.000072956
0.000070572
0.000071764
0.000077724
0.000071287
0.000087261
0.000071764
0.000073671
0.000084162
0.000066519
0.000078678
0.000079632
0.000067949
0.000076294
0.000068665
0.000074387
0.000074863
0.000076294
0.000076294
0.000069618
0.000083208
0.000065327
0.000071526
0.000083923
0.000064850
0.000083208
0.000077724
0.000080347
0.000092268
0.000073433
0.000073433
0.000071764
0.000071764
0.000076294
0.000068426
0.000077486
0.000073671
0.000072718
0.000082970
0.000070333
0.000085115
0.000076771
0.000066757
0.000080585
0.000075817
0.000073910
0.000074863
0.000074148
0.000083208
0.000069857
0.000079632
0.000064850
0.000070333
0.000076294
0.000064611
0.000075579
0.000074863
0.000067472
0.000080347
0.000069857
0.000071764
0.000070095
0.000070572
0.000075579
0.000070095
0.000083685
0.000079870
0.000081778
0.000082970
0.000067472
0.000076771
0.000076532
0.000067472
0.000076532
0.000068665
0.000074387
0.000074625
0.000082493
0.000075579
0.000069857
0.000141144
0.000068665
0.000072241
0.000079632
0.000063896
