0.000205994
0.000190973
0.000107527
0.000104666
0.000168562
0.000103235
0.000108480
0.000106573
0.000090599
0.000101805
0.000092745
0.000089169
0.000100136
0.000149488
0.000094175
0.000098228
0.000098228
0.000099182
0.000291824
0.000158310
0.000096083
0.000096083
0.000101566
0.000159740
0.000097513
0.000110865
0.000092268
0.000109911
0.000096083
0.000095129
0.000101566
0.000093937
0.000098467
0.000153065
0.000109434
0.000096083
0.000099659
0.000105858
0.000089645
0.000097752
0.000091314
0.000090122
0.000152826
0.000095129
0.000098944
0.000100613
0.000094891
0.000102758
0.000171423
0.000108004
0.000166655
0.000105858
0.000101089
0.000092506
0.000109911
0.000101566
0.000097036
0.000103951
0.000093460
0.000095844
0.000101805
0.000094175
0.000160694
0.000092506
0.000099659
0.000096083
0.000096083
0.000106096
0.000093222
0.000100374
0.000148058
0.000089884
0.000100374
0.000094175
0.000101328
0.000108004
0.000096321
0.000097275
0.000094652
0.000095844
0.000093460
0.000093937
0.000161886
0.000089169
0.000096083
0.000109196
0.000147343
0.000120401
0.000098705
0.000098467
0.000102282
0.000100851
0.000161886
0.000096083
0.000110149
0.000095367
0.000097275
0.000103235
0.000089645
0.000099182
0.000093460
0.000088215
0.000097990
0.000092983
0.000092268
0.000096560
0.000094175
0.000108004
0.000095367
0.000098467
0.000092268
0.000092506
0.000097990
0.000089169
0.000098467
0.000099659
0.000090837
0.000105619
0.000092030
0.000092506
0.000098228
0.000093699
0.000096560
0.000092506
0.000099897
0.000102520
0.000096321
0.000106335
0.000088215
0.000108957
0.000092745
0.000096083
0.000097752
0.000092983
0.000091791
0.000107050
0.000105143
0.000101805
0.000092030
0.000092983
