0.000132561
0.000347137
0.000091314
0.000213623
0.000071287
0.000079155
0.000068426
0.000070333
0.000084400
0.000063181
0.000075340
0.000073671
0.000067949
0.000078678
0.000069141
0.000070095
0.000070810
0.000071764
0.000075579
0.000068426
0.000091553
0.000084400
0.000070572
0.000205278
0.000067949
0.000076294
0.000075340
0.000066280
0.000081778
0.000068188
0.000070810
0.000080109
0.000075340
0.000074863
0.000072718
0.000075817
0.000074863
0.000072479
0.000077486
0.000064135
0.000076294
0.000074387
0.000066519
0.000084162
0.000070572
0.000072718
0.000069618
0.000072479
0.000074863
0.000070333
0.000081539
0.000079870
0.000075102
0.000079870
0.000070095
0.000078917
0.000077009
0.000066280
0.000083685
0.000067711
0.000069380
0.000081778
0.000073671
0.000077009
0.000070572
0.000077724
0.000065565
0.000069618
0.000074863
0.000062227
0.000075817
0.000082254
0.000069618
0.000080824
0.000068426
0.000071049
0.000069380
0.000071287
0.000076056
0.000069141
0.000075817
0.000070095
0.000072002
0.000287533
0.000140905
0.000092983
0.000078201
0.000067949
0.000074863
0.000067711
0.000072241
0.000079870
0.000075817
0.000075579
0.000072956
0.000077724
0.000064850
0.000071287
0.000077724
0.000063658
0.000075817
0.000073910
0.000099659
0.000092268
0.000069857
0.000071287
0.000068665
0.000072718
0.000074387
0.000068426
0.000076294
0.000070333
0.000074625
0.000079393
0.000065804
0.000146627
0.000089169
0.000068426
0.000075102
0.000067949
0.000071764
0.000075102
0.000072718
0.000084400
0.000068903
0.000075817
0.000063896
0.000070095
0.000075817
0.000062227
0.000084162
0.000081062
0.000068188
0.000079393
0.000079393
0.000070810
0.000067949
0.000069857
0.000074387
0.000066996
