0.000142574
0.000151634
0.000088215
0.000082493
0.000074863
0.000098228
0.000079155
0.000079155
0.000077248
0.000078917
0.000142097
0.000075340
0.000081301
0.000076771
0.000078201
0.000089645
0.000072479
0.000080585
0.000085354
0.000072002
0.000082016
0.000075579
0.000078440
0.000084639
0.000079870
0.000082731
0.000076532
0.000081539
0.000072002
0.000074863
0.000088930
0.000075817
0.000080585
0.000081062
0.000077486
0.000084639
0.000075579
0.000075102
0.000077724
0.000084400
0.000082970
0.000074625
0.000134468
0.000076532
0.000075340
0.000089169
0.000073195
0.000081301
0.000082493
0.000072956
0.000081539
0.000077009
0.000082970
0.000079870
0.000080347
0.000085831
0.000073433
0.000081778
0.000073910
0.000070095
0.000081778
0.000075340
0.000076771
0.000083208
0.000077248
0.000088453
0.000078440
0.000082731
0.000075817
0.000085115
0.000081301
0.000070333
0.000082254
0.000083208
0.000077724
0.000093222
0.000129700
0.000135422
0.000089407
0.000078917
0.000088692
0.000079870
0.000083447
0.000141621
0.000085354
0.000094175
0.000074148
0.000084162
0.000075579
0.000071049
0.000081539
0.000075817
0.000076056
0.000080824
0.000079870
0.000081301
0.000077248
0.000081062
0.000074387
0.000076532
0.000089884
0.000070572
0.000088453
0.000081539
0.000073671
0.000091553
0.000076056
0.000077009
0.000082493
0.000083208
0.000081062
0.000076056
0.000082493
0.000075579
0.000083208
0.000095367
0.000073910
0.000086784
0.000073195
0.000070810
0.000081778
0.000074387
0.000074387
0.000078917
0.000082970
0.000093699
0.000078201
0.000082493
0.000074148
0.000077963
0.000085831
0.000072479
0.000092030
0.000082254
0.000074625
0.000087976
0.000075817
0.000075579
0.000082254
0.000076771
