0.000838995
0.000591040
0.000468731
0.000380993
0.000463486
0.000386953
0.000391006
0.000475883
0.000459671
0.000473261
0.000458479
0.000375271
0.000466585
0.000464201
0.000376940
0.000381708
0.000366926
0.000378370
0.000388145
0.000480890
0.000379324
0.000469208
0.000466347
0.000455856
0.000381708
0.000623226
0.000460148
0.000381231
0.000459909
0.000394344
0.000377655
0.000857353
0.000558376
0.000895739
0.000384569
0.000498772
0.000384808
0.000385523
0.000868559
0.000816345
0.000861168
0.000833035
0.000517607
0.000643253
0.000380516
0.000865698
0.001129150
0.000452280
0.000710487
0.000873566
0.000685453
0.000724077
0.000777483
0.000453234
0.000508547
0.000461340
0.000843287
0.000384808
0.000696898
0.000744820
0.000463009
0.000859976
0.000467300
0.000736475
0.000925303
0.000381470
0.000883818
0.000607967
0.000375271
0.000885725
0.000715494
0.000719786
0.000386477
0.000844717
0.000458241
0.000725985
0.000376463
0.000855207
0.000857353
0.000728369
0.000894070
0.000867367
0.000776768
0.000841618
0.000756979
0.000732660
0.000842810
0.000772238
0.000676870
0.000895262
0.000479937
0.000958920
0.000749111
0.000676632
0.000855684
0.000385761
0.000465393
0.000519514
0.000484467
0.001004457
0.000693798
0.000377178
0.000725746
0.000734568
0.000721931
0.000371695
0.000378847
0.000376463
0.000369787
0.000381231
0.000369787
0.000364780
0.000375748
0.000373602
0.000536680
0.000719547
0.000372410
0.000725508
0.000726223
0.000720024
0.000663042
0.000730753
0.000735760
0.000368357
0.000373125
0.000380516
0.000715494
0.000438690
0.000378132
0.000382423
0.000378609
0.000375748
0.000369310
0.000378847
0.000379086
0.000373602
0.000367880
0.000375509
0.000363350
0.000714064
