0.000288010
0.000236988
0.000237465
0.000234365
0.000238419
0.000236034
0.000236750
0.000234604
0.000233173
0.000246763
0.000227928
0.000236750
0.000238419
0.000229597
0.000229120
0.000237942
0.000234604
0.000236034
0.000238180
0.000237226
0.000236750
0.000249624
0.000238419
0.000237703
0.000233173
0.000240088
0.000236273
0.000237226
0.000237703
0.000234127
0.000236273
0.000229597
0.000234365
0.000230551
0.000234604
0.000237465
0.000239134
0.000241995
0.000235796
0.000232697
0.000244141
0.000236034
0.000238895
0.000236988
0.000220060
0.000234842
0.000234127
0.000233173
0.000235558
0.000236034
0.000238895
0.000241041
0.000228882
0.000233889
0.000238180
0.000243187
0.000235796
0.000236988
0.000242472
0.000240088
0.000241041
0.000236988
0.000235081
0.000236273
0.000237226
0.000288010
0.000232935
0.000236988
0.000237226
0.000233889
0.000233889
0.000247955
0.000237226
0.000232935
0.000234365
0.000234604
0.000238657
0.000232220
0.000235081
0.000237942
0.000230789
0.000237942
0.000235319
0.000239372
0.000239134
0.000234842
0.000247717
0.000236988
0.000233889
0.000235081
0.000237226
0.000235558
0.000237703
0.000237942
0.000228405
0.000241756
0.000237226
0.000236750
0.000238180
0.000236034
0.000241756
0.000231266
0.000232697
0.000231743
0.000232220
0.000230312
0.000235081
0.000235558
0.000236034
0.000237226
0.000240564
0.000234127
0.000236273
0.000228167
0.000236988
0.000237703
0.000241518
0.000232935
0.000239134
0.000212193
