0.000618458
0.000659227
0.000656366
0.000646830
0.000557184
0.000566483
0.000643969
0.000665188
0.000645161
0.000571251
0.000563145
0.000646830
0.000582933
0.000652790
0.000643492
0.000560760
0.000587702
0.000640392
0.000643492
0.000641584
0.000584602
0.000557184
0.000640392
0.000564575
0.000570536
0.000658512
0.000568628
0.000645876
0.000574112
0.000572443
0.000639200
0.000654221
0.000563622
0.000642776
0.000653505
0.000640154
0.000562429
0.000571489
0.000635624
0.000651598
0.000634670
0.000565767
0.000646114
0.000546455
0.000571251
0.000566721
0.000578642
0.000653505
0.000561476
0.011368752
0.000641108
0.000638008
0.000638962
0.000573397
0.000641823
0.000640392
0.000571966
0.000571012
0.000570297
0.000658989
0.000647068
0.000573397
0.000575542
0.000646114
0.000661850
0.000644922
0.000648975
0.000567198
0.000565529
0.000658274
0.000576258
0.000649691
0.000641108
0.000570297
0.000568390
0.000565290
0.000637770
0.000564098
0.000649214
0.000557661
0.000566721
0.000567198
0.000660419
0.000649452
0.000567436
0.000648499
0.000581980
0.000639915
0.000647068
0.000560522
0.000641584
0.000586271
0.000643253
0.000575066
0.000570536
0.000575542
0.000653267
0.000651121
0.000643492
0.000574827
0.000650883
0.000557184
0.000550747
0.000554085
0.000554085
0.000569344
0.000555038
0.000553608
0.000559330
0.000549316
0.000573397
0.000554800
0.000545025
0.000554085
0.000549316
0.000558615
0.000555038
0.000561953
0.000555038
0.000564814
