0.000219584
0.000230312
0.000225544
0.000230312
0.000231028
0.000232697
0.000230074
0.000228882
0.000227690
0.000226259
0.000235319
0.000232697
0.000228405
0.000234842
0.000242233
0.000229836
0.000226021
0.000234365
0.000227451
0.000233412
0.000229836
0.000234127
0.000233889
0.000234842
0.000236034
0.000230074
0.000226974
0.000226021
0.000229120
0.000233889
0.000221729
0.000233650
0.000230074
0.000226498
0.000230312
0.000229597
0.000226498
0.000242710
0.000232697
0.000233889
0.000231743
0.000236511
0.000231266
0.000235081
0.000226498
0.000226021
0.000236988
0.000233889
0.000229120
0.000229597
0.000228882
0.000227928
0.000227690
0.000232220
0.000226974
0.000224590
0.000232697
0.000234365
0.000230551
0.000235558
0.000231504
0.000234604
0.000233412
0.000240088
0.000226736
0.000233412
0.000226498
0.000232458
0.000228167
0.000235081
0.000235081
0.000240088
0.000233412
0.000229836
0.000230312
0.000230312
0.000232458
0.000232458
0.000206709
0.000236034
0.000229597
0.000232935
0.000231266
0.000237942
0.000235558
0.000226498
0.000238419
0.000241995
0.000233889
0.000230789
0.000236034
0.000234365
0.000232220
0.000233173
0.000236750
0.000237703
0.000226736
0.000233412
0.000227690
0.000229359
0.000236273
0.000230551
0.000231743
0.000235796
0.000226974
0.000228167
0.000225306
0.000233412
0.000232458
0.000233412
0.000233173
0.000234604
0.000227451
0.000232458
0.000231504
0.000230551
0.000231504
0.000228643
0.000231266
0.000209570
