0.011257172
0.000226259
0.000228405
0.000228167
0.000225306
0.000227928
0.000227213
0.000215054
0.000204086
0.000191450
0.000175953
0.000159025
0.000128031
0.000155687
0.000164270
0.000187397
0.000166893
0.000185966
0.000231981
0.000223875
0.000241280
0.000226021
0.000207186
0.000224590
0.000226021
0.000220060
0.000218153
0.000220060
0.000221252
0.000211954
0.000217676
0.000233173
0.000223160
0.000202894
0.000180483
0.000182629
0.000219822
0.000186682
0.000167608
0.000161886
0.000229120
0.000195026
0.000214100
0.000184536
0.000151634
0.000185251
0.000188112
0.000157118
0.000157356
0.000156164
0.000157833
0.000226259
0.000232697
0.000223160
0.000214577
0.000229597
0.000227451
0.000224352
0.000223637
0.000220299
0.000214100
0.000201941
0.000196934
0.000221491
0.000212908
0.000215054
0.000222921
0.000226736
0.000211954
0.000221968
0.000229836
0.000215292
0.000213861
0.000218868
0.000218868
0.000231266
0.000207186
0.000222206
0.000221729
0.000250816
0.000222206
0.000218153
0.000217676
0.000192404
0.000218868
0.000189781
0.000195026
0.000167608
0.000171900
0.000144243
0.000141144
0.000156879
0.000156879
0.000134230
0.000162125
0.000155210
0.000208855
0.000217438
0.000237226
0.000181437
0.000186443
0.000160933
0.000161409
0.000147820
0.000133514
0.000158787
0.000166178
0.000221968
0.000227928
0.000226021
0.000241995
0.000233173
0.000226498
0.000231504
0.000228405
0.000237226
0.000232458
0.000228405
0.000225067
0.000206947
