0.011751652
0.000968456
0.001047611
0.001053095
0.000919819
0.000912189
0.001050472
0.001049280
0.001031876
0.000922680
0.001055002
0.000917196
0.001041174
0.000915527
0.000907421
0.001043081
0.000919104
0.001039505
0.001042366
0.001048803
0.000922680
0.001036882
0.000917435
0.000928879
0.001036882
0.001043320
0.001039743
0.000940561
0.001050234
0.000925303
0.000917196
0.000928164
0.001053333
0.000926971
0.001044989
0.001042128
0.000916958
0.001070023
0.000922203
0.001047373
0.000936747
0.000922203
0.001044035
0.001035690
0.000904799
0.000942945
0.001044512
0.000910044
0.001055479
0.000910044
0.001036882
0.000925779
0.001055241
0.001041651
0.000921249
0.000914574
0.001059055
0.001047373
0.000895023
0.001038313
0.011831999
0.000926495
0.000917435
0.001038551
0.001067162
0.000921965
0.001047611
0.001043797
0.000934362
0.000919104
0.001053333
0.001045227
0.000929832
0.001037598
0.001043081
0.000910044
0.000924110
0.000909090
0.000914574
0.001039028
0.000913382
0.001065731
0.000952244
0.001044989
0.001051664
0.000904322
0.001045227
0.000875473
0.001050472
0.000922441
0.001034975
0.000916958
0.000919342
0.000936508
0.001060486
0.001043081
0.000921965
0.001049995
0.000938654
0.000924349
0.000926256
0.000886917
0.000903606
0.000889301
0.000901937
0.000895262
0.000887156
0.000888348
0.000881910
0.000894785
0.000889540
0.000883341
0.000884771
0.000889778
0.000901222
0.000891447
0.000887394
0.000889063
0.000880957
0.000912905
