0.013038874
0.003094435
0.003183842
0.002843618
0.003180981
0.012696028
0.002825975
0.003186464
0.002837896
0.003177643
0.003204823
0.003191948
0.002841711
0.003194094
0.002851963
0.002831221
0.003176689
0.003182411
0.002835274
0.003192186
0.002827168
0.002822399
0.003184557
0.003180265
0.002832651
0.002816916
0.003179550
0.003175735
0.002860785
0.003185987
0.002851963
0.003183365
0.002836704
0.003176928
0.003323555
0.002740383
0.002844810
0.002861977
0.003182173
0.002832174
0.003180981
0.003198147
0.002724886
0.002843857
0.002911329
0.003189802
0.003195047
0.002840757
0.002817869
0.003204584
0.003192186
0.002842665
0.002835512
0.003189802
0.002860069
0.003181934
0.014495850
0.003197908
0.002707720
0.003211021
0.014366865
0.003186226
0.003186464
0.002941608
0.002843618
0.003184319
0.003205299
0.014464140
0.003202438
0.003184080
0.003182650
0.003200531
0.002823114
0.002849817
0.003200293
0.003183603
0.002867460
0.003180981
0.002840757
0.002707243
0.003187895
0.003184319
0.013440371
0.002833366
0.002833605
0.003206491
0.003182650
0.014487028
0.002828360
0.003182888
0.002811670
0.002836704
0.003190041
0.003196239
0.002840757
0.002705097
0.003197908
0.002820492
0.003173828
0.002841949
0.014172792
0.002713442
0.002712965
0.002714157
0.002712011
0.002723455
0.002696514
0.002713203
0.002697706
0.013196468
0.002701521
0.002723217
0.002705336
0.002711535
0.002714872
0.002729416
0.002716780
0.002706766
0.002688169
0.002717972
