0.000439167
0.000440359
0.000358582
0.000438690
0.000385046
0.000342846
0.000445843
0.000359058
0.000362873
0.000360489
0.000357389
0.000437260
0.000363350
0.000354528
0.000350475
0.000362873
0.000436783
0.000356913
0.000362635
0.000434875
0.000368118
0.000360727
0.000348091
0.000354767
0.000358820
0.000363350
0.000430822
0.000349045
0.000436068
0.000358343
0.000370741
0.000357151
0.000440836
0.000357151
0.000367403
0.000438690
0.000356913
0.000355005
0.000370026
0.000360489
0.000439644
0.000365496
0.000348568
0.000440598
0.000355482
0.000359297
0.000359535
0.000357389
0.000436544
0.000358343
0.000354767
0.000360727
0.000435352
0.000348806
0.000355959
0.000360727
0.000360727
0.000346184
0.000435829
0.000355721
0.000434637
0.000369787
0.000357389
0.000349283
0.000360727
0.000435829
0.000369549
0.000368834
0.000356436
0.000358582
0.000449896
0.000360966
0.000362158
0.000429630
0.000357628
0.000352621
0.000355482
0.000434160
0.000357389
0.000351429
0.000356913
0.000358820
0.000358582
0.000429869
0.000356436
0.000357866
0.000362635
0.000449657
0.000351429
0.000457048
0.000354528
0.000355959
0.000364780
0.000357866
0.000438690
0.000358105
0.000437021
0.000365973
0.000354528
0.000358820
0.000361443
0.000351191
0.000354290
0.000346661
0.000349760
0.000349283
0.000342607
0.000342846
0.000364304
0.000350952
0.000349045
0.000354290
0.000346661
0.000351191
0.000353813
0.000349045
0.000351191
0.000354767
0.000343800
0.000344038
