0.000300407
0.000262976
0.000261307
0.000322580
0.000261068
0.000272274
0.000261784
0.000262499
0.000260353
0.000260592
0.000324249
0.000271320
0.000259876
0.000257730
0.000264883
0.000261545
0.000262022
0.000275850
0.000262022
0.000259638
0.000261784
0.000261068
0.000325203
0.000263929
0.000264406
0.000266790
0.000264406
0.000258207
0.000262737
0.000260353
0.000266790
0.000266314
0.000265360
0.000317097
0.000262499
0.000259638
0.000265360
0.000262737
0.000261545
0.000261307
0.000276089
0.000258923
0.000295162
0.000261784
0.000263929
0.000261068
0.000275850
0.000269651
0.000264645
0.000259161
0.000265360
0.000319958
0.000260592
0.000267267
0.000261307
0.000258923
0.000259399
0.000260830
0.000260830
0.000265837
0.000269890
0.000262976
0.000312328
0.000260353
0.000261307
0.000267982
0.000260115
0.000261545
0.000259876
0.000262737
0.000261784
0.000331879
0.000263214
0.000266790
0.000259638
0.000265598
0.000258923
0.000263929
0.000263929
0.000261307
0.000322104
0.000258923
0.000261784
0.000261784
0.000260830
0.000257969
0.000263691
0.000263453
0.000241756
0.000261784
0.000260592
0.000269175
0.000331640
0.000268698
0.000272751
0.000259876
0.000264645
0.000260592
0.000260115
0.000263691
0.000258923
0.000257730
0.000263214
0.000261068
0.000266790
0.000255108
0.000267506
0.000260353
0.000259161
0.000259876
0.000265121
0.000257492
0.000263453
0.000257969
0.000261784
0.000264645
0.000260353
0.000258446
0.000259161
0.000237226
