0.015593767
0.006057024
0.006133080
0.006127119
0.005242348
0.006149054
0.005259514
0.006124020
0.005276203
0.006136417
0.006118536
0.005249739
0.005301714
0.015025377
0.005235195
0.005249977
0.006121874
0.006114960
0.006159782
0.006123066
0.005256891
0.005232096
0.015919209
0.013681173
0.005245924
0.005510807
0.006130934
0.015333176
0.005225658
0.005249977
0.005261421
0.006124735
0.005245686
0.006108999
0.006123066
0.006129026
0.006124973
0.005247116
0.005242586
0.006132841
0.005254269
0.005249023
0.006124258
0.006126404
0.005454302
0.005262136
0.006151438
0.006152630
0.005242348
0.005255938
0.006129503
0.014976978
0.006125450
0.005265236
0.005267859
0.006106615
0.006147385
0.005244970
0.005219221
0.006124973
0.006124258
0.006117582
0.005255222
0.005445480
0.006157160
0.005260468
0.006139040
0.005222321
0.006127357
0.006134033
0.005244970
0.005246878
0.005248070
0.006123066
0.006138086
0.005248070
0.005258560
0.006146908
0.006127357
0.006120682
0.015011311
0.006129265
0.015430927
0.005235672
0.006150484
0.005215645
0.006155252
0.006151676
0.005251646
0.005254745
0.005249977
0.006167889
0.006104708
0.005230665
0.006142139
0.005243540
0.005229712
0.006148338
0.006144524
0.006123543
0.005282879
0.014239073
0.005020618
0.014234304
0.005044460
0.005038738
0.005066872
0.005008221
0.005033493
0.005022764
0.005054474
0.005020380
0.005027056
0.005007744
0.005047798
0.014222145
0.005000114
0.005016804
0.005041122
0.005039454
