0.000334740
0.000291109
0.000303030
0.000363111
0.000284672
0.000288248
0.000289917
0.000286341
0.000358820
0.000282526
0.000292063
0.000286818
0.000288725
0.000286341
0.000285149
0.000360489
0.000285864
0.000285625
0.000301838
0.000283957
0.000288963
0.000353098
0.000287533
0.000288010
0.000283480
0.000288486
0.000358343
0.000288963
0.000292540
0.000284672
0.000294924
0.000285625
0.000288725
0.000352383
0.000286102
0.000293970
0.000283957
0.000284910
0.000283718
0.000301838
0.000354528
0.000300884
0.000292063
0.000287533
0.000303030
0.000291824
0.000355959
0.000286818
0.000288725
0.000288963
0.000288486
0.000287056
0.000352859
0.000284672
0.000289202
0.000285149
0.000354290
0.000294209
0.000285149
0.000286818
0.000301838
0.000286341
0.000283718
0.000354052
0.000286579
0.000294685
0.000362158
0.000288725
0.000286579
0.000288248
0.000286579
0.000364780
0.000290155
0.000285149
0.000285149
0.000283957
0.000293016
0.000288963
0.000369787
0.000287294
0.000286579
0.000283718
0.000296593
0.000289202
0.000289202
0.000291586
0.000285149
0.000355244
0.000294209
0.000287294
0.000290632
0.000286341
0.000286579
0.000289679
0.000289679
0.000348806
0.000285864
0.000287771
0.000349760
0.000289917
0.000286102
0.000288725
0.000283003
0.000285625
0.000283718
0.000283480
0.000280857
0.000288963
0.000280380
0.000282526
0.000281811
0.000273943
0.000296831
0.000282288
0.000281811
0.000284195
0.000284910
0.000281572
0.000296354
0.000262737
