0.001191378
0.001424074
0.001351595
0.001260281
0.001318693
0.001218796
0.001241446
0.001334906
0.001219749
0.001255274
0.001287222
0.001366615
0.001288652
0.001248837
0.001218557
0.001220942
0.001216173
0.001230955
0.001249790
0.001251459
0.001372099
0.001219511
0.001284361
0.001278162
0.001228094
0.001245737
0.001249313
0.001255989
0.001188278
0.001168251
0.001239538
0.001126289
0.001221657
0.001226425
0.001208305
0.001260757
0.001275778
0.001124382
0.001212835
0.001255512
0.001291990
0.001162529
0.001289845
0.001235962
0.001211882
0.001265764
0.001261711
0.001237869
0.001320124
0.001201153
0.001232862
0.001237631
0.001285315
0.001243830
0.001213789
0.001217365
0.001243591
0.001255751
0.001289845
0.001343489
0.001202106
0.022742271
0.001324177
0.001291037
0.001187325
0.012393475
0.001074553
0.001259327
0.001238108
0.001201391
0.001255035
0.001225710
0.001259565
0.001299143
0.001238823
0.001246452
0.001319885
0.001331568
0.001376629
0.001356363
0.001267195
0.023381948
0.001511097
0.001256943
0.001239777
0.001190424
0.001242161
0.001230240
0.001287222
0.001192570
0.001207829
0.001227617
0.001231909
0.001211405
0.001229763
0.001236439
0.001157761
0.001062393
0.001246691
0.001295328
