0.000326872
0.000303745
0.000375271
0.000294685
0.000303030
0.000310421
0.000322580
0.000303268
0.000377178
0.000362873
0.000365019
0.000327587
0.000325918
0.000323534
0.000289202
0.000277758
0.000338316
0.000352621
0.000339031
0.000240326
0.000315666
0.000365019
0.000338793
0.000303268
0.000326157
0.000337124
0.000338078
0.000315666
0.000348806
0.000313759
0.000343084
0.000312328
0.000339985
0.000351429
0.000326395
0.000326872
0.000340939
0.000294685
0.000339746
0.000339031
0.000276566
0.000276327
0.000371456
0.000366926
0.000310898
0.000332117
0.000357151
0.000336885
0.000325680
0.000303030
0.000342131
0.000353336
0.000332832
0.000307083
0.000288486
0.000356436
0.000322819
0.000328064
0.000335455
0.000336409
0.000330210
0.000312328
0.000314236
0.000314951
0.000285387
0.000270844
0.000284910
0.000360489
0.000300169
0.000331879
0.000326633
0.000334501
0.000344276
0.000306129
0.000326872
0.000326157
0.000296354
0.000298977
0.000354767
0.000333548
0.000305176
0.000349760
0.000307560
0.000360489
0.000353813
0.000314951
0.000329494
0.000335217
0.000356913
0.000339508
0.000311852
0.000276566
0.000340700
0.000311375
0.000309467
0.000289440
0.000313520
0.000271559
0.000354767
0.000252247
