0.000434399
0.000452280
0.000456810
0.000402451
0.000513792
0.000512600
0.000465155
0.000478745
0.000465393
0.000369072
0.000458002
0.000507832
0.000419140
0.000486851
0.000469446
0.000444412
0.000463009
0.000479698
0.000453472
0.000491381
0.000498295
0.000490427
0.000490904
0.000485659
0.000498056
0.000388145
0.000448704
0.000496149
0.000498772
0.000429153
0.000443697
0.000442982
0.000433445
0.000472069
0.000510931
0.000514746
0.000486374
0.000437498
0.000478029
0.000451326
0.000510693
0.000453234
0.000487328
0.000426292
0.000519037
0.000476837
0.000526905
0.000440598
0.000466347
0.000492334
0.000451088
0.000451803
0.000433683
0.000472546
0.000440121
0.000372171
0.000478983
0.000446796
0.000537395
0.000719547
0.000450373
0.000435829
0.000499725
0.000436783
0.000443220
0.000497580
0.000447750
0.000424623
0.000477314
0.000454903
0.000472546
0.000498772
0.000427008
0.000443220
0.000492573
0.000459433
0.000472546
0.000484228
0.000403643
0.000398159
0.000503302
0.000444412
0.000386000
0.000505209
0.000481367
0.000459671
0.000436544
0.000446320
0.000419378
0.000462770
0.000470877
0.000473738
0.000501871
0.000394583
0.000441313
0.000468493
0.000417948
0.000405073
0.000438452
0.000434875
