0.011291027
0.002294302
0.002030373
0.001883984
0.001901627
0.001964092
0.002111912
0.001839161
0.001835346
0.001838446
0.002172709
0.001917601
0.002454996
0.001922846
0.001913786
0.001953840
0.002000570
0.001965761
0.002055883
0.002091169
0.001969099
0.002095222
0.002139807
0.001996756
0.002114773
0.001972198
0.002015591
0.002022028
0.002013922
0.002140999
0.002116680
0.001940489
0.002022028
0.001868010
0.001817465
0.002001047
0.001956463
0.002020359
0.002270937
0.002033472
0.001917124
0.013592958
0.002059937
0.002034426
0.001966238
0.001881838
0.001901150
0.001895428
0.001853704
0.001850605
0.001781225
0.001855135
0.002082348
0.001979113
0.002083302
0.001967669
0.001973152
0.001789093
0.001852751
0.001959562
0.002079248
0.001847506
0.001801729
0.001806259
0.001837015
0.001868725
0.002149343
0.001940250
0.001812935
0.002085924
0.001820803
0.001983404
0.002043247
0.001786232
0.001884222
0.011812449
0.002033710
0.002013445
0.001910210
0.001956940
0.001945496
0.001848698
0.001870155
0.001899004
0.002065659
0.002256870
0.001965761
0.001917124
0.002057791
0.001814365
0.002038956
0.001970291
0.002030849
0.001945257
0.001929998
0.001835585
0.002187252
0.002360821
0.001950741
0.001953125
