0.015538692
0.016168594
0.006853342
0.006836414
0.007075787
0.006618738
0.006927490
0.007118940
0.007924795
0.016847134
0.015141726
0.006453276
0.006508112
0.006773710
0.006653309
0.014692545
0.007122993
0.016712427
0.006488323
0.006613970
0.015714645
0.015423536
0.006556988
0.006616354
0.006858110
0.014849901
0.006932020
0.006664753
0.007006884
0.006785393
0.016101837
0.006941795
0.007231236
0.007164478
0.007109165
0.007319450
0.013285637
0.007401466
0.006500721
0.006598473
0.006011724
0.005846739
0.006521225
0.006194830
0.005897045
0.005692720
0.005760431
0.006328821
0.015324831
0.006605387
0.005890369
0.006535530
0.006041050
0.005902290
0.005899668
0.006099224
0.006129265
0.006208420
0.005944967
0.006551266
0.006398439
0.006373644
0.006316662
0.006510496
0.015218973
0.007467031
0.007083178
0.007869959
0.007139444
0.006715775
0.006817102
0.017304182
0.007183790
0.007364750
0.006770849
0.007385015
0.006923676
0.007121086
0.007113934
0.007336378
0.007055283
0.006935596
0.006824732
0.007302523
0.007271767
0.006990433
0.007255554
0.007270575
0.007119894
0.007185698
0.007467270
0.007015705
0.006926537
0.016790390
0.006448269
0.006880522
0.006839037
0.006966829
0.007067442
0.005905628
