0.004054546
0.003695726
0.003203630
0.003262043
0.003637791
0.003552914
0.003496408
0.003592730
0.004154444
0.004417658
0.003346205
0.003387451
0.015038252
0.004343748
0.003295898
0.003426552
0.003684044
0.004205227
0.015556812
0.013618946
0.003082037
0.003117561
0.003535986
0.003540277
0.003492594
0.003572941
0.003577471
0.003582239
0.003473282
0.003432274
0.003554821
0.003608704
0.003746033
0.003601789
0.003543377
0.003156424
0.003692389
0.012336016
0.003329039
0.003312111
0.003438473
0.003599882
0.004029989
0.004165888
0.003580093
0.013254166
0.004002094
0.003343821
0.003214598
0.004163265
0.003709316
0.003568888
0.003442049
0.013437271
0.004262686
0.003273010
0.003530025
0.004055738
0.003714323
0.004039526
0.003569841
0.003778934
0.003609657
0.003892899
0.003523111
0.012855291
0.003577709
0.003689766
0.003492594
0.003739595
0.003517151
0.003418684
0.003327370
0.003853321
0.003599882
0.003457785
0.003308535
0.003496647
0.003327608
0.003794909
0.003658295
0.003427982
0.003256559
0.004144669
0.003735542
0.003224373
0.003313303
0.003832102
0.003501654
0.003805399
0.003550768
0.003513575
0.003474474
0.003864765
0.003542423
0.003316164
0.003259182
0.003623724
0.003503323
0.003498077
