0.063568115
0.013417482
0.000246525
0.000224113
0.000229359
0.000229120
0.000250340
0.000150681
0.000252247
0.000184298
0.000259638
0.000252247
0.000323534
0.000215530
0.000221014
0.000253439
0.000266075
0.000278234
0.000312090
0.000319719
0.000232935
0.000261784
0.000191450
0.000290155
0.000333786
0.000226974
0.000250340
0.000213385
0.000186443
0.000185490
0.000155449
0.000208139
0.000222445
0.000262976
0.000184774
0.000174046
0.000295877
0.000170231
0.000245094
0.000254154
0.000224829
0.000211954
0.000268936
0.000295401
0.000243425
0.000193834
0.000199556
0.000259161
0.000205994
0.000207186
0.000311136
0.000250816
0.000236988
0.000294209
0.000311852
0.000305414
0.000187874
0.000241995
0.000253439
0.000254869
0.000222921
0.000210762
0.000260353
0.000219822
0.000350237
0.000366926
0.000230551
0.000212431
0.000357866
0.000200272
0.000200748
0.000230789
0.000268459
0.000228643
0.000233412
0.000209093
0.000319958
0.000225067
0.000326872
0.000290871
0.000229597
0.000213861
0.000252724
0.000304937
0.000152349
0.000256538
0.000205278
0.000211954
0.000321627
0.000256062
0.000424623
0.000277042
0.000252247
0.000259399
0.000286102
0.000325680
0.000320673
0.000323057
0.000300169
0.000312805
