0.000383854
0.000327587
0.000298977
0.000275612
0.000367880
0.000349998
0.000340700
0.000365019
0.000280619
0.000277281
0.000411987
0.000288486
0.000277996
0.000327826
0.000287771
0.000235558
0.000408888
0.000355721
0.000292540
0.000403643
0.000293016
0.000335217
0.000335217
0.000347614
0.000292540
0.000330687
0.000353336
0.000342846
0.000379801
0.000309706
0.000303030
0.000382900
0.000324249
0.000355959
0.000284910
0.000371933
0.000359058
0.000353098
0.000349998
0.000353098
0.000346661
0.000291586
0.000324249
0.000339270
0.000361204
0.000334978
0.000336170
0.000347614
0.000338554
0.000336885
0.000340462
0.000293493
0.000339031
0.000345469
0.000336647
0.000354290
0.000335455
0.000339508
0.000339985
0.000355721
0.000335217
0.000305653
0.000280619
0.000270367
0.000287294
0.000271082
0.000355959
0.000271559
0.000391483
0.000288010
0.000386953
0.000400543
0.000333548
0.000303984
0.000304699
0.000290871
0.000359774
0.000325441
0.000328779
0.000323296
0.000301600
0.000305176
0.000283003
0.000333071
0.000334501
0.000301123
0.000319242
0.000323772
0.000316143
0.000347137
0.000321627
0.000378370
0.000304699
0.000330925
0.000272989
0.000241280
0.000353813
0.000349045
0.000344992
0.000245333
