0.000299215
0.000290632
0.000310659
0.000252008
0.000330687
0.000363588
0.000316381
0.000277996
0.000310898
0.000328064
0.000327826
0.000343084
0.000343323
0.000329256
0.000332117
0.000336885
0.000331640
0.000336647
0.000401020
0.000279665
0.000333786
0.000305891
0.000323057
0.000319719
0.000311375
0.000274420
0.000307322
0.000256538
0.000308037
0.000310659
0.000290632
0.000323057
0.000397921
0.000308514
0.000311852
0.000304461
0.000294924
0.000327349
0.000316143
0.000272989
0.000323772
0.000350714
0.000320673
0.000341892
0.000279427
0.000276566
0.000266314
0.000482559
0.000276566
0.000276804
0.000334024
0.000297070
0.000326872
0.000289917
0.000310421
0.000291109
0.000325441
0.000314951
0.000315428
0.000310659
0.000332117
0.000342607
0.000345469
0.000326157
0.000375509
0.000311852
0.000312805
0.000373125
0.000344753
0.000302315
0.000286102
0.000287294
0.000271559
0.000298500
0.000330210
0.000322342
0.000321865
0.000331402
0.000348091
0.000333786
0.000347376
0.000337839
0.000348806
0.000323296
0.000287294
0.000305176
0.000352383
0.000346422
0.000341654
0.000531912
0.000367165
0.000354052
0.000346899
0.000350952
0.000272274
0.000361919
0.000348330
0.000312567
0.000320196
0.000239849
