0.000724077
0.000681877
0.000665426
0.000679255
0.000790834
0.000681877
0.000734091
0.000703096
0.000655651
0.000646353
0.000654459
0.000707150
0.000654221
0.000648260
0.000627518
0.000587225
0.000560760
0.000678778
0.000629187
0.000735044
0.000644684
0.000725031
0.000673771
0.000718594
0.000686169
0.000692606
0.000618458
0.000692606
0.000592947
0.000681877
0.000681162
0.000707865
0.000665188
0.000699043
0.000641346
0.000694752
0.000667334
0.000709057
0.000658512
0.000687599
0.000652313
0.000701427
0.000628471
0.000678301
0.000657797
0.000633240
0.000649452
0.000663042
0.000635624
0.000688076
0.000649691
0.000651836
0.000624657
0.000690937
0.000658751
0.000684023
0.000669718
0.000720263
0.000688553
0.000634909
0.000596523
0.000767469
0.000758648
0.000699520
0.000751495
0.000767469
0.000762224
0.000794649
0.000735521
0.000746012
0.000727654
0.000773191
0.000724077
0.000764847
0.000687599
0.000722408
0.000743389
0.000767946
0.000756741
0.000772953
0.000658035
0.000767946
0.000768661
0.000787973
0.000717878
0.000765085
0.000716925
0.000731468
0.000684977
0.000763416
0.000702381
0.000753403
0.000674009
0.000763178
0.000692368
0.000716209
0.000725746
0.000702381
0.000658512
0.000823021
