0.000372648
0.000344515
0.000303984
0.000302076
0.000295162
0.000317812
0.000279188
0.000325680
0.000285864
0.000317812
0.000349998
0.000336170
0.000300884
0.000330687
0.000298977
0.000281811
0.000293255
0.000379086
0.000278711
0.000333309
0.000314951
0.000281572
0.000319958
0.000280619
0.000318289
0.000286341
0.000291109
0.000277281
0.000313044
0.000274897
0.000280619
0.000300407
0.000293493
0.000334501
0.000324249
0.000336647
0.000315428
0.000304937
0.000290871
0.000286341
0.000283480
0.000288963
0.000348091
0.000291824
0.000303030
0.000298500
0.000282049
0.000283480
0.000280857
0.000284433
0.000279903
0.000302553
0.000267982
0.000277519
0.000358582
0.000355721
0.000279188
0.000265598
0.000326872
0.000358105
0.000277758
0.000282288
0.000270128
0.000253916
0.000351667
0.000280857
0.000365734
0.000359058
0.000303984
0.000363827
0.000354052
0.000342846
0.000269651
0.000271559
0.000281096
0.000372887
0.000355244
0.000281811
0.000280380
0.000351667
0.000281811
0.000340939
0.000253439
0.000352383
0.000281096
0.000380278
0.000280142
0.000353336
0.000271559
0.000339270
0.000267744
0.000350237
0.000283480
0.000267982
0.000353575
0.000353336
0.000280142
0.000284672
0.000292063
0.000278950
