0.000359297
0.000378370
0.000268698
0.000345707
0.000310898
0.000340462
0.000363588
0.000301123
0.000356436
0.000316620
0.000353575
0.000354052
0.000339031
0.000352144
0.000339270
0.000373125
0.000333071
0.000331402
0.000329733
0.000311375
0.000345945
0.000362396
0.000344753
0.000321627
0.000385046
0.000369787
0.000361204
0.000326633
0.000326157
0.000379324
0.000352383
0.000378847
0.000383139
0.000339985
0.000335217
0.000406504
0.000393629
0.000347853
0.000317574
0.000364780
0.000361681
0.000346184
0.000339508
0.000326872
0.000350237
0.000363111
0.000355482
0.000347614
0.000347137
0.000405550
0.000350475
0.000328302
0.000330925
0.000317812
0.000330687
0.000352383
0.000338078
0.000352621
0.000331163
0.000523090
0.000362635
0.000319004
0.000348568
0.000385284
0.000358582
0.000319242
0.000390530
0.000356913
0.000335693
0.000332832
0.000348330
0.000356436
0.000356197
0.000378609
0.000369549
0.000331640
0.000328541
0.000344038
0.000350714
0.000373602
0.000313997
0.000352859
0.000349998
0.000368834
0.000361204
0.000365257
0.000350952
0.000343800
0.000359774
0.000321627
0.000354290
0.000342369
0.000334740
0.000332117
0.000347853
0.000357628
0.000307322
0.000341892
0.000354767
0.000333786
