0.000445604
0.000287771
0.000334501
0.000425100
0.000380754
0.000387192
0.000426531
0.000406742
0.000375986
0.000395060
0.000371695
0.000419140
0.000377893
0.000404119
0.000418425
0.000412226
0.000384092
0.000350952
0.000415564
0.000424862
0.000413179
0.000447273
0.000340462
0.000413418
0.000407934
0.000400782
0.000402451
0.000424862
0.000364542
0.000432253
0.000370264
0.000383377
0.000384808
0.000380516
0.000348568
0.000418901
0.000503063
0.000395536
0.000386477
0.000370026
0.000365973
0.000472069
0.000399113
0.000399113
0.000371218
0.000371456
0.000409842
0.000389338
0.000380516
0.000373840
0.000427246
0.000411272
0.000371456
0.000390768
0.000371218
0.000412464
0.000375509
0.000370502
0.000364304
0.000488997
0.000391245
0.000450850
0.000364542
0.000434637
0.000363350
0.000487328
0.000370741
0.000340700
0.000364065
0.000440121
0.000417233
0.000390768
0.000372171
0.000364065
0.000435591
0.000372171
0.000323296
0.000385284
0.000412464
0.000420094
0.000346422
0.000332594
0.000314951
0.000340939
0.000346899
0.000408411
0.000345945
0.000337601
0.000376940
0.000402927
0.000437021
0.000365496
0.000362396
0.000358105
0.000391960
0.000436306
0.000364542
0.000404119
0.000354052
0.000372171
