0.011528492
0.002189159
0.002491951
0.002394676
0.002327442
0.002327681
0.002456427
0.002371311
0.002391815
0.002297163
0.002443790
0.002374172
0.002251625
0.002135038
0.002262592
0.002661943
0.002682686
0.002690792
0.002494335
0.014163256
0.002643347
0.002428055
0.002382994
0.002615213
0.002802134
0.002405405
0.002355576
0.002567768
0.002341509
0.002458572
0.002364397
0.002714872
0.002579689
0.002534628
0.002520323
0.002469063
0.002218246
0.002318621
0.002390385
0.002459526
0.002182722
0.002379179
0.002293825
0.014087677
0.011990309
0.002238750
0.002233505
0.002151489
0.002256870
0.002360582
0.002502680
0.002403259
0.002659798
0.002514601
0.002732277
0.024449110
0.002329111
0.002469778
0.002703190
0.002580881
0.002378464
0.013490677
0.002682447
0.013314486
0.002188683
0.002552509
0.002180099
0.002274513
0.002134800
0.002143383
0.002403736
0.002280951
0.002702713
0.002535820
0.002296448
0.002079964
0.002585888
0.002408743
0.002619505
0.002598286
0.002358437
0.002829790
0.002260447
0.002208948
0.002381325
0.012609243
0.002350807
0.002694368
0.002501011
0.012495518
0.002180815
0.024688721
0.002363920
0.024528503
0.002337933
0.002349854
0.002372026
0.002559423
0.002537251
0.002620697
