0.000374317
0.000339508
0.000369310
0.000476599
0.000386477
0.000363827
0.000483513
0.000484705
0.000466585
0.000481606
0.000421762
0.000454903
0.000399351
0.000524998
0.000447273
0.000411510
0.000432253
0.000415087
0.000442028
0.000429153
0.000402212
0.000396252
0.000399351
0.000411987
0.000392437
0.000375032
0.000337839
0.000415564
0.000508547
0.000434637
0.000433207
0.000456095
0.000455618
0.000455141
0.000436306
0.000422716
0.000436783
0.000381708
0.000458956
0.000370979
0.000423908
0.000428200
0.000413895
0.000470638
0.000378132
0.000416040
0.000392914
0.000353575
0.000513554
0.000421762
0.000428677
0.000418901
0.000499249
0.000417233
0.000376701
0.000450373
0.000374794
0.000407696
0.000428200
0.000397921
0.000371933
0.000411034
0.000457764
0.000440598
0.000427723
0.000378847
0.000450850
0.000391722
0.000443220
0.000483990
0.000529766
0.000442028
0.000471115
0.000462294
0.000427961
0.000415325
0.000476599
0.000486374
0.000503063
0.000414848
0.000395536
0.000413418
0.000421524
0.000482321
0.000443697
0.000456810
0.000470638
0.000489950
0.000491858
0.000510454
0.000437737
0.000479698
0.000509739
0.000468731
0.000419378
0.000454187
0.000439882
0.000407457
0.000474453
0.000426769
