0.000313044
0.000324249
0.000316620
0.000320673
0.000323772
0.000282288
0.000331879
0.000294209
0.000301123
0.000313759
0.000312805
0.000304222
0.000317812
0.000290871
0.000300884
0.000315905
0.000335217
0.000299692
0.000298977
0.000407934
0.000315905
0.000308037
0.000311375
0.000305891
0.000321150
0.000328302
0.000332355
0.000339508
0.000297308
0.000309467
0.000310659
0.000312805
0.000301123
0.000313997
0.000317097
0.000303984
0.000358820
0.000291109
0.000348568
0.000276566
0.000317335
0.000324726
0.000312805
0.000287771
0.000319242
0.000312328
0.000358820
0.000315905
0.000322104
0.000327110
0.000314713
0.000314713
0.000261545
0.000312090
0.000336409
0.000325203
0.000330210
0.000313282
0.000312805
0.000312567
0.000335693
0.000321388
0.000352144
0.000316143
0.000337362
0.000310898
0.000322342
0.000316858
0.000323534
0.000292778
0.000327587
0.000283003
0.000241041
0.000272036
0.000303030
0.000293016
0.000308990
0.000362873
0.000342131
0.000456095
0.000328064
0.000336647
0.000364304
0.000291586
0.000310421
0.000301838
0.000336647
0.000311852
0.000338793
0.000312328
0.000351191
0.000311613
0.000436068
0.000305414
0.000322819
0.000277519
0.000295877
0.000316381
0.000314713
0.000296831
