0.001359701
0.001353025
0.001337767
0.001373529
0.001340866
0.001484632
0.001418114
0.001516342
0.001408577
0.001329184
0.001282692
0.001497507
0.001396894
0.001455784
0.001552820
0.001454115
0.001364708
0.001490593
0.001480103
0.012463570
0.001352310
0.001487970
0.001483440
0.001351833
0.001396656
0.001609802
0.001271248
0.001432419
0.001639366
0.001200438
0.001338005
0.001467228
0.001451969
0.001481056
0.001357794
0.001435041
0.001510859
0.001485586
0.001423597
0.001473665
0.001462936
0.001537323
0.001500845
0.001411438
0.001381874
0.001485586
0.001374006
0.001501322
0.001461983
0.001448631
0.001421928
0.001423836
0.001541615
0.001468182
0.001465797
0.001458168
0.001529694
0.001437664
0.001484871
0.001452446
0.001523018
0.001348495
0.001414537
0.001451492
0.001427412
0.001533031
0.001404285
0.001413822
0.001461506
0.001381874
0.001468420
0.001379251
0.001432419
0.001486063
0.001494884
0.001426458
0.001420259
0.001434326
0.001434088
0.001321554
0.001356602
0.001411676
0.001520157
0.001440287
0.001501560
0.001411915
0.001477242
0.001451969
0.001461029
0.001305103
0.001367569
0.001374722
0.001532793
0.001462221
0.001505613
0.001409531
0.001493216
0.001392365
0.001401186
0.001402617
