0.000291109
0.000594854
0.000336647
0.000284433
0.000297070
0.000291348
0.000276566
0.000294924
0.000296593
0.000557661
0.000291109
0.000335455
0.000326157
0.000311852
0.000311852
0.000314713
0.000309944
0.000298262
0.000292778
0.000290394
0.000268459
0.000270128
0.000365257
0.000249863
0.000302315
0.000330210
0.000362873
0.000296354
0.000307798
0.000312328
0.000318289
0.000316858
0.000297308
0.000218868
0.000291824
0.000259876
0.000247240
0.000273466
0.000243425
0.000338554
0.000562668
0.000263929
0.000284672
0.000270367
0.000351906
0.000272512
0.000272989
0.000278711
0.000237942
0.000384808
0.000314236
0.000303507
0.000288963
0.000282288
0.000276566
0.000308275
0.000314236
0.000319481
0.000309229
0.000250816
0.000213146
0.000283003
0.000251532
0.000270605
0.000576496
0.000231743
0.000159025
0.000157356
0.000341415
0.000215054
0.000213861
0.000224113
0.000322104
0.000233650
0.000169992
0.000226259
0.000274897
0.000213861
0.000185251
0.000282526
0.000179291
0.000232697
0.000249624
0.000240564
0.000261307
0.000246048
0.000213623
0.000308752
0.000176430
0.000190496
0.000278473
0.000310183
0.000375748
0.000314951
0.000317335
0.000327110
0.000344753
0.000308990
0.000368595
0.000333548
