0.000326395
0.000324726
0.000275612
0.000309944
0.000315189
0.000333071
0.000256300
0.000344276
0.000299215
0.000326395
0.000316620
0.000337124
0.000305414
0.000322104
0.000308275
0.000332594
0.000319481
0.000289202
0.000299215
0.000341415
0.000298977
0.000320911
0.000287294
0.000320196
0.000310898
0.000307560
0.000237942
0.000319719
0.000301600
0.000293732
0.000316381
0.000316381
0.000281096
0.000343561
0.000323057
0.000315428
0.000316620
0.000311852
0.000313044
0.000312567
0.000352144
0.000314474
0.000333548
0.000291348
0.000318527
0.000385761
0.000330687
0.000342369
0.000342131
0.000420094
0.000336170
0.000289679
0.000364542
0.000340462
0.000332355
0.000346184
0.000344276
0.000349760
0.000333548
0.000458956
0.000310183
0.000328541
0.000347614
0.000312328
0.000328302
0.000340700
0.000302076
0.000334501
0.000315189
0.000328064
0.000316143
0.000365734
0.000324011
0.000344753
0.000356913
0.000312567
0.000335932
0.000432014
0.000319958
0.000289440
0.000310183
0.000378132
0.000338554
0.000341177
0.000331163
0.000271320
0.000317335
0.000341415
0.000307560
0.000578642
0.000319004
0.000322819
0.000385523
0.000329494
0.000313282
0.000339031
0.000310659
0.000344515
0.000311613
0.000330687
