0.000499010
0.000563383
0.000537872
0.000496149
0.000473976
0.000565529
0.000487566
0.000626802
0.000665665
0.000570297
0.000585794
0.000594139
0.000585318
0.000573158
0.000582933
0.000543833
0.000554323
0.000617504
0.000589609
0.000501156
0.000548363
0.000553370
0.000592947
0.000599623
0.000469446
0.000625134
0.000564337
0.000516415
0.000526667
0.000566006
0.000558853
0.000482798
0.000520945
0.000488281
0.000527143
0.000531435
0.000520468
0.000546455
0.000517368
0.000498295
0.000504255
0.000586510
0.000504255
0.000582695
0.000569105
0.000525951
0.000504494
0.000524044
0.000524521
0.000564575
0.000555754
0.000577927
0.000471115
0.000538826
0.000539541
0.000544548
0.000514030
0.000506878
0.000513077
0.000663996
0.000519753
0.000534058
0.000537872
0.000496864
0.000539541
0.000654936
0.000492811
0.000521898
0.000554800
0.000488520
0.000472784
0.000553846
0.000499487
0.000516415
0.000622034
0.000522614
0.000550747
0.000566244
0.000529528
0.000551462
0.000532627
0.000535250
0.000528336
0.000568390
0.000583649
0.000516891
0.000563383
0.000484943
0.000579834
0.000523567
0.000531435
0.000535250
0.000556469
0.000549316
0.000563860
0.000551701
0.000510216
0.000476599
0.000640869
0.000530481
