0.015205383
0.008816719
0.008455038
0.008469582
0.008393526
0.008134365
0.008642435
0.009093046
0.008326530
0.008164644
0.008333206
0.013835430
0.008983135
0.016143799
0.009032488
0.008705854
0.008076429
0.008253336
0.009577036
0.016629457
0.007793427
0.008075953
0.008975983
0.007721901
0.009053469
0.008961678
0.017221689
0.008936405
0.008910418
0.015910625
0.008050442
0.008813381
0.008672714
0.008855581
0.008881092
0.008963346
0.008860588
0.009451628
0.008471966
0.008454084
0.008532763
0.009035826
0.008580208
0.008482695
0.008682251
0.013820410
0.007333755
0.009170532
0.008465052
0.009166718
0.016870260
0.008184910
0.008685827
0.007884264
0.008947611
0.009007931
0.008584499
0.008699894
0.008852005
0.009157419
0.008676052
0.009119272
0.008792877
0.008907795
0.008692741
0.009223938
0.008856535
0.008731604
0.008857965
0.008495331
0.008551598
0.018291712
0.008312941
0.008809328
0.008813143
0.008905172
0.008494616
0.008935452
0.009215832
0.009534597
0.008916378
0.009175301
0.008874893
0.008471489
0.007671356
0.008485079
0.008847713
0.009356737
0.016395092
0.008498430
0.007913351
0.008329391
0.008793116
0.009191990
0.008554697
0.008365870
0.008092642
0.008279800
0.008091688
0.007489443
