0.000281811
0.000306129
0.000280619
0.000301123
0.000326157
0.000319719
0.000348091
0.000316620
0.000300646
0.000314951
0.000300646
0.000327349
0.000329256
0.000307798
0.000311613
0.000298738
0.000321388
0.000325203
0.000317812
0.000316858
0.000316143
0.000309706
0.000304937
0.000301600
0.000326872
0.000308037
0.000354290
0.000284433
0.000283241
0.000326872
0.000313759
0.000302315
0.000300646
0.000311852
0.000334978
0.000307083
0.000300407
0.000355005
0.000319719
0.000300884
0.000309229
0.000321865
0.000287533
0.000293255
0.000289679
0.000299454
0.000273705
0.000362635
0.000302315
0.000299692
0.000297308
0.000268221
0.000387907
0.000239611
0.000248909
0.000248909
0.000217199
0.000219107
0.000231028
0.000222206
0.000209570
0.000210285
0.000223160
0.000237703
0.000282288
0.000328779
0.000323057
0.000298738
0.000279903
0.000345230
0.000297785
0.000294209
0.000246048
0.000279665
0.000292540
0.000283003
0.000282288
0.000324011
0.000329971
0.000351191
0.000262260
0.000290632
0.000372171
0.000488520
0.000222683
0.000172377
0.000450611
0.000286818
0.000242710
0.000172853
0.000193596
0.000268936
0.000237226
0.000264168
0.000181437
0.000259638
0.000225782
0.000220060
0.000207901
0.000350952
