0.005227089
0.004949093
0.004437923
0.004589081
0.004565239
0.004247427
0.004068613
0.004138947
0.004017353
0.004704714
0.003891706
0.014466524
0.004736185
0.004345179
0.004119158
0.003542900
0.016508818
0.013717175
0.004810572
0.003891945
0.003573656
0.005020380
0.004728079
0.004377842
0.004474878
0.004680872
0.005240917
0.004024267
0.004009724
0.004383087
0.013766289
0.004361391
0.004015923
0.004366875
0.004385710
0.004743099
0.004327297
0.004252911
0.004174471
0.004991531
0.005543470
0.004663229
0.004470110
0.005284071
0.005135536
0.004461527
0.003829002
0.004599810
0.004449606
0.005000353
0.004267216
0.004904747
0.004662514
0.004901409
0.004366398
0.004594803
0.004431486
0.004734039
0.004419565
0.004860640
0.004347324
0.004518032
0.004520416
0.004720688
0.004583359
0.004263878
0.004291773
0.003970623
0.004224062
0.012931347
0.004882097
0.004639864
0.004081964
0.012825966
0.005710125
0.004700661
0.004247189
0.004616976
0.004751921
0.005812168
0.004164934
0.004869699
0.004507542
0.005322456
0.004625320
0.004573584
0.004269838
0.004357100
0.004250526
0.004596949
0.004504681
0.005192280
0.004194498
0.012722492
0.003977776
0.013152122
0.005169153
0.004865885
0.004155159
0.004241228
