0.000819445
0.000709772
0.000849962
0.000842571
0.000826597
0.000859737
0.000811577
0.000850439
0.000830412
0.000832796
0.000821352
0.000823975
0.000787258
0.000808716
0.000811577
0.000867128
0.000858307
0.000839472
0.000818253
0.000909567
0.000843287
0.000827789
0.000842094
0.000839949
0.000674725
0.000834703
0.000780582
0.000865936
0.000827551
0.000799894
0.000811100
0.000837564
0.000808716
0.000822783
0.000811338
0.000826120
0.000773191
0.000850677
0.000818253
0.000793934
0.000789404
0.000832558
0.000816345
0.000818253
0.000808239
0.000836849
0.000814676
0.000819683
0.000792503
0.000810146
0.000822783
0.000826836
0.000801563
0.000824213
0.000822783
0.000833273
0.000824690
0.000832796
0.000816107
0.000818253
0.000793695
0.000838280
0.000829697
0.000826359
0.000869751
0.000844002
0.000806808
0.000815630
0.000781775
0.000803947
0.000829220
0.000812769
0.000786543
0.000820875
0.000812769
0.000826597
0.000797033
0.000828981
0.000820160
0.000826597
0.000818729
0.000824690
0.000813246
0.000832558
0.000795841
0.000832796
0.000807047
0.000822544
0.000782013
0.000804424
0.000796080
0.000840902
0.000799894
0.000834703
0.000818491
0.000814199
0.000807047
0.000898123
0.000809908
0.000832319
