0.024359465
0.015378475
0.033637762
0.022327662
0.018006325
0.016066790
0.017367840
0.017074585
0.016270876
0.016680717
0.017776251
0.017781496
0.016566992
0.016647577
0.025917292
0.017177105
0.016208172
0.025088310
0.017530680
0.024291515
0.017692089
0.016345739
0.026785374
0.016540766
0.017703772
0.017189264
0.017719746
0.017854929
0.017654181
0.025416136
0.017722845
0.017540216
0.016929150
0.015009403
0.016643763
0.030258894
0.016919136
0.016948462
0.017019272
0.016561985
0.017307997
0.017764091
0.016417265
0.016536951
0.017549515
0.017078638
0.026561975
0.017689705
0.017158747
0.017316580
0.017832518
0.016136169
0.015871763
0.026977777
0.015483618
0.015009403
0.015324354
0.014063597
0.016464949
0.017924547
0.016307116
0.023542643
0.016193151
0.022830248
0.016542912
0.017347574
0.025723457
0.026612997
0.024514198
0.016571999
0.016705275
0.015090942
0.016181707
0.017054319
0.016273975
0.024290562
0.017100096
0.017472029
0.014972687
0.018444538
0.015952110
0.015130997
0.014840603
0.029621124
0.027704000
0.016875029
0.025086403
0.016683578
0.012372732
0.016965628
0.017153263
0.016055584
0.025444508
0.023812056
0.015565157
0.018131495
0.017173767
0.017429829
0.017359972
0.017250538
