0.000319242
0.000289679
0.000242472
0.000302076
0.000316381
0.000302315
0.000251770
0.000331163
0.000309229
0.000323772
0.000290394
0.000280857
0.000298977
0.000300407
0.000297308
0.000330448
0.000314713
0.000274897
0.000298977
0.000258446
0.000324726
0.000312805
0.000293493
0.000333786
0.000329018
0.000303268
0.000299215
0.000312805
0.000301838
0.000299931
0.000344515
0.000258923
0.000301838
0.000279427
0.000302553
0.000270128
0.000296593
0.000314236
0.000287056
0.000315905
0.000302315
0.000325680
0.000298977
0.000298977
0.000270367
0.000327587
0.000309229
0.000291824
0.000303984
0.000310898
0.000326395
0.000288010
0.000297546
0.000317335
0.000309229
0.000300884
0.000344276
0.000296831
0.000278234
0.000541210
0.000273943
0.000267029
0.000286341
0.000302315
0.000301838
0.000519276
0.000257254
0.000289440
0.000315189
0.000289917
0.000290394
0.000307798
0.000305176
0.000288486
0.000331402
0.000314713
0.000318527
0.000275135
0.000254154
0.000275135
0.000280619
0.000267982
0.000282526
0.000283718
0.000307322
0.000333786
0.000290871
0.000290394
0.000278711
0.000273705
0.000273228
0.000268936
0.000276566
0.000241041
0.000313997
0.000296593
0.000309706
0.000276566
0.000293493
0.000328541
