0.030122042
0.016673088
0.023267984
0.014285088
0.017289639
0.017966032
0.015975952
0.015810490
0.022934914
0.017150402
0.014664650
0.016777515
0.014228344
0.014451981
0.016522646
0.014090776
0.016413450
0.015332460
0.017349482
0.017232656
0.016252041
0.014758587
0.019544601
0.016358614
0.016082287
0.016324282
0.016235113
0.015904665
0.016924858
0.016950607
0.016701937
0.016012430
0.015898943
0.023112774
0.030465364
0.017792225
0.016287088
0.016085625
0.016261339
0.031342268
0.030154943
0.017441988
0.016160250
0.016374588
0.016816854
0.016884089
0.025319815
0.025622606
0.026213169
0.016485691
0.014786959
0.014391422
0.028358459
0.016475439
0.015510559
0.014580250
0.016419649
0.017085552
0.016506195
0.016913414
0.020716906
0.020257235
0.015904427
0.021924973
0.014841795
0.016583204
0.015072584
0.034541368
0.014615774
0.014643192
0.014921665
0.016219854
0.014456272
0.017261505
0.014342546
0.016821146
0.016993046
0.027548313
0.028173447
0.014320850
0.016031742
0.014576197
0.015034676
0.017288208
0.025548220
0.016506195
0.016274691
0.016334295
0.016466141
0.020257473
0.016616821
0.017208338
0.017023802
0.016834021
0.015831947
0.015868664
0.014150143
0.017243862
0.016563416
0.016398668
