0.000683546
0.000749111
0.000745535
0.000668049
0.000699997
0.000697613
0.000683784
0.000773907
0.000720263
0.000690937
0.000689030
0.000736475
0.000662088
0.000723124
0.000727415
0.000783205
0.000722408
0.000753880
0.000757456
0.000754833
0.000766039
0.000767708
0.000732183
0.000760078
0.000756264
0.000749111
0.000764132
0.000761986
0.000633001
0.000727415
0.000732422
0.000695467
0.000649691
0.000786304
0.000769377
0.000779867
0.000759840
0.000756264
0.000652313
0.000737667
0.000743389
0.000803709
0.000716209
0.000742674
0.000749826
0.000765800
0.000691891
0.000703096
0.000768185
0.000774622
0.000690937
0.000770092
0.000684500
0.000781059
0.000660181
0.000693560
0.000761271
0.000773668
0.000680923
0.000774384
0.000763893
0.000769615
0.000734329
0.000782013
0.000765562
0.000769377
0.000722885
0.000896215
0.000715733
0.000682354
0.000764370
0.000782013
0.000740290
0.000769138
0.000751495
0.000763178
0.000660896
0.000735760
0.000658035
0.000747681
0.000741005
0.000785112
0.000720024
0.000730038
0.000684977
0.000763893
0.000723600
0.000848055
0.000669003
0.000746012
0.000639677
0.000696421
0.000840187
0.000724316
0.000722408
0.000750065
0.000702381
0.000719309
0.000691891
0.000719786
