0.007010937
0.008103609
0.008544445
0.008399010
0.014122486
0.008343935
0.016751528
0.008481979
0.008260965
0.007302046
0.008353233
0.015038729
0.008690357
0.008788347
0.008336306
0.008023024
0.008614302
0.014718771
0.008853197
0.013513327
0.008666754
0.014417887
0.008827686
0.008250237
0.008611679
0.008029461
0.007131338
0.008323193
0.008519888
0.009082794
0.008150339
0.007232428
0.008549213
0.008288145
0.008665800
0.008603573
0.014654636
0.008503437
0.008162498
0.007395029
0.008324385
0.007732630
0.007607222
0.006339788
0.007394314
0.007515907
0.007310867
0.007444382
0.007565498
0.007529020
0.007597685
0.007361650
0.008362293
0.008587837
0.008262157
0.008533239
0.008116722
0.008216381
0.008389235
0.008291006
0.007156134
0.007106543
0.017614365
0.008556366
0.007706881
0.006926060
0.007449150
0.007596731
0.007851839
0.008425474
0.007847548
0.007129669
0.007180214
0.007411003
0.007976532
0.008387566
0.007864475
0.007944107
0.017732620
0.008062840
0.007814407
0.007947206
0.008099556
0.008329391
0.008169889
0.007955074
0.007852077
0.008084774
0.008706808
0.009112835
0.008177996
0.008080006
0.008345366
0.008448839
0.017388582
0.008638144
0.012444496
0.008243084
0.015361786
0.006932497
