0.005295515
0.004175425
0.004507303
0.004059076
0.004334211
0.004494905
0.004444122
0.004307747
0.013411522
0.004309893
0.004409790
0.004275084
0.003957033
0.004275799
0.004555464
0.004414082
0.016795635
0.005119324
0.003720999
0.003751278
0.004048824
0.004307032
0.004499674
0.005189419
0.004182339
0.004292488
0.013010740
0.004787445
0.003733635
0.004054785
0.004380226
0.004291534
0.005527973
0.004536867
0.004114151
0.004132509
0.005165815
0.004688263
0.004326582
0.004124641
0.004311800
0.004793167
0.004282475
0.003360033
0.003996611
0.005132198
0.003797531
0.003710032
0.004505396
0.004076004
0.003805876
0.004420757
0.003854752
0.004117489
0.004306316
0.005051374
0.004389286
0.004543066
0.004364252
0.004766464
0.004606485
0.004583120
0.004148483
0.003921270
0.004277706
0.004996300
0.004589558
0.004321337
0.004463434
0.004211187
0.004475594
0.004189491
0.014467239
0.004723072
0.004344463
0.004137516
0.004241943
0.004879713
0.004891396
0.005522966
0.004475832
0.005008221
0.004343033
0.004072189
0.004526615
0.005150318
0.004415274
0.004461765
0.004362106
0.004649401
0.004457712
0.004119158
0.004514933
0.004317522
0.004459858
0.004183531
0.004785538
0.004604816
0.004649401
0.012233496
