0.000270367
0.000236988
0.000235796
0.000211716
0.000217676
0.000247478
0.000235081
0.000224113
0.000339031
0.000275373
0.000282288
0.000277758
0.000272751
0.000285625
0.000267029
0.000265598
0.000266552
0.000234365
0.000271559
0.000251293
0.000249147
0.000289202
0.000257254
0.000241756
0.000228643
0.000209570
0.000236273
0.000320911
0.000286818
0.000286579
0.000264883
0.000266075
0.000288010
0.000256300
0.000254869
0.000289202
0.000235319
0.000194788
0.000261545
0.000239849
0.000283480
0.000298738
0.000275850
0.000252485
0.000305653
0.000303268
0.000312090
0.000277042
0.000274181
0.000260830
0.000338793
0.000232697
0.000257969
0.000230312
0.000194073
0.000210047
0.000219107
0.000196695
0.000247478
0.000282764
0.000194788
0.000268459
0.000237942
0.000213623
0.000245094
0.000302076
0.000244141
0.000206709
0.000212431
0.000240088
0.000251055
0.000282288
0.000292301
0.000262737
0.000307560
0.000262737
0.000295401
0.000240803
0.000268936
0.000257254
0.000273705
0.000286341
0.000311852
0.000212908
0.000255108
0.000212908
0.000210047
0.000161648
0.000225306
0.000275135
0.000260353
0.000295639
0.000180960
0.000226498
0.000238419
0.000279665
0.000230312
0.000194311
0.000197887
0.000169039
