0.011558771
0.002141476
0.002557039
0.002290010
0.002310514
0.002323389
0.002395868
0.002202511
0.002238750
0.002171516
0.002113104
0.002315521
0.002475977
0.002301931
0.013211966
0.002229452
0.002233505
0.002385378
0.001995087
0.002383709
0.002065182
0.002393961
0.002033234
0.001908541
0.001774311
0.001649380
0.002124071
0.002480507
0.002351761
0.002072811
0.001945496
0.002441168
0.002255917
0.002273083
0.002411842
0.002451420
0.002293825
0.002128124
0.002498150
0.002652168
0.002309322
0.002006292
0.002551079
0.002220869
0.002155066
0.012736797
0.002444267
0.002755404
0.002434731
0.002234697
0.002256632
0.011902809
0.002147913
0.002208710
0.002149343
0.002621889
0.002433538
0.011479139
0.002192497
0.002146244
0.002590418
0.002228498
0.002264261
0.002417803
0.002550840
0.002265215
0.002266884
0.002040863
0.002530336
0.002073526
0.002384424
0.001926661
0.002358675
0.002398968
0.002452374
0.002081156
0.002496004
0.002192497
0.001683712
0.001718760
0.001978159
0.002122164
0.002025604
0.002521276
0.002425194
0.001849890
0.001909733
0.002478123
0.002064943
0.002101660
0.002765894
0.002135277
0.002338648
0.002618790
0.002537012
0.002621651
0.002806664
0.002648115
0.002442837
0.002166033
