0.000289917
0.000295162
0.000257015
0.000262260
0.000260115
0.000234842
0.000257015
0.000282049
0.000275850
0.000312090
0.000272751
0.000285864
0.000267506
0.000293732
0.000289917
0.000248909
0.000289202
0.000266790
0.000316143
0.000265121
0.000495911
0.000276089
0.000274897
0.000268459
0.000334978
0.000244141
0.000324011
0.000286818
0.000269890
0.000249624
0.000228405
0.000344038
0.000236511
0.000251055
0.000244379
0.000255823
0.000253916
0.000256538
0.000266314
0.000272274
0.000271797
0.000293970
0.000271320
0.000262976
0.000265360
0.000283003
0.000274181
0.000274897
0.000265598
0.000263214
0.000321150
0.000298023
0.000283957
0.000241995
0.000236273
0.000286341
0.000264645
0.000275135
0.000282526
0.000321627
0.000249863
0.000255346
0.000229597
0.000325441
0.000267506
0.000283718
0.000273705
0.000298977
0.000248432
0.000168562
0.000279665
0.000269413
0.000267744
0.000266552
0.000268221
0.000305414
0.000298262
0.000250101
0.000279665
0.000257254
0.000278950
0.000365257
0.000261307
0.000259638
0.000395060
0.000253677
0.000250101
0.000517130
0.000266075
0.000261545
0.000287533
0.000269651
0.000287294
0.000257969
0.000248671
0.000283241
0.000259399
0.000246525
0.000264168
0.000268221
