0.000303984
0.000347376
0.000382900
0.000356197
0.000369072
0.000379562
0.000351667
0.000346184
0.000317097
0.000287771
0.000314236
0.000295877
0.000252724
0.000391245
0.000380754
0.000286102
0.000391483
0.000362396
0.000355482
0.000367641
0.000332355
0.000333786
0.000364780
0.000378132
0.000341892
0.000290632
0.000401020
0.000334740
0.000289917
0.000410318
0.000331402
0.000363350
0.000388861
0.000339270
0.000282049
0.000306606
0.000296593
0.000339746
0.000366211
0.000344992
0.000360966
0.000372410
0.000382423
0.000331163
0.000301600
0.000336170
0.000310183
0.000324488
0.000359297
0.000341892
0.000402212
0.000349522
0.000366688
0.000377417
0.000376463
0.000349998
0.000404358
0.000341177
0.000358343
0.000355721
0.000356436
0.000338793
0.000365257
0.000306606
0.000342607
0.000406265
0.000364304
0.000348091
0.000417948
0.000340462
0.000283003
0.000386477
0.000357628
0.000292778
0.000380039
0.000346661
0.000310898
0.000319004
0.000345230
0.000347614
0.000392914
0.000355244
0.000359535
0.000370979
0.000336409
0.000334740
0.000413179
0.000346661
0.000358582
0.000373602
0.000409126
0.000346184
0.000316620
0.000316858
0.000361204
0.000378847
0.000336885
0.000349760
0.000377417
0.000342846
