0.000176668
0.000221252
0.000194550
0.000180244
0.000136137
0.000159740
0.000140190
0.000140905
0.000186205
0.000162601
0.000160933
0.000133991
0.000145197
0.000159264
0.000235319
0.000169754
0.000155449
0.000159979
0.000167370
0.000159502
0.000179529
0.000199795
0.000167847
0.000161409
0.000168085
0.000156403
0.000219345
0.000178337
0.000142336
0.000180006
0.000164032
0.000167608
0.000160217
0.000224352
0.000145435
0.000164509
0.000120163
0.000143290
0.000126123
0.000116348
0.000228405
0.000201941
0.000127554
0.000127316
0.000121355
0.000381947
0.000387430
0.000182152
0.000384808
0.000179291
0.000150681
0.000126123
0.000181198
0.000132084
0.000114441
0.000339985
0.000224590
0.000190735
0.000141621
0.000149250
0.000132084
0.000133514
0.000122786
0.000165224
0.000159264
0.000135422
0.000121117
0.000137806
0.000239611
0.000155687
0.000136375
0.000126839
0.000123262
0.000123024
0.000252008
0.000182390
0.000138521
0.000142097
0.000149250
0.000174999
0.000229120
0.000122070
0.000120401
0.000120878
0.000134468
0.000112534
0.000249386
0.000114918
0.000226736
0.000145674
0.000143051
0.000149965
0.000149488
0.000129700
0.000146151
0.000168085
0.000137091
0.000133276
0.000146151
0.000146151
