0.063067913
0.013062000
0.000270128
0.000313759
0.000303984
0.000328779
0.000324965
0.000255346
0.000319481
0.000225544
0.000303984
0.000275135
0.000273943
0.000283480
0.000270605
0.000289679
0.000261068
0.000247002
0.000319481
0.000291348
0.000274181
0.000273943
0.000288963
0.000291586
0.000256300
0.000269651
0.000263691
0.000265598
0.000283957
0.000286818
0.000332594
0.000292063
0.000288725
0.000293255
0.000305176
0.000284195
0.000315189
0.000272989
0.000274897
0.000267982
0.000263929
0.000301600
0.000285864
0.000257969
0.000300646
0.000240564
0.000282526
0.000269175
0.000252008
0.000297308
0.000287533
0.000280142
0.000251293
0.000298262
0.000300169
0.000306845
0.000292301
0.000291586
0.000288725
0.000310659
0.000301123
0.000267029
0.000299454
0.000296354
0.000243664
0.000251770
0.000334263
0.000291348
0.000228167
0.000437260
0.000254154
0.000277996
0.000234842
0.000321150
0.000265598
0.000249624
0.000365734
0.000283003
0.000285864
0.000344753
0.000250101
0.000239372
0.000280380
0.000297308
0.000238895
0.000274420
0.000283480
0.000259161
0.000246286
0.000284910
0.000255823
0.000291824
0.000270605
0.000316858
0.000236034
0.000335932
0.000249863
0.000253201
0.000308990
0.000270367
