0.000369787
0.000321865
0.000271320
0.000308275
0.000292063
0.000292778
0.000276089
0.000288010
0.000318289
0.000271082
0.000287533
0.000287771
0.000284910
0.000321388
0.000305176
0.000291109
0.000298977
0.000296116
0.000312567
0.000307083
0.000310421
0.000309229
0.000288486
0.000342607
0.000277758
0.000329494
0.000284910
0.000288486
0.000288010
0.000308037
0.000299215
0.000310183
0.000317574
0.000357866
0.000284433
0.000293493
0.000287533
0.000288963
0.000305176
0.000296831
0.000288010
0.000297546
0.000295401
0.000309706
0.000288248
0.000288486
0.000279188
0.000293732
0.000297070
0.000268459
0.000292540
0.000295401
0.000274420
0.000376701
0.000300884
0.000254869
0.000286579
0.000275373
0.000324965
0.000373363
0.000288725
0.000325680
0.000296116
0.000350952
0.000313759
0.000288963
0.000306129
0.000287771
0.000308752
0.000284195
0.000283241
0.000292301
0.000287056
0.000334024
0.000312567
0.000285625
0.000276804
0.000243425
0.000324726
0.000285625
0.000342846
0.000287533
0.000294924
0.000329733
0.000290155
0.000288486
0.000299215
0.000298500
0.000329018
0.000287294
0.000300884
0.000266075
0.000294209
0.000307798
0.000295401
0.000293016
0.000288010
0.000313997
0.000300169
0.000252247
