0.000280380
0.000242233
0.000305176
0.000307322
0.000286102
0.000294685
0.000303268
0.000303507
0.000272274
0.000250578
0.000306845
0.000275850
0.000271797
0.000276089
0.000247478
0.000304222
0.000271559
0.000299215
0.000316143
0.000288963
0.000293493
0.000337601
0.000302792
0.000245810
0.000305176
0.000305176
0.000262737
0.000316620
0.000251770
0.000283003
0.000304461
0.000285387
0.000306368
0.000271797
0.000316143
0.000277042
0.000296831
0.000304937
0.000277042
0.000248194
0.000282288
0.000303268
0.000298023
0.000254869
0.000230789
0.000273228
0.000312090
0.000303268
0.000326157
0.000301600
0.000304699
0.000305176
0.000306606
0.000303984
0.000305891
0.000339508
0.000306129
0.000303984
0.000286341
0.000310659
0.000318050
0.000303030
0.000314713
0.000295401
0.000303984
0.000270128
0.000273943
0.000232220
0.000336885
0.000294685
0.000247002
0.000307083
0.000304222
0.000314951
0.000296116
0.000342846
0.000261784
0.000272751
0.000328541
0.000236511
0.000289917
0.000295639
0.000305414
0.000285387
0.000323296
0.000302315
0.000294924
0.000257015
0.000215054
0.000367880
0.000229359
0.000244617
0.000283480
0.000258207
0.000298500
0.000288725
0.000250578
0.000242949
0.000255346
0.000224352
