0.001947641
0.002059460
0.001867533
0.001872301
0.002020359
0.002099276
0.001857519
0.012053251
0.002032518
0.002075911
0.001993895
0.002010822
0.013096094
0.002109051
0.001885653
0.001954556
0.002024889
0.002075434
0.001906872
0.002065897
0.002025127
0.001998425
0.002003908
0.002123594
0.002058506
0.001900911
0.001930952
0.002091169
0.002020121
0.002066612
0.002032995
0.002066135
0.002040625
0.002071857
0.002014160
0.002042055
0.001922846
0.002045393
0.001905203
0.002060413
0.002025366
0.002036572
0.002137184
0.002049208
0.002046108
0.002051592
0.002044678
0.002032518
0.002011776
0.002053976
0.002014875
0.002054214
0.002049446
0.002075672
0.002061605
0.002077341
0.002039194
0.002054930
0.002121210
0.001941919
0.002012968
0.002082109
0.001999855
0.001994848
0.002024412
0.002018452
0.002044678
0.002053738
0.002073050
0.002043724
0.002040863
0.002059698
0.001995802
0.001988888
0.002040148
0.002080202
0.002085924
0.002059221
0.002079248
0.001986742
0.001895905
0.001834631
0.002388477
0.002079725
0.002002954
0.001925230
0.001863718
0.002023697
0.002031565
0.002046585
0.002010345
0.002068758
0.002042770
0.002014399
0.002015591
0.002007008
0.002036572
0.001988649
0.002050400
0.002143383
