0.000542164
0.000569105
0.000359535
0.000375032
0.000489235
0.000566006
0.000497103
0.000543594
0.000498295
0.000539064
0.000514746
0.000509501
0.000461340
0.000449181
0.000483513
0.000529051
0.000456333
0.000513077
0.000513792
0.000565529
0.000406265
0.000564098
0.000563860
0.000448227
0.000564814
0.000605345
0.000434399
0.000498772
0.000497341
0.000527859
0.000454664
0.000543833
0.000521183
0.000568390
0.000481367
0.000565290
0.000519037
0.000557423
0.000515223
0.000554562
0.000484943
0.000502110
0.000481367
0.000600338
0.000539541
0.000540257
0.000482798
0.000522137
0.000464439
0.000533819
0.000508547
0.000568151
0.000506163
0.000528336
0.000503778
0.000557184
0.000548124
0.000510693
0.000488997
0.000436306
0.000384569
0.000495672
0.000452757
0.000558376
0.000529289
0.000513792
0.000504494
0.000579834
0.000482082
0.000556946
0.000480652
0.000549555
0.000503778
0.000492096
0.000555515
0.000565290
0.000521183
0.000530481
0.000508547
0.000537157
0.000424147
0.000518560
0.000448704
0.000567913
0.000425816
0.000557184
0.000462532
0.000587463
0.000429153
0.000570774
0.000431776
0.000537634
0.000476837
0.000578403
0.000495911
0.000568628
0.000446081
0.000537157
0.000536203
0.000504494
