0.000286341
0.000270128
0.000308514
0.000258923
0.000258923
0.000257492
0.000272036
0.000325441
0.000311613
0.000266790
0.000287294
0.000282049
0.000281811
0.000266552
0.000259876
0.000313044
0.000298977
0.000281334
0.000267506
0.000298023
0.000275850
0.000281572
0.000286102
0.000255346
0.000307322
0.000243425
0.000295162
0.000293970
0.000301361
0.000292063
0.000289202
0.000289679
0.000287533
0.000261307
0.000260353
0.000323534
0.000332832
0.000307083
0.000298023
0.000278950
0.000300407
0.000274658
0.000287056
0.000265121
0.000311613
0.000259876
0.000259638
0.000264645
0.000322580
0.000329494
0.000336409
0.000243187
0.000294209
0.000316858
0.000278711
0.000281811
0.000308037
0.000260353
0.000260353
0.000331640
0.000321150
0.000295639
0.000307322
0.000295877
0.000239372
0.000254393
0.000283241
0.000299931
0.000258684
0.000318289
0.000303268
0.000298977
0.000280619
0.000303268
0.000258684
0.000282526
0.000303268
0.000290632
0.000299454
0.000261307
0.000316381
0.000259161
0.000279665
0.000339746
0.000298977
0.000302076
0.000303030
0.000256062
0.000292778
0.000292301
0.000233889
0.000292540
0.000304699
0.000279188
0.000414610
0.000295639
0.000339508
0.000276327
0.000274658
0.000269651
