0.000335932
0.000324249
0.000344992
0.000292063
0.000339746
0.000360966
0.000342369
0.000325441
0.000371218
0.000324249
0.000284195
0.000359297
0.000303507
0.000326395
0.000371218
0.000326872
0.000334501
0.000364780
0.000332832
0.000324488
0.000382423
0.000304461
0.000320435
0.000358105
0.000413179
0.000322580
0.000326395
0.000291824
0.000336885
0.000357389
0.000310183
0.000322580
0.000371456
0.000324249
0.000363111
0.000357389
0.000346899
0.000341892
0.000354052
0.000339270
0.000322580
0.000355959
0.000335932
0.000341892
0.000363588
0.000298262
0.000326157
0.000359297
0.000331640
0.000325203
0.000369072
0.000325203
0.000338793
0.000362635
0.000336885
0.000335455
0.000369310
0.000326157
0.000293255
0.000453949
0.000325680
0.000280380
0.000331640
0.000325203
0.000324488
0.000365496
0.000314474
0.000337124
0.000362873
0.000320435
0.000308037
0.000373840
0.000324488
0.000324011
0.000371456
0.000352621
0.000325680
0.000370264
0.000327587
0.000326872
0.000361204
0.000355482
0.000324011
0.000368118
0.000327587
0.000329733
0.000355721
0.000334740
0.000322580
0.000351667
0.000322342
0.000330210
0.000355959
0.000310659
0.000327349
0.000363350
0.000325203
0.000338316
0.000359535
0.000322580
