0.000277519
0.000268936
0.000270128
0.000283241
0.000271797
0.000292778
0.000261307
0.000319004
0.000291348
0.000267982
0.000277281
0.000260592
0.000291109
0.000264645
0.000291586
0.000266075
0.000286579
0.000288248
0.000290394
0.000267029
0.000261068
0.000292063
0.000249624
0.000274897
0.000316858
0.000290394
0.000293493
0.000238895
0.000313044
0.000288248
0.000287771
0.000291348
0.000287771
0.000262737
0.000287771
0.000300407
0.000292540
0.000298500
0.000291109
0.000288248
0.000289917
0.000324965
0.000262737
0.000277042
0.000261068
0.000303268
0.000317097
0.000275135
0.000292778
0.000278473
0.000290871
0.000288486
0.000298500
0.000288725
0.000283241
0.000286579
0.000262499
0.000274181
0.000275373
0.000342607
0.000301123
0.000293016
0.000289679
0.000245094
0.000255823
0.000290632
0.000290155
0.000305176
0.000293732
0.000299454
0.000289679
0.000287533
0.000291348
0.000293255
0.000299931
0.000292778
0.000295639
0.000294209
0.000289679
0.000277758
0.000314474
0.000298262
0.000263453
0.000309706
0.000243425
0.000257015
0.000288963
0.000301361
0.000293255
0.000293493
0.000275373
0.000291824
0.000293732
0.000291586
0.000288248
0.000229120
0.000307798
0.000296116
0.000236034
0.000295639
