0.000258207
0.000287294
0.000309706
0.000275373
0.000268221
0.000317097
0.000222683
0.000275135
0.000263214
0.000291109
0.000271320
0.000277042
0.000287056
0.000221252
0.000280142
0.000305653
0.000264168
0.000228643
0.000253439
0.000296116
0.000278711
0.000308990
0.000274181
0.000311136
0.000274181
0.000257969
0.000253677
0.000284672
0.000302553
0.000290632
0.000302315
0.000292778
0.000321865
0.000234842
0.000279188
0.000262499
0.000289917
0.000282526
0.000297308
0.000294924
0.000265121
0.000285864
0.000275850
0.000215769
0.000281811
0.000259638
0.000259876
0.000251770
0.000249624
0.000282049
0.000283241
0.000281334
0.000284910
0.000265121
0.000257015
0.000262260
0.000242710
0.000247002
0.000306606
0.000454187
0.000255346
0.000266552
0.000355959
0.000256538
0.000299454
0.000248671
0.000281572
0.000283957
0.000323534
0.000288486
0.000308514
0.000281811
0.000264168
0.000292301
0.000298500
0.000255823
0.000329018
0.000278711
0.000252247
0.000277281
0.000261307
0.000291109
0.000272274
0.000246286
0.000257015
0.000346899
0.000272751
0.000283957
0.000258923
0.000244617
0.000280857
0.000271082
0.000269651
0.000267267
0.000308514
0.000236511
0.000260115
0.000263453
0.000297308
0.000223875
