0.000839233
0.000861883
0.000725269
0.000759840
0.000839472
0.000906706
0.000875473
0.000910759
0.000877857
0.000885963
0.000871897
0.000913858
0.000892401
0.000843763
0.000860691
0.000854969
0.000861168
0.000844955
0.000949144
0.000909805
0.000912666
0.000875473
0.000893354
0.000925779
0.000821352
0.000812292
0.000855207
0.000729561
0.000824451
0.000814438
0.000877380
0.000838757
0.000743628
0.000871658
0.000833511
0.000870466
0.000898838
0.000772238
0.000857353
0.000866652
0.000978470
0.000817060
0.000905752
0.000909328
0.000858068
0.000941038
0.000810385
0.000846386
0.000890970
0.000842810
0.000811100
0.000877380
0.000888586
0.000930071
0.000930548
0.000891685
0.000854969
0.000907898
0.000852823
0.000898838
0.000881195
0.000849009
0.000830412
0.000811338
0.000856876
0.000875235
0.000826597
0.000910759
0.000838041
0.000877380
0.000860929
0.000926256
0.000884295
0.000864267
0.000856876
0.000913858
0.000875235
0.000847816
0.000814199
0.000839710
0.000844479
0.000856161
0.000859976
0.000829458
0.000815392
0.000842094
0.000866652
0.000868082
0.000892878
0.000851393
0.000811338
0.000900984
0.000905275
0.000893593
0.000842810
0.000906229
0.000890255
0.000857592
0.000813961
0.000841856
