0.015879154
0.007288218
0.006940842
0.007205725
0.005791187
0.014363289
0.007157087
0.007118702
0.007188082
0.007246017
0.007196426
0.006940842
0.007117748
0.007181406
0.007183790
0.007138491
0.007192612
0.007229567
0.007165670
0.017541647
0.007266760
0.007222652
0.007133722
0.007422447
0.007191658
0.007111311
0.007024765
0.007088423
0.007090569
0.007178545
0.007236242
0.015840292
0.007153273
0.007138729
0.006999731
0.007245779
0.007148743
0.007236242
0.007208347
0.007108927
0.007232428
0.007161379
0.007140636
0.007114410
0.007163763
0.015934706
0.007257223
0.007086277
0.007081032
0.007037878
0.007252455
0.007189989
0.007213354
0.007220268
0.007318497
0.007151127
0.007122755
0.007234573
0.014158964
0.007242203
0.007210732
0.007114887
0.007092953
0.007296085
0.007165194
0.007165432
0.017853260
0.007211447
0.007031202
0.007157564
0.007044077
0.007318974
0.014177322
0.015625238
0.007227898
0.007223606
0.007169724
0.007122040
0.014134169
0.007153749
0.007295847
0.007174253
0.007200480
0.015651464
0.007162333
0.007005215
0.007054806
0.007203102
0.007264614
0.015795708
0.007223129
0.007153511
0.007117987
0.007223845
0.007201672
0.007200003
0.007191896
0.007129669
0.007167816
0.016154528
