0.000289679
0.000299692
0.000308037
0.000315905
0.000275373
0.000249147
0.000250340
0.000302792
0.000258684
0.000309944
0.000286341
0.000248909
0.000276804
0.000279903
0.000252008
0.000326157
0.000302315
0.000295877
0.000246286
0.000280380
0.000303984
0.000337124
0.000290871
0.000309706
0.000315905
0.000308752
0.000305176
0.000283480
0.000285864
0.000313759
0.000275135
0.000236988
0.000290394
0.000279188
0.000303745
0.000279427
0.000270605
0.000277042
0.000306129
0.000272512
0.000303984
0.000301838
0.000318289
0.000310898
0.000289917
0.000342131
0.000303268
0.000304699
0.000303030
0.000279427
0.000320435
0.000309944
0.000293255
0.000318050
0.000318289
0.000296354
0.000346422
0.000252247
0.000278234
0.000409603
0.000248194
0.000264645
0.000282526
0.000330925
0.000267506
0.000244379
0.000250578
0.000276804
0.000256062
0.000302315
0.000349998
0.000327826
0.000278711
0.000285149
0.000273943
0.000291586
0.000316858
0.000311852
0.000257730
0.000287771
0.000271797
0.000296116
0.000295877
0.000313044
0.000272989
0.000269890
0.000292778
0.000315189
0.000272036
0.000316143
0.000342369
0.000305176
0.000272751
0.000272751
0.000275850
0.000272751
0.000253916
0.000292301
0.000290871
0.000268936
