0.000298262
0.000240326
0.000227928
0.000262022
0.000302315
0.000250340
0.000257015
0.000246763
0.000244141
0.000230312
0.000288248
0.000245571
0.000272036
0.000300169
0.000271559
0.000289917
0.000271797
0.000242472
0.000261068
0.000286341
0.000301838
0.000289679
0.000298262
0.000306368
0.000289202
0.000298738
0.000250101
0.000281572
0.000291109
0.000259638
0.000311136
0.000250340
0.000298500
0.000280380
0.000298977
0.000258684
0.000301838
0.000251055
0.000219345
0.000297546
0.000297785
0.000259638
0.000295639
0.000275135
0.000300407
0.000257492
0.000298977
0.000283480
0.000229836
0.000483513
0.000326872
0.000301838
0.000316620
0.000311852
0.000326872
0.000275850
0.000310659
0.000297785
0.000324249
0.000285864
0.000290394
0.000329494
0.000334978
0.000267029
0.000270128
0.000272512
0.000271559
0.000248432
0.000285864
0.000301838
0.000273228
0.000246286
0.000255585
0.000256777
0.000292540
0.000291824
0.000307560
0.000276804
0.000286579
0.000278473
0.000346899
0.000281572
0.000288248
0.000331163
0.000291586
0.000254869
0.000288486
0.000312567
0.000255346
0.000280380
0.000277281
0.000257969
0.000317812
0.000311852
0.000265360
0.000293970
0.000298977
0.000290871
0.000312090
0.000263214
