0.001206636
0.001281261
0.001228809
0.001312017
0.001302481
0.001200914
0.001302242
0.001305819
0.001400948
0.001352310
0.001316309
0.001295805
0.001357555
0.001302004
0.001214743
0.001222134
0.001402617
0.001318932
0.001245260
0.001375914
0.001282692
0.001301527
0.001167536
0.001341820
0.001422405
0.001279116
0.001185179
0.001354218
0.001301527
0.001326799
0.001346827
0.001176596
0.001280785
0.001439095
0.001371145
0.001402855
0.001312017
0.001301765
0.001336813
0.001342297
0.001180410
0.001343966
0.001314402
0.001257896
0.001270771
0.001302719
0.001307964
0.001334667
0.001346350
0.001272202
0.001292467
0.001312017
0.001362324
0.001400709
0.001322269
0.001342297
0.001312971
0.001435757
0.001260519
0.001353025
0.001294374
0.001278162
0.001322269
0.001402855
0.001336813
0.001365185
0.001355410
0.001304865
0.001332521
0.001299381
0.001307726
0.001373768
0.001295805
0.001305819
0.001333714
0.001418829
0.001322269
0.001387358
0.001378775
0.001374245
0.001354218
0.001349688
0.001298189
0.001296997
0.001333952
0.001295805
0.001332760
0.001328945
0.001361370
0.001324415
0.001315355
0.001374722
0.001327753
0.001291513
0.001350164
0.001357794
0.001391411
0.001289606
0.001313448
0.001446962
