0.064533949
0.014414787
0.000215769
0.000241041
0.000230551
0.000228167
0.000256062
0.000150442
0.000217438
0.000308752
0.000232458
0.000234365
0.000248671
0.000237703
0.000216246
0.000222206
0.000237465
0.000230789
0.000234365
0.000240803
0.000217915
0.000217676
0.000228167
0.000229359
0.000228167
0.000227451
0.000183821
0.000218153
0.000231266
0.000205278
0.000229836
0.000242710
0.000229120
0.000230312
0.000227213
0.000227928
0.000231743
0.000247478
0.000231504
0.000278711
0.000234127
0.000236988
0.000231981
0.000227451
0.000231028
0.000227451
0.000236750
0.000231028
0.000217915
0.000230551
0.000215769
0.000236273
0.000198841
0.000215054
0.000264883
0.000231266
0.000235796
0.000230074
0.000231266
0.000241518
0.000229359
0.000217438
0.000233650
0.000228167
0.000199556
0.000217199
0.000226021
0.000251770
0.000226736
0.000349283
0.000221014
0.000222921
0.000230551
0.000185728
0.000216722
0.000227928
0.000194311
0.000251055
0.000228882
0.000218153
0.000233889
0.000206232
0.000229359
0.000228882
0.000227690
0.000228167
0.000231028
0.000253916
0.000191927
0.000241280
0.000222206
0.000221252
0.000230312
0.000228643
0.000257492
0.000226974
0.000232458
0.000252008
0.000219345
0.000195026
