0.011853456
0.001206875
0.001240730
0.001293898
0.001315117
0.001324654
0.001291275
0.001325130
0.001253843
0.001375675
0.001291037
0.001186609
0.001219273
0.001344442
0.001382828
0.001313448
0.001313686
0.001273870
0.001305580
0.001379490
0.001299381
0.001322031
0.001368761
0.001236677
0.001332998
0.001291275
0.001341343
0.001177788
0.001324177
0.001281977
0.001252174
0.001305580
0.001343727
0.001448154
0.001147985
0.001290083
0.001281023
0.001415253
0.001281500
0.001148701
0.001307964
0.001258135
0.001248837
0.001158953
0.001304150
0.001158953
0.001266003
0.001154423
0.001331568
0.001221895
0.001269341
0.001259804
0.001312971
0.001153708
0.001348257
0.001161098
0.001283646
0.001152515
0.001329422
0.001275778
0.001310587
0.001239777
0.001302481
0.001159191
0.001429796
0.001182079
0.001278639
0.011810541
0.001263618
0.001142025
0.001330376
0.001315355
0.001228571
0.001132965
0.001455784
0.001251459
0.001399040
0.001149416
0.001379251
0.001151800
0.001329899
0.001280546
0.001285315
0.001216173
0.001440048
0.011861324
0.001325130
0.001175880
0.001328707
0.001199722
0.001367569
0.001341820
0.001335382
0.001279116
0.001469612
0.001148224
0.001365185
0.001206398
0.001242399
0.001130819
