0.000292063
0.000388384
0.000250101
0.000243902
0.000302076
0.000324249
0.000316620
0.000252724
0.000273228
0.000361204
0.000235319
0.000287056
0.000294924
0.000288725
0.000306845
0.000315428
0.000309229
0.000308752
0.000286818
0.000303984
0.000283718
0.000309467
0.000304699
0.000288010
0.000309706
0.000306368
0.000276327
0.000300169
0.000322342
0.000308275
0.000323296
0.000316858
0.000325918
0.000316620
0.000252724
0.000295401
0.000317812
0.000327826
0.000238657
0.000311375
0.000303030
0.000323534
0.000324011
0.000344753
0.000290155
0.000314474
0.000323296
0.000266790
0.000318527
0.000303745
0.000296831
0.000287294
0.000265837
0.000240803
0.000323057
0.000295401
0.000308752
0.000308514
0.000324965
0.000319481
0.000323772
0.000324488
0.000341415
0.000302076
0.000247002
0.000311375
0.000330448
0.000332832
0.000352144
0.000231028
0.000291109
0.000318527
0.000310183
0.000307560
0.000316620
0.000306845
0.000332594
0.000280619
0.000267744
0.000306606
0.000298977
0.000349522
0.000310183
0.000318766
0.000328779
0.000321150
0.000293493
0.000257254
0.000313044
0.000258446
0.000309944
0.000318289
0.000342846
0.000324249
0.000323296
0.000308275
0.000274420
0.000302553
0.000279188
0.000274420
