0.000181675
0.000283003
0.000206232
0.000210762
0.000258207
0.000233889
0.000278950
0.000263453
0.000192404
0.000278473
0.000277281
0.000232458
0.000255585
0.000277758
0.000278473
0.000277281
0.000267267
0.000233412
0.000277519
0.000197172
0.000232458
0.000194073
0.000282049
0.000260115
0.000280619
0.000206709
0.000260353
0.000277519
0.000240564
0.000278234
0.000290394
0.000194550
0.000259161
0.000328302
0.000192881
0.000278711
0.000199318
0.000248909
0.000297546
0.000209332
0.000233889
0.000281572
0.000279903
0.000279903
0.000280619
0.000229120
0.000282049
0.000278950
0.000261307
0.000278234
0.000246763
0.000240326
0.000239849
0.000285864
0.000284195
0.000276566
0.000304937
0.000278711
0.000288725
0.000292778
0.000277996
0.000260592
0.000278473
0.000248194
0.000304461
0.000238657
0.000308037
0.000260115
0.000321865
0.000278950
0.000283718
0.000281096
0.000265598
0.000277996
0.000277996
0.000277281
0.000302076
0.000234127
0.000303507
0.000279427
0.000277996
0.000278711
0.000303507
0.000280142
0.000279665
0.000240803
0.000239134
0.000239849
0.000251532
0.000279665
0.000277042
0.000261784
0.000265598
0.000277281
0.000277996
0.000196218
0.000243187
0.000237226
0.000268936
0.000223637
