0.000339746
0.000342369
0.000250101
0.000250340
0.000274897
0.000250101
0.000265837
0.000306368
0.000320435
0.000319719
0.000290632
0.000290871
0.000323772
0.000294685
0.000318527
0.000285387
0.000319719
0.000328064
0.000328064
0.000228643
0.000346422
0.000329494
0.000234842
0.000286818
0.000325441
0.000333786
0.000291109
0.000278711
0.000317812
0.000252008
0.000295639
0.000319719
0.000283957
0.000325203
0.000226259
0.000288963
0.000302076
0.000304699
0.000318766
0.000288725
0.000278234
0.000312567
0.000283480
0.000282526
0.000318527
0.000293970
0.000321388
0.000343323
0.000294209
0.000322819
0.000346422
0.000296593
0.000290155
0.000266075
0.000296831
0.000252485
0.000303984
0.000269413
0.000291824
0.000274658
0.000306606
0.000322104
0.000319958
0.000325441
0.000289202
0.000319004
0.000292540
0.000367165
0.000270844
0.000328064
0.000253916
0.000306606
0.000306368
0.000282764
0.000321627
0.000289202
0.000322819
0.000332594
0.000338316
0.000320911
0.000305176
0.000288725
0.000318766
0.000319481
0.000302076
0.000319004
0.000256300
0.000289202
0.000318289
0.000283718
0.000307560
0.000326395
0.000289440
0.000290632
0.000319958
0.000319242
0.000318050
0.000289440
0.000288248
0.000276327
