0.000348568
0.000278711
0.000260353
0.000280142
0.000285387
0.000315428
0.000302076
0.000292540
0.000276089
0.000328064
0.000276327
0.000278234
0.000275373
0.000303268
0.000329733
0.000264883
0.000332594
0.000307798
0.000278473
0.000326395
0.000276566
0.000287056
0.000304461
0.000298262
0.000283718
0.000247478
0.000277519
0.000248194
0.000278234
0.000290155
0.000298738
0.000328541
0.000300169
0.000328541
0.000230551
0.000291348
0.000277042
0.000302315
0.000320435
0.000249624
0.000223637
0.000275135
0.000275850
0.000292778
0.000277042
0.000273943
0.000249624
0.000231981
0.000277519
0.000246286
0.000275850
0.000367403
0.000217199
0.000286579
0.000337362
0.000294685
0.000247240
0.000246286
0.000308752
0.000275612
0.000247240
0.000275135
0.000277996
0.000278473
0.000290632
0.000303507
0.000329018
0.000303507
0.000307798
0.000303984
0.000290632
0.000303268
0.000287294
0.000292063
0.000235558
0.000303030
0.000233173
0.000301838
0.000332355
0.000301361
0.000287294
0.000276566
0.000278711
0.000279665
0.000259399
0.000277042
0.000278711
0.000299692
0.000364304
0.000278711
0.000251770
0.000340462
0.000250101
0.000304222
0.000292540
0.000303268
0.000259638
0.000303507
0.000265121
0.000289679
