0.000577211
0.000529766
0.000503302
0.000532866
0.000547886
0.000572920
0.000548840
0.000571966
0.000579834
0.000569105
0.000569344
0.000744820
0.000541449
0.000546455
0.000552177
0.000565767
0.000545025
0.000554323
0.000541210
0.000574589
0.000550508
0.000576973
0.000549078
0.000544786
0.000548124
0.000549078
0.000546217
0.000561476
0.000546932
0.000549793
0.000551939
0.000538588
0.000535965
0.000545979
0.000509501
0.000547171
0.000531673
0.000570059
0.000550270
0.000553608
0.000549078
0.000547886
0.000488043
0.000587463
0.000574350
0.000547886
0.000555038
0.000546455
0.000556707
0.000546694
0.000564814
0.000545740
0.000547647
0.000545502
0.000542641
0.000550032
0.000549316
0.000540495
0.000554085
0.000544310
0.000543833
0.000564575
0.000548601
0.000550032
0.000527143
0.000560999
0.000546455
0.000527382
0.000544786
0.000547647
0.000582218
0.000551462
0.000546694
0.000569344
0.000549316
0.000528097
0.000554085
0.000551939
0.000543833
0.000569105
0.000562906
0.000548840
0.000570059
0.000553608
0.000563383
0.000574589
0.000550508
0.000555754
0.000539303
0.000560284
0.000553370
0.000547409
0.000552416
0.000573158
0.000548601
0.000548363
0.000553370
0.000552654
0.000550747
0.000494480
