0.013747215
0.004116774
0.003923655
0.003836155
0.003937244
0.003968239
0.003969908
0.003896713
0.003864527
0.003874779
0.003774643
0.003860474
0.003927708
0.003801584
0.003922462
0.003909349
0.003866434
0.003847837
0.003902435
0.003814697
0.004049778
0.012696981
0.003864765
0.003914833
0.003829002
0.003842354
0.003815651
0.004037857
0.003932476
0.003937006
0.004260540
0.003858328
0.003928185
0.003886461
0.003867388
0.003891230
0.003824472
0.003981829
0.003894329
0.003853798
0.003935575
0.003853798
0.003911495
0.003942013
0.003945351
0.003923178
0.003957033
0.004062891
0.003819227
0.003883600
0.003951311
0.003935575
0.003867626
0.003818512
0.003910065
0.003861666
0.003874302
0.003934145
0.003952980
0.003874540
0.003982306
0.003900051
0.003921270
0.003875732
0.003845692
0.003869295
0.003863573
0.004000187
0.003937244
0.003905058
0.003885508
0.003906012
0.003879309
0.012700558
0.003856182
0.003925562
0.003938675
0.012632608
0.012805700
0.003894567
0.003816605
0.003923416
0.003780842
0.003932953
0.003794909
0.003991604
0.003834963
0.004078865
0.003830910
0.003873110
0.003885746
0.003896475
0.003857613
0.003938675
0.003958941
0.003962994
0.003965139
0.004101992
0.003815174
0.004210472
