0.011572838
0.000783920
0.000731468
0.000740051
0.000855446
0.000895023
0.000870943
0.000856638
0.000864506
0.000858784
0.000845432
0.000776529
0.000854254
0.000917673
0.000779390
0.000840425
0.000901222
0.000947237
0.000834465
0.000861406
0.000711918
0.000852585
0.000877857
0.000818729
0.000884056
0.000865936
0.000935793
0.000860453
0.000858068
0.000841379
0.000867367
0.000843763
0.000896215
0.000881672
0.000852585
0.000832558
0.000873327
0.000823736
0.000730991
0.000892639
0.000902653
0.000902414
0.000859261
0.000900507
0.000766993
0.000847816
0.000867367
0.000766754
0.000905275
0.000761271
0.000905514
0.000852346
0.000778675
0.000733137
0.000941038
0.000840425
0.000847816
0.000917912
0.000932217
0.000887632
0.000869989
0.000845909
0.000849247
0.000720739
0.000834942
0.000892162
0.000838280
0.000890732
0.000879526
0.000875711
0.000827312
0.000972748
0.000837088
0.000948191
0.000852346
0.000894785
0.000852823
0.012358665
0.000850677
0.000791788
0.000847340
0.000828266
0.000897646
0.001027107
0.000874043
0.000895977
0.000911951
0.000864029
0.000818491
0.000867844
0.000848055
0.000864029
0.000878572
0.011961460
0.000934124
0.000849247
0.000798941
0.000835419
0.000921488
0.000952244
