0.000350714
0.000231266
0.000244141
0.000250101
0.000304699
0.000319958
0.000280857
0.000292778
0.000269413
0.000293493
0.000313520
0.000286102
0.000275373
0.000290155
0.000316620
0.000295162
0.000339508
0.000295401
0.000334740
0.000293732
0.000247240
0.000297308
0.000300884
0.000353813
0.000298738
0.000292778
0.000296354
0.000282049
0.000294924
0.000294685
0.000295639
0.000249386
0.000273943
0.000296354
0.000283003
0.000283241
0.000233173
0.000293016
0.000293255
0.000308990
0.000297070
0.000313520
0.000253677
0.000295162
0.000324249
0.000295401
0.000323296
0.000294447
0.000281572
0.000295401
0.000372648
0.000290394
0.000310898
0.000236511
0.000322342
0.000283241
0.000332355
0.000321150
0.000313997
0.000305176
0.000299931
0.000308990
0.000302315
0.000319481
0.000296116
0.000284195
0.000293970
0.000292540
0.000352859
0.000237703
0.000291824
0.000232458
0.000293255
0.000293255
0.000295877
0.000352144
0.000352383
0.000227690
0.000296116
0.000288725
0.000297308
0.000296116
0.000293493
0.000266790
0.000322580
0.000294209
0.000282049
0.000293970
0.000294209
0.000328064
0.000292540
0.000298262
0.000332117
0.000281811
0.000365734
0.000298262
0.000322580
0.000295401
0.000312328
0.000282288
