0.000217199
0.000275135
0.000206709
0.000207424
0.000260115
0.000239134
0.000313997
0.000233650
0.000284433
0.000292301
0.000188828
0.000267744
0.000235081
0.000191927
0.000262260
0.000232458
0.000249624
0.000263453
0.000247955
0.000277996
0.000282288
0.000277519
0.000278234
0.000263691
0.000235081
0.000278234
0.000279903
0.000284672
0.000266075
0.000278473
0.000281811
0.000291348
0.000277042
0.000195503
0.000286818
0.000280619
0.000277996
0.000224829
0.000278234
0.000280142
0.000280380
0.000225782
0.000278234
0.000277996
0.000216961
0.000289679
0.000277996
0.000278234
0.000237703
0.000282049
0.000196218
0.000195742
0.000260353
0.000280857
0.000278234
0.000277996
0.000265598
0.000222921
0.000282049
0.000208616
0.000288486
0.000281572
0.000261068
0.000221729
0.000196934
0.000222445
0.000278473
0.000277996
0.000279188
0.000234604
0.000278950
0.000207663
0.000277758
0.000245810
0.000248194
0.000199318
0.000276566
0.000259638
0.000260830
0.000235081
0.000279665
0.000282764
0.000248194
0.000249386
0.000277758
0.000241518
0.000225782
0.000290632
0.000279665
0.000212669
0.000277758
0.000286341
0.000262737
0.000237942
0.000261307
0.000194550
0.000278950
0.000260115
0.000249624
0.000266314
