0.000367641
0.000342846
0.000310898
0.000370502
0.000331640
0.000381708
0.000394821
0.000346661
0.000327826
0.000374317
0.000329494
0.000420332
0.000343323
0.000369310
0.000330687
0.000381708
0.000302553
0.000372648
0.000334501
0.000349522
0.000332594
0.000342846
0.000332594
0.000349522
0.000304937
0.000374079
0.000303268
0.000344038
0.000332117
0.000343800
0.000301123
0.000335693
0.000330925
0.000340223
0.000332355
0.000349760
0.000337362
0.000370264
0.000308752
0.000377655
0.000334978
0.000340700
0.000333309
0.000340939
0.000305653
0.000373363
0.000352144
0.000343084
0.000338554
0.000374794
0.000333786
0.000331163
0.000337362
0.000377655
0.000302792
0.000344038
0.000303507
0.000369310
0.000303030
0.000372171
0.000343084
0.000370979
0.000302792
0.000332594
0.000303507
0.000373840
0.000331640
0.000375986
0.000332355
0.000344515
0.000330210
0.000345230
0.000300646
0.000359535
0.000288725
0.000342131
0.000340223
0.000343323
0.000334740
0.000343561
0.000292063
0.000376940
0.000338316
0.000332594
0.000302315
0.000335932
0.000303268
0.000342131
0.000308990
0.000374794
0.000297785
0.000346661
0.000329733
0.000372887
0.000304222
0.000373125
0.000334501
0.000374317
0.000302792
0.000388145
