0.000325918
0.000310659
0.000294924
0.000266790
0.000360966
0.000373602
0.000329733
0.000325203
0.000393152
0.000349760
0.000366926
0.000373840
0.000360727
0.000348330
0.000393867
0.000326395
0.000352383
0.000397205
0.000361681
0.000295401
0.000386000
0.000378132
0.000364304
0.000302315
0.000350952
0.000367641
0.000393391
0.000270844
0.000349283
0.000430822
0.000361919
0.000297546
0.000399590
0.000344276
0.000267982
0.000379562
0.000347137
0.000354052
0.000368595
0.000374794
0.000259876
0.000329971
0.000344515
0.000353098
0.000368118
0.000364065
0.000365734
0.000399590
0.000375271
0.000338316
0.000368118
0.000363827
0.000353575
0.000401258
0.000385761
0.000314713
0.000337601
0.000314951
0.000298738
0.000371218
0.000316381
0.000312567
0.000350475
0.000302553
0.000316620
0.000339508
0.000306129
0.000303745
0.000348091
0.000281572
0.000316858
0.000391006
0.000289440
0.000313282
0.000349283
0.000303507
0.000316858
0.000335693
0.000300169
0.000309229
0.000340462
0.000348568
0.000301123
0.000337124
0.000306845
0.000302553
0.000363588
0.000324726
0.000299454
0.000339031
0.000315428
0.000312328
0.000334024
0.000288725
0.000311613
0.000347137
0.000345230
0.000314236
0.000334501
0.000319242
