0.000238895
0.000211239
0.000209808
0.000237465
0.000240326
0.000292540
0.000279188
0.000237703
0.000250101
0.000265837
0.000227928
0.000188589
0.000235081
0.000266790
0.000199318
0.000199795
0.000278234
0.000261784
0.000280380
0.000255585
0.000240803
0.000286818
0.000281572
0.000240088
0.000278234
0.000279903
0.000284433
0.000241995
0.000261307
0.000267029
0.000280380
0.000192881
0.000263453
0.000279188
0.000242949
0.000250578
0.000288010
0.000283003
0.000279188
0.000248194
0.000278234
0.000307560
0.000279665
0.000196934
0.000278950
0.000198841
0.000277519
0.000261545
0.000278234
0.000283480
0.000195503
0.000249147
0.000277281
0.000247478
0.000279188
0.000278473
0.000279188
0.000260830
0.000280380
0.000282288
0.000281096
0.000240564
0.000282049
0.000281572
0.000198364
0.000281096
0.000225782
0.000267744
0.000280619
0.000262499
0.000237226
0.000239611
0.000277281
0.000234842
0.000278950
0.000278711
0.000304222
0.000261307
0.000278234
0.000319958
0.000287294
0.000264645
0.000313044
0.000194550
0.000207186
0.000240803
0.000323772
0.000286341
0.000308990
0.000345230
0.000284433
0.000264645
0.000288486
0.000330448
0.000316143
0.000326633
0.000322819
0.000281334
0.000301361
0.000278950
