0.000358343
0.000319242
0.000188828
0.000185728
0.000267267
0.000192881
0.000178337
0.000180244
0.000259161
0.000178576
0.000177860
0.000185966
0.000277281
0.000192881
0.000189066
0.000267982
0.000180483
0.000187874
0.000264168
0.000185490
0.000176668
0.000177622
0.000188112
0.000188112
0.000266075
0.000180006
0.000262976
0.000177860
0.000175714
0.000180006
0.000189781
0.000261784
0.000180721
0.000263929
0.000180721
0.000182152
0.000177860
0.000260592
0.000175714
0.000177383
0.000260592
0.000177622
0.000189066
0.000195265
0.000187397
0.000188828
0.000184774
0.000270605
0.000175953
0.000179768
0.000261545
0.000179529
0.000182390
0.000208855
0.000194788
0.000265837
0.000181198
0.000178099
0.000176430
0.000180244
0.000180721
0.000268459
0.000181913
0.000272989
0.000185728
0.000178814
0.000260115
0.000180721
0.000177145
0.000261307
0.000178337
0.000187159
0.000187874
0.000220299
0.000198364
0.000272751
0.000183105
0.000181913
0.000263929
0.000179529
0.000182390
0.000178814
0.000264168
0.000184059
0.000181437
0.000269890
0.000176191
0.000178814
0.000175953
0.000258923
0.000179052
0.000180960
0.000181198
0.000183344
0.000266075
0.000179052
0.000178576
0.000265837
0.000176668
0.000181913
0.000178814
0.000174999
0.000182867
0.000180483
0.000182152
0.000175476
0.000174999
0.000175476
0.000173569
0.000174522
0.000171661
0.000173807
0.000176430
0.000201225
0.000184059
0.000178814
0.000175714
0.000177860
0.000177860
0.000175476
0.000175714
0.000180960
0.000176907
0.000177622
0.000177622
0.000174522
0.000172853
0.000177145
0.000176907
0.000177383
0.000174761
0.000174761
0.000185966
0.000184536
0.000183821
0.000173569
0.000173807
0.000174284
0.000174046
0.000177145
