0.000130892
0.000140190
0.000086069
0.000134468
0.000071526
0.000096560
0.000076532
0.000083923
0.000080824
0.000084877
0.000077724
0.000092268
0.000090122
0.000075340
0.000069618
0.000076532
0.000071049
0.000088692
0.000090122
0.000087023
0.000081301
0.000075579
0.000077009
0.000088930
0.000075340
0.000085354
0.000073195
0.000087261
0.000082493
0.000098944
0.000089169
0.000074625
0.000077009
0.000072002
0.000071764
0.000091076
0.000073910
0.000081301
0.000073910
0.000087738
0.000078917
0.000087500
0.000082254
0.000073910
0.000071049
0.000079155
0.000077248
0.000090599
0.000079393
0.000087261
0.000081539
0.000071526
0.000076294
0.000087738
0.000078201
0.000077009
0.000070572
0.000077963
0.000080585
0.000095129
0.000096083
0.000072479
0.000077963
0.000071287
0.000071764
0.000078440
0.000070572
0.000076771
0.000072241
0.000083208
0.000078678
0.000082731
0.000077248
0.000133276
0.000077963
0.000077248
0.000070095
0.000083685
0.000078440
0.000082970
0.000078678
0.000071049
0.000076056
0.000072002
0.000078201
0.000078201
0.000073910
0.000076056
0.000089884
0.000083447
0.000083923
0.000073195
0.000077248
0.000071764
0.000071049
0.000077248
0.000086069
0.000082731
0.000075817
0.000101328
0.000089645
0.000073195
0.000075817
0.000072002
0.000070333
0.000076532
0.000070810
0.000077724
0.000076294
0.000082970
0.000078440
0.000071526
0.000085831
0.000072241
0.000069857
0.000076294
0.000070333
0.000077724
0.000080109
0.000082493
0.000083208
0.000071526
0.000075817
0.000071526
0.000071526
0.000076532
0.000071526
0.000075340
0.000073910
0.000081539
0.000079632
0.000070572
0.000075579
0.000072241
0.000068426
0.000074863
0.000069380
0.000082970
0.000078917
0.000086308
