0.012812614
0.003125668
0.002526760
0.003088713
0.003075838
0.002590895
0.003047705
0.002517700
0.003035784
0.002547026
0.003038406
0.003123283
0.003020525
0.002506971
0.002512455
0.003053188
0.002597332
0.002510071
0.003030062
0.003042459
0.002488852
0.002490520
0.003066778
0.002704382
0.002500296
0.012297153
0.003031492
0.003037691
0.003077984
0.002502918
0.002508879
0.003026009
0.003040791
0.002515793
0.003068686
0.003057957
0.002531767
0.003037214
0.003040314
0.002487421
0.002542019
0.002481461
0.003033638
0.003041506
0.003053427
0.002521992
0.002546310
0.003036022
0.002489328
0.003035307
0.003034353
0.003026485
0.002521992
0.002490282
0.002392054
0.002513885
0.003034115
0.002512693
0.003074646
0.002494335
0.003028870
0.002485514
0.002672434
0.003037453
0.003046751
0.003067017
0.002514362
0.002492428
0.003028870
0.002514601
0.003026724
0.003032923
0.002495766
0.002497673
0.003045559
0.002561092
0.002503395
0.002487183
0.003026485
0.003058910
0.003041267
0.002497196
0.002488613
0.003049135
0.002505302
0.002703905
0.003045321
0.002499342
0.003034592
0.002507925
0.002473116
0.003013849
0.003023624
0.003018141
0.002498627
0.003060579
0.003044605
0.002494335
0.002500057
0.002501965
0.003024340
0.002387524
0.002376080
0.002389431
0.002376318
0.002414703
0.002385616
0.002380133
0.002405167
0.002382994
0.002384663
0.002384424
0.002379179
0.002389908
0.002381325
0.002388239
0.002379179
0.002377033
0.002366304
0.002367973
0.002378464
0.002365589
0.002354145
0.002379179
0.002384901
0.002425194
0.002386570
0.002377272
0.002376556
0.002401352
0.002388716
0.002384901
0.002365112
0.002373457
0.002366781
0.002421379
0.002391815
0.002388716
0.002378941
0.002382517
