0.000208378
0.000165462
0.000118971
0.000104427
0.000159502
0.000118971
0.000097752
0.000093699
0.000106096
0.000094175
0.000103235
0.000115871
0.000110865
0.000160933
0.000095129
0.000099182
0.000100136
0.000115871
0.000104666
0.000094891
0.000109196
0.000097752
0.000171185
0.000115156
0.000095844
0.000100851
0.000094414
0.000093937
0.000098944
0.000102043
0.000101089
0.000104666
0.000165939
0.000101805
0.000094891
0.000099897
0.000094175
0.000095367
0.000098228
0.000092983
0.000099421
0.000154734
0.000105619
0.000101089
0.000094891
0.000098467
0.000093699
0.000092506
0.000097752
0.000092030
0.000102520
0.000154257
0.000106096
0.000102758
0.000094891
0.000097990
0.000094414
0.000093937
0.000099421
0.000094414
0.000100851
0.000107765
0.000170946
0.000101089
0.000092983
0.000097275
0.000093937
0.000092030
0.000099897
0.000096321
0.000154734
0.000096798
0.000116825
0.000105619
0.000095367
0.000099659
0.000100613
0.000094414
0.000098944
0.000098228
0.000105381
0.000165701
0.000107050
0.000101328
0.000092745
0.000097990
0.000096083
0.000093937
0.000098228
0.000093460
0.000157118
0.000105381
0.000108004
0.000102282
0.000094891
0.000097990
0.000094414
0.000093699
0.000097752
0.000092030
0.000101805
0.000093222
0.000103235
0.000097752
0.000092983
0.000096083
0.000092506
0.000090837
0.000099182
0.000090361
0.000100136
0.000099659
0.000102043
0.000097990
0.000091791
0.000104904
0.000092983
0.000093699
0.000096560
0.000105143
0.000109196
0.000103474
0.000106812
0.000100374
0.000091314
0.000097990
0.000093937
0.000092506
0.000097036
0.000105143
0.000098467
0.000108004
0.000112534
0.000101566
0.000093460
0.000097275
0.000093460
0.000100851
0.000097036
0.000091314
