0.000097990
0.000118494
0.000073671
0.000127554
0.000076294
0.000070333
0.000084877
0.000089169
0.000086308
0.000081778
0.000072002
0.000074863
0.000077248
0.000071764
0.000076294
0.000069141
0.000073433
0.000070810
0.000097752
0.000080347
0.000071764
0.000074387
0.000071287
0.000068903
0.000081778
0.000071287
0.000077963
0.000073433
0.000081062
0.000076532
0.000080585
0.000075579
0.000069618
0.000067472
0.000077724
0.000075102
0.000080347
0.000081539
0.000082016
0.000082016
0.000071287
0.000074863
0.000077009
0.000070095
0.000076532
0.000069380
0.000075817
0.000069857
0.000102043
0.000083685
0.000075102
0.000074625
0.000081778
0.000069380
0.000083685
0.000070572
0.000078201
0.000071526
0.000082016
0.000076532
0.000081062
0.000077248
0.000069380
0.000067711
0.000075579
0.000069380
0.000082731
0.000078440
0.000082254
0.000080109
0.000069857
0.000074387
0.000076532
0.000069618
0.000074625
0.000069618
0.000074863
0.000074387
0.000085831
0.000076294
0.000068903
0.000073671
0.000070333
0.000067711
0.000080824
0.000076056
0.000080585
0.000071287
0.000080824
0.000084162
0.000075340
0.000077009
0.000069857
0.000067711
0.000077486
0.000069857
0.000080585
0.000076771
0.000081539
0.000080585
0.000070333
0.000078440
0.000074863
0.000068903
0.000074387
0.000072718
0.000073910
0.000068426
0.000099659
0.000078917
0.000071526
0.000073671
0.000072002
0.000066996
0.000074625
0.000069141
0.000076771
0.000073195
0.000083447
0.000076056
0.000069618
0.000073910
0.000068665
0.000067472
0.000073671
0.000071287
0.000075579
0.000076532
0.000081778
0.000080824
0.000070333
0.000073910
0.000072241
0.000068665
0.000073910
0.000075340
0.000075817
0.000069857
0.000083208
0.000075817
