0.000141382
0.000154972
0.000087738
0.000082731
0.000077963
0.000093699
0.000085592
0.000127077
0.000094414
0.000081301
0.000150681
0.000117540
0.000081301
0.000081301
0.000077963
0.000075817
0.000083447
0.000097752
0.000087023
0.000086784
0.000089884
0.000088215
0.000077963
0.000110388
0.000081778
0.000074863
0.000081778
0.000075340
0.000083208
0.000152111
0.000116110
0.000087738
0.000076056
0.000080585
0.000077724
0.000092030
0.000085354
0.000076771
0.000086069
0.000078917
0.000096798
0.000098705
0.000140190
0.000082731
0.000076532
0.000075579
0.000083685
0.000091553
0.000084877
0.000093460
0.000087261
0.000088692
0.000075817
0.000094652
0.000091314
0.000078201
0.000080585
0.000089884
0.000083208
0.000092506
0.000091553
0.000083685
0.000075340
0.000079393
0.000078440
0.000073910
0.000080109
0.000074387
0.000083685
0.000086546
0.000086069
0.000083208
0.000075340
0.000079870
0.000076294
0.000129223
0.000081301
0.000078678
0.000081062
0.000083923
0.000094652
0.000087023
0.000075340
0.000079870
0.000076532
0.000073910
0.000081062
0.000074625
0.000079870
0.000077009
0.000101328
0.000084877
0.000080347
0.000087738
0.000078440
0.000074863
0.000080347
0.000074148
0.000083923
0.000080824
0.000087023
0.000080585
0.000073671
0.000079393
0.000074387
0.000072718
0.000079632
0.000079393
0.000079870
0.000100851
0.000088692
0.000087500
0.000075579
0.000079393
0.000073433
0.000074625
0.000079870
0.000074625
0.000080109
0.000074863
0.000092745
0.000080109
0.000077724
0.000088453
0.000076771
0.000073195
0.000080824
0.000075340
0.000082970
0.000077486
0.000092030
0.000083208
0.000077248
0.000078678
0.000086308
0.000076294
0.000079632
0.000074387
0.000085115
0.000081301
