0.000128031
0.000143290
0.000075579
0.000069857
0.000073433
0.000087500
0.000080585
0.000071526
0.000101805
0.000079393
0.000071049
0.000093699
0.000072479
0.000069380
0.000074625
0.000068188
0.000077486
0.000091076
0.000085354
0.000078201
0.000075579
0.000078440
0.000069618
0.000084400
0.000077248
0.000072956
0.000083447
0.000102520
0.000146151
0.000092983
0.000076532
0.000076056
0.000068903
0.000067472
0.000074863
0.000082016
0.000075817
0.000072718
0.000083208
0.000082493
0.000072241
0.000088215
0.000077963
0.000070095
0.000073910
0.000068903
0.000076294
0.000086069
0.000085592
0.000077248
0.000072241
0.000073671
0.000069857
0.000083208
0.000076771
0.000069857
0.000073671
0.000080347
0.000082493
0.000089645
0.000072479
0.000075102
0.000068903
0.000077963
0.000074148
0.000071049
0.000074625
0.000072241
0.000097275
0.000077963
0.000070572
0.000073195
0.000070333
0.000075102
0.000074625
0.000072002
0.000082970
0.000071764
0.000079870
0.000075102
0.000068903
0.000072479
0.000068903
0.000078917
0.000072956
0.000067949
0.000073671
0.000076294
0.000080585
0.000078917
0.000072479
0.000073195
0.000069141
0.000067234
0.000075340
0.000067234
0.000076532
0.000072479
0.000078917
0.000073910
0.000067711
0.000072002
0.000069141
0.000066996
0.000071764
0.000065327
0.000075817
0.000072718
0.000080824
0.000074863
0.000068665
0.000072002
0.000067949
0.000067472
0.000073433
0.000073195
0.000072241
0.000074625
0.000079155
0.000077009
0.000067472
0.000072241
0.000069141
0.000067472
0.000072718
0.000069618
0.000073910
0.000069141
0.000082016
0.000073671
0.000068426
0.000072718
0.000067234
0.000067234
0.000073195
0.000067949
0.000075340
0.000074387
0.000085115
0.000074863
