0.000514984
0.000558615
0.000378132
0.000471115
0.000448465
0.000488997
0.000454426
0.000444412
0.000363111
0.000364542
0.000441551
0.000485420
0.000373363
0.000367880
0.000455856
0.000460148
0.000361204
0.000410318
0.000368357
0.000446081
0.000442743
0.000440598
0.000368357
0.000386238
0.000466824
0.000369787
0.000441790
0.000444174
0.000365019
0.000380993
0.000447750
0.000365973
0.000440359
0.000376701
0.000455856
0.000387907
0.000447989
0.000363111
0.000440598
0.000437975
0.000359535
0.000462770
0.000446081
0.000364780
0.000375748
0.000449419
0.000450611
0.000390291
0.000449657
0.000362158
0.000362396
0.000365019
0.000447750
0.000461817
0.000362158
0.000374556
0.000355721
0.000363588
0.000445843
0.000382662
0.000448227
0.000359058
0.000443935
0.000450611
0.000367165
0.000456572
0.000450850
0.000359535
0.000441313
0.000359774
0.000441313
0.000358820
0.000439644
0.000438929
0.000444174
0.000366211
0.000443459
0.000421524
0.000366926
0.000359774
0.000442505
0.000359774
0.000450373
0.000447035
0.000375748
0.000450611
0.000363588
0.000359297
0.000440359
0.000357389
0.000441074
0.000436783
0.000440836
0.000367880
0.000364065
0.000447989
0.000363350
0.000440359
0.000361443
0.000437260
0.000358343
0.000350475
0.000351667
0.000349998
0.000364065
0.000360727
0.000359774
0.000350952
0.000352144
0.000355244
0.000351906
0.000351667
0.000361443
0.000352859
0.000354052
0.000353813
0.000352144
0.000349760
0.000353575
0.000347137
0.000356674
0.000349998
0.000350952
0.000356674
0.000350714
0.000358820
0.000352859
0.000350237
0.000361443
0.000349998
0.000356913
0.000352859
0.000355959
0.000351429
0.000356436
0.000354528
0.000351667
0.000356197
0.000352621
0.000349522
