0.011132956
0.000823259
0.000827312
0.000655651
0.000809193
0.000874519
0.000658274
0.000652790
0.000805378
0.000806093
0.000646114
0.000847101
0.000655174
0.000668049
0.000814915
0.000658035
0.000658989
0.000841141
0.000809908
0.000809669
0.000802994
0.000653505
0.000652075
0.000834465
0.000827074
0.000699759
0.000818968
0.000807524
0.000652075
0.000658751
0.000804663
0.000655651
0.000648260
0.000805616
0.000804663
0.000704765
0.000819683
0.000660419
0.000660419
0.000806570
0.000797510
0.000816822
0.000807047
0.000665188
0.000656843
0.000813961
0.000810623
0.000663280
0.000660658
0.000812769
0.000808954
0.000653028
0.000652075
0.000810862
0.000661373
0.000833035
0.000808239
0.000813007
0.000660181
0.000812769
0.000807762
0.000659466
0.000711441
0.000805855
0.000660181
0.000808716
0.000827312
0.000657558
0.000805140
0.000655890
0.000800848
0.000655890
0.000905275
0.000690699
0.000815392
0.000660658
0.000660419
0.000657082
0.000636339
0.000814438
0.000637770
0.000809908
0.000656128
0.000806332
0.000666380
0.000676394
0.000667334
0.000813484
0.000828743
0.000665188
0.000811338
0.000662804
0.000807524
0.000669479
0.000922918
0.000829935
0.000818491
0.000657558
0.000657558
0.000807524
0.000657558
0.000635862
0.000630140
0.000643969
0.000639915
0.000640154
0.000635624
0.000637054
0.000632286
0.000633001
0.000631332
0.000637770
0.000639915
0.000636101
0.000646353
0.000643492
0.000637531
0.000637293
0.000633955
0.000643015
0.000633478
0.000633717
0.000632524
0.000637531
0.000636816
0.000638723
0.000633955
0.000637293
0.000638008
0.000638008
0.000632048
0.000636816
0.000635147
0.000641584
0.000639200
0.000638247
0.000639677
0.000642061
0.000638247
0.000641584
