0.011525631
0.001621485
0.001256227
0.001528263
0.001256943
0.001602173
0.001519680
0.001523733
0.001250982
0.001234055
0.001520395
0.001590729
0.001249790
0.001519442
0.001254082
0.001545191
0.001266003
0.001301050
0.001523495
0.001234531
0.001511812
0.001510620
0.001240015
0.001372099
0.001241684
0.001574039
0.001529217
0.001241446
0.001528978
0.001274586
0.001250267
0.001523495
0.001523018
0.001250505
0.001238346
0.001288176
0.001534462
0.001515150
0.001519680
0.001515865
0.001543522
0.001252890
0.001529932
0.001527309
0.001244545
0.001245737
0.001564741
0.001527786
0.001248121
0.001516819
0.001237154
0.001236200
0.001544714
0.001513958
0.001279354
0.001557112
0.001530886
0.001239061
0.001205444
0.001518488
0.001527309
0.001224041
0.001348495
0.001248360
0.001236439
0.001182556
0.001243591
0.001530409
0.001248121
0.001188278
0.001512289
0.001513243
0.001238108
0.001515150
0.001532555
0.001534224
0.001243830
0.001235723
0.001522541
0.001228809
0.001521111
0.001238108
0.001532555
0.001236439
0.001521826
0.001281500
0.001546621
0.001236677
0.001528978
0.001536846
0.001245022
0.001224518
0.001526833
0.001191139
0.001536131
0.001544952
0.001247168
0.001233101
0.001240969
0.001519680
0.001233816
0.001188517
0.001202822
0.010844469
0.001207590
0.001201391
0.001197577
0.001184225
0.001190424
0.001187325
0.001189947
0.001179218
0.001192331
0.001188517
0.001195431
0.001199245
0.001205921
0.001184225
0.001184940
0.001181364
0.001188755
0.001179457
0.001187563
0.001191854
0.001201153
0.001193523
0.001188278
0.001174927
0.001183748
0.001181602
0.001183987
0.001174927
0.001201153
0.001199961
0.001194954
0.001198769
0.001191854
0.001176834
0.001184225
0.001186848
