0.013098955
0.002879620
0.003183365
0.002860546
0.003024101
0.002872944
0.002761602
0.003180981
0.002749920
0.002811193
0.002741575
0.003189564
0.002795219
0.002822161
0.002811670
0.002736330
0.003118515
0.002774239
0.012231350
0.003208637
0.002951145
0.002826929
0.002901077
0.002849817
0.003252983
0.003139973
0.002857447
0.002733707
0.002840042
0.002715349
0.003044605
0.003033876
0.002869844
0.003126621
0.002809525
0.002894878
0.002860785
0.002715111
0.002787352
0.002733946
0.003123999
0.002837896
0.002911568
0.002912521
0.002912998
0.003255129
0.002767086
0.002866507
0.002928257
0.003154278
0.002931356
0.002869844
0.002740383
0.002913237
0.002828836
0.002906561
0.012690544
0.003182411
0.002857924
0.003257036
0.002735376
0.002849340
0.002840519
0.002907038
0.002934933
0.002958059
0.003181934
0.003220558
0.005300760
0.002854586
0.002829790
0.003128290
0.002773523
0.002654076
0.003139257
0.002839804
0.003207445
0.002930641
0.003214598
0.002852678
0.003197432
0.002938747
0.002859592
0.002841234
0.002808571
0.003119230
0.002834558
0.002870321
0.002896070
0.003224134
0.002833843
0.002884150
0.002757072
0.002859354
0.002877951
0.002972841
0.003213406
0.002931595
0.003213882
0.002856016
0.002838612
0.002756834
0.002625227
0.002591610
0.002539396
0.002725840
0.002696037
0.002676725
0.002647400
0.002758503
0.002627850
0.002620697
0.002603531
0.002664328
0.002605915
0.002640724
0.002611637
0.002624512
0.002546072
0.002608776
