0.000436783
0.000440121
0.000358343
0.000431776
0.000353813
0.000357866
0.000358343
0.000382185
0.000359774
0.000379086
0.000358343
0.000434399
0.000355005
0.000357866
0.000360489
0.000430107
0.000351906
0.000364065
0.000358105
0.000468493
0.000358343
0.000358343
0.000432491
0.000355005
0.000445127
0.000365496
0.000359058
0.000383377
0.000360012
0.000368357
0.000431299
0.000362396
0.000440359
0.000357866
0.000359774
0.000349522
0.000362396
0.000361919
0.000436306
0.000357151
0.000359058
0.000357628
0.000436306
0.000358105
0.000358820
0.000364780
0.000434637
0.000363588
0.000361443
0.000346422
0.000349045
0.000434399
0.000361204
0.000374556
0.000321150
0.000437737
0.000356913
0.000363588
0.000358343
0.000452757
0.000358820
0.000357151
0.000433207
0.000349998
0.000339985
0.000343800
0.000363827
0.000437260
0.000358820
0.000350237
0.000327349
0.000433445
0.000367403
0.000359535
0.000352144
0.000355959
0.000450611
0.000347137
0.000434399
0.000355959
0.000435352
0.000357151
0.000360012
0.000440359
0.000349760
0.000358343
0.000353813
0.000353813
0.000421762
0.000342369
0.000358820
0.000362873
0.000437737
0.000351906
0.000359058
0.000435829
0.000356913
0.000350475
0.000355244
0.000357866
0.000442505
0.000355244
0.000352859
0.000351429
0.000348330
0.000355244
0.000345469
0.000352859
0.000379086
0.000357628
0.000353336
0.000356436
0.000348091
0.000350475
0.000349283
0.000352621
0.000344038
0.000351191
0.000354767
0.000363350
