0.000227451
0.000233173
0.000231504
0.000233412
0.000232220
0.000226259
0.000239849
0.000226021
0.000235558
0.000233650
0.000226259
0.000235558
0.000236511
0.000228405
0.000219822
0.000226259
0.000231981
0.000215054
0.000234604
0.000233889
0.000231504
0.000236988
0.000229597
0.000228405
0.000235319
0.000227451
0.000234842
0.000230074
0.000232458
0.000234842
0.000233173
0.000230789
0.000231028
0.000234365
0.000235081
0.000231981
0.000216961
0.000233173
0.000228405
0.000232697
0.000242949
0.000215530
0.000227690
0.000237465
0.000230789
0.000224590
0.000222445
0.000165462
0.000235319
0.000235796
0.000235796
0.000221968
0.000258446
0.000232220
0.000203609
0.000219345
0.000231981
0.000225782
0.000228405
0.000229597
0.000229836
0.000232935
0.000221968
0.000229836
0.000226736
0.000227690
0.000227451
0.000206470
0.000226974
0.000237465
0.000234842
0.000220776
0.000241280
0.000240564
0.000237703
0.000227928
0.000223160
0.000228167
0.000237226
0.000229120
0.000224113
0.000251532
0.000230551
0.000238419
0.000162363
0.000169754
0.000228643
0.000231028
0.000230074
0.000231981
0.000232935
0.000227690
0.000232697
0.000229836
0.000226021
0.000235081
0.000235081
0.000233173
0.000242233
0.000227213
0.000228643
0.000232458
0.000226974
0.000230789
0.000237465
0.000231266
0.000226498
0.000229120
0.000251293
0.000229597
0.000232697
0.000232935
0.000226021
0.000245333
0.000231743
0.000228643
0.000231266
0.000221968
0.000241518
0.000236273
