0.000239611
0.000227690
0.000165462
0.000168562
0.000289202
0.000212908
0.000232458
0.000238419
0.000229120
0.000231981
0.000234842
0.000235319
0.000240088
0.000243187
0.000230551
0.000234604
0.000244141
0.000241756
0.000196934
0.000243425
0.000242710
0.000238895
0.000246525
0.000229597
0.000233889
0.000226259
0.000239849
0.000239134
0.000230074
0.000235081
0.000246763
0.000251770
0.000237226
0.000243664
0.000167847
0.000232458
0.000241280
0.000236273
0.000235319
0.000204802
0.000235558
0.000257492
0.000199795
0.000228882
0.000213861
0.000200510
0.000222683
0.000222683
0.000229120
0.000227213
0.000226259
0.000226974
0.000172377
0.000170231
0.000227451
0.000236750
0.000232697
0.000240088
0.000260115
0.000221968
0.000227690
0.000237465
0.000232458
0.000230312
0.000244856
0.000238657
0.000234842
0.000227690
0.000235081
0.000228167
0.000238419
0.000232458
0.000235081
0.000225306
0.000236750
0.000292301
0.000232935
0.000234842
0.000238180
0.000240088
0.000232697
0.000226498
0.000234365
0.000227690
0.000238895
0.000235319
0.000232935
0.000230789
0.000236988
0.000239372
0.000243187
0.000234604
0.000223875
0.000237703
0.000237465
0.000219584
0.000232935
0.000228405
0.000234604
0.000206470
0.000200987
0.000220776
0.000164509
0.000235319
0.000228405
0.000237942
0.000247002
0.000227690
0.000234604
0.000232458
0.000234604
0.000232935
0.000233889
0.000236750
0.000199080
0.000224590
0.000230789
0.000263453
0.000232935
0.000234842
