0.000640869
0.001403093
0.000565290
0.000612497
0.000515699
0.000572443
0.000627041
0.000609398
0.000535250
0.000535727
0.000537395
0.000622272
0.000524521
0.000445843
0.000549793
0.000492573
0.000476360
0.000439167
0.000449419
0.000568390
0.000601768
0.000522614
0.000572443
0.000579834
0.000652313
0.000642776
0.000645876
0.000577450
0.000647545
0.000564814
0.000648022
0.000555277
0.000575542
0.000644684
0.000562906
0.000643492
0.000566483
0.000665903
0.000572681
0.000645161
0.000573874
0.000632763
0.000621796
0.000571728
0.000647783
0.000591040
0.000606537
0.000565052
0.000607491
0.000584841
0.000620604
0.000638008
0.000587225
0.001377344
0.000542402
0.000555515
0.000654697
0.000545263
0.000607014
0.000540733
0.000661612
0.000560045
0.000527143
0.000544786
0.000523329
0.000631094
0.000772238
0.000573397
0.002729654
0.000570059
0.000612259
0.000609875
0.000612259
0.000567436
0.000642061
0.000572681
0.000575542
0.000615835
0.000545025
0.000617027
0.000609398
0.000571966
0.000544786
0.000647306
0.000572443
0.000629663
0.000526905
0.000533819
0.000597715
0.000619173
0.000530958
0.000618458
0.000610590
0.000531912
0.000544548
0.000616074
0.000627518
0.000545502
0.000572920
0.000614166
0.000643969
0.000527143
0.000536919
0.000531197
0.000531673
0.000595331
0.000568151
0.000542641
0.000531673
0.000586987
0.000524521
0.000523090
0.000541687
0.000529766
0.015929699
0.000546694
0.000476599
0.000545263
0.002625704
0.000596762
