0.015491486
0.005512238
0.006205082
0.005482197
0.005548000
0.006174803
0.005278111
0.005558014
0.006181717
0.015676260
0.016230106
0.006163120
0.013617992
0.005542040
0.006137371
0.005491257
0.005529881
0.005583048
0.005600691
0.005507231
0.005537271
0.006536484
0.007067919
0.005544662
0.013893366
0.005519867
0.005486965
0.005327225
0.006016731
0.005479336
0.023887634
0.005552292
0.005604744
0.005312204
0.005497456
0.006181240
0.005531788
0.005528450
0.006456137
0.005565166
0.006193876
0.005321264
0.006336689
0.006192446
0.005661964
0.005604267
0.005690336
0.005337000
0.006167889
0.005568266
0.005498171
0.005575180
0.005288601
0.005595446
0.006216526
0.005577564
0.006182432
0.006192446
0.013122559
0.005344391
0.005549908
0.006279945
0.005604029
0.005511284
0.005501509
0.005537748
0.005544901
0.005522251
0.005290985
0.005502462
0.005289316
0.006172180
0.005371094
0.005617857
0.005540133
0.005588770
0.005633593
0.006149054
0.005506516
0.005272865
0.006191969
0.005998135
0.005614281
0.005672216
0.005300999
0.005495787
0.014654160
0.005558014
0.005320549
0.005308390
0.005861282
0.005649328
0.014711857
0.006258249
0.013179541
0.005609989
0.005767107
0.005536795
0.006141424
0.005504847
0.006144524
0.005144596
0.005081892
0.005124092
0.005085945
0.005203724
0.005093336
0.005169392
0.005163431
0.005177975
0.005185366
0.005132437
0.005088091
0.005128622
0.005097628
0.005112886
0.005106688
0.005099297
0.005132437
0.005136967
