0.000227451
0.000234365
0.000228405
0.000227690
0.000219822
0.000197649
0.000201225
0.000216722
0.000166178
0.000159025
0.000217915
0.000163794
0.000218868
0.000227451
0.000226974
0.000243187
0.000230789
0.000229836
0.000231504
0.000223637
0.000194311
0.000227451
0.000226259
0.000244856
0.000229836
0.000214577
0.000232935
0.000237703
0.000223398
0.000234127
0.000221729
0.000239372
0.000251055
0.000228405
0.000223160
0.000241995
0.000243664
0.000224590
0.000198126
0.000231981
0.000162840
0.000248432
0.000246286
0.000229120
0.000224352
0.000228643
0.000232935
0.000231981
0.000234365
0.000230789
0.000230312
0.000235081
0.000222445
0.000237465
0.000198126
0.000226259
0.000225067
0.000241041
0.000230551
0.000230312
0.000231504
0.000240088
0.000223160
0.000211716
0.000222206
0.000232458
0.000224352
0.000233889
0.000229836
0.000234842
0.000203371
0.000227213
0.000227690
0.000231266
0.000231981
0.000232697
0.000224829
0.000229836
0.000230074
0.000221968
0.000167131
0.000228882
0.000256300
0.000226498
0.000233889
0.000225782
0.000251055
0.000236034
0.000234127
0.000226736
0.000244379
0.000230551
0.000231028
0.000228882
0.000239611
0.000231743
0.000243187
0.000231981
0.000245094
0.000230789
0.000233173
0.000202656
0.000248671
0.000241280
0.000230312
0.000231981
0.000242949
0.000224113
0.000227213
0.000233650
0.000196934
0.000225782
0.000234365
0.000248194
0.000227928
0.000227928
0.000228643
0.000223637
0.000231028
0.000235081
