0.000282526
0.000349998
0.000299692
0.000279665
0.000353098
0.000298738
0.000289917
0.000279427
0.000287056
0.000279188
0.000348091
0.000291109
0.000295877
0.000281334
0.000285387
0.000289440
0.000339270
0.000274181
0.000206947
0.000211239
0.000207663
0.000203848
0.000327349
0.000258923
0.000230551
0.000218153
0.000287294
0.000300169
0.000262499
0.000219345
0.000276327
0.000212431
0.000201702
0.000202894
0.000247002
0.000266314
0.000250816
0.000214338
0.000203371
0.000238895
0.000291586
0.000310421
0.000278234
0.000203848
0.000290155
0.000252008
0.000205040
0.000262499
0.000212431
0.000213623
0.000230551
0.000257730
0.000262976
0.000221729
0.000175953
0.000207663
0.000287294
0.000283003
0.000276804
0.000340939
0.000292301
0.000277519
0.000206709
0.000265360
0.000203848
0.000289679
0.000289440
0.000287056
0.000291348
0.000290155
0.000291109
0.000363827
0.000288963
0.000286102
0.000290394
0.000289440
0.000290155
0.000346661
0.000287771
0.000288963
0.000290632
0.000355005
0.000287771
0.000291348
0.000283480
0.000291348
0.000291109
0.000285625
0.000375032
0.000288486
0.000289917
0.000288486
0.000365973
0.000295877
0.000299931
0.000289202
0.000292540
0.000291348
0.000287294
0.000289917
0.000352383
0.000287771
0.000283480
0.000283003
0.000283241
0.000283957
0.000280142
0.000283003
0.000282764
0.000280857
0.000313282
0.000284910
0.000284672
0.000291586
0.000284910
0.000258446
0.000206947
0.000203371
0.000199080
0.000210762
