0.000296116
0.000251532
0.000253677
0.000252485
0.000245810
0.000243902
0.000253439
0.000247002
0.000249863
0.000248194
0.000251532
0.000230074
0.000202894
0.000250101
0.000256538
0.000233173
0.000230551
0.000241995
0.000232697
0.000177622
0.000215530
0.000249863
0.000247002
0.000252485
0.000254631
0.000253916
0.000246286
0.000244141
0.000245333
0.000244379
0.000247955
0.000230312
0.000248909
0.000256062
0.000256062
0.000301361
0.000251532
0.000244856
0.000244617
0.000243425
0.000224113
0.000225782
0.000250816
0.000247955
0.000249624
0.000252485
0.000250101
0.000250101
0.000238180
0.000247240
0.000245333
0.000174046
0.000228643
0.000149727
0.000217199
0.000178337
0.000248194
0.000252247
0.000258207
0.000258923
0.000252008
0.000240564
0.000246763
0.000242949
0.000239849
0.000241995
0.000254869
0.000248671
0.000241041
0.000320911
0.000244141
0.000259638
0.000247002
0.000243187
0.000239611
0.000252247
0.000248909
0.000256777
0.000252247
0.000251293
0.000253201
0.000248194
0.000236511
0.000241756
0.000236511
0.000265121
0.000246525
0.000269890
0.000248671
0.000252008
0.000257730
0.000252008
0.000252247
0.000247955
0.000253677
0.000251770
0.000249147
0.000251770
0.000254154
0.000247002
0.000242710
0.000244856
0.000247002
0.000251055
0.000246763
0.000252247
0.000249624
0.000260115
0.000247478
0.000255585
0.000247717
0.000246763
0.000244617
0.000248671
0.000248432
0.000247240
0.000247240
0.000247478
0.000244856
0.000252485
