0.000290632
0.000206709
0.000185728
0.000259876
0.000319958
0.000261545
0.000270844
0.000261784
0.000255823
0.000265360
0.000262976
0.000268459
0.000324249
0.000260353
0.000266075
0.000267029
0.000250340
0.000268936
0.000256300
0.000185728
0.000184536
0.000184059
0.000183582
0.000316620
0.000275850
0.000261545
0.000261545
0.000268459
0.000259876
0.000264406
0.000263453
0.000271797
0.000268221
0.000309229
0.000291109
0.000263453
0.000261068
0.000263691
0.000268221
0.000274897
0.000266790
0.000341177
0.000263214
0.000265360
0.000265360
0.000263453
0.000249624
0.000265598
0.000263929
0.000262022
0.000265360
0.000318289
0.000270367
0.000272036
0.000260592
0.000260592
0.000280619
0.000263453
0.000260592
0.000247478
0.000260830
0.000256777
0.000261068
0.000324011
0.000263929
0.000250578
0.000267506
0.000273228
0.000270128
0.000259161
0.000262260
0.000256300
0.000263453
0.000321150
0.000262976
0.000261307
0.000263453
0.000267744
0.000239372
0.000195265
0.000184536
0.000262260
0.000263214
0.000325680
0.000276327
0.000266075
0.000259638
0.000258684
0.000264883
0.000274658
0.000264883
0.000322580
0.000262022
0.000265121
0.000276804
0.000257969
0.000262260
0.000267029
0.000262737
0.000260592
0.000340223
0.000256777
0.000256300
0.000260115
0.000254154
0.000262260
0.000261068
0.000279903
0.000267982
0.000276566
0.000260592
0.000265360
0.000269651
0.000269890
0.000259399
0.000260353
0.000261784
0.000254154
0.000256777
0.000268221
