0.000224590
0.000222206
0.000237465
0.000288963
0.000224829
0.000221491
0.000235558
0.000224352
0.000255108
0.000230789
0.000235558
0.000201941
0.000241280
0.000233173
0.000239611
0.000225782
0.000220776
0.000198603
0.000178814
0.000163078
0.000165701
0.000162840
0.000206947
0.000224590
0.000233650
0.000238657
0.000235081
0.000227928
0.000235319
0.000235081
0.000180483
0.000190020
0.000241518
0.000233889
0.000227451
0.000238895
0.000235558
0.000227451
0.000234365
0.000232220
0.000226974
0.000238180
0.000236034
0.000226974
0.000236034
0.000194073
0.000231266
0.000226974
0.000238657
0.000229597
0.000215769
0.000231504
0.000223398
0.000226974
0.000232697
0.000235796
0.000231743
0.000241995
0.000244856
0.000228167
0.000232697
0.000231504
0.000231504
0.000247240
0.000245094
0.000228405
0.000193596
0.000229359
0.000235081
0.000245094
0.000235081
0.000243425
0.000234604
0.000232458
0.000234127
0.000227928
0.000221729
0.000232697
0.000234365
0.000240803
0.000237465
0.000248432
0.000234365
0.000233412
0.000241756
0.000227690
0.000227928
0.000233650
0.000236034
0.000265598
0.000233650
0.000222445
0.000251532
0.000244856
0.000231028
0.000230074
0.000246525
0.000239849
0.000230312
0.000234365
0.000232935
0.000226736
0.000230789
0.000243425
0.000246286
0.000231504
0.000247002
0.000268221
0.000222921
0.000227690
0.000219107
0.000164509
0.000234127
0.000235796
0.000225782
0.000226736
0.000254631
0.000246286
0.000232935
0.000238180
