0.000235796
0.000240564
0.000242949
0.000245333
0.000246525
0.000244856
0.000253677
0.000240326
0.000241280
0.000294924
0.000250340
0.000242233
0.000263929
0.000244379
0.000237465
0.000243664
0.000241041
0.000242233
0.000234842
0.000242949
0.000241280
0.000235081
0.000242472
0.000245571
0.000242949
0.000234365
0.000244141
0.000242949
0.000242233
0.000245810
0.000241280
0.000242233
0.000238419
0.000239611
0.000240803
0.000238895
0.000233173
0.000239134
0.000240564
0.000240803
0.000242949
0.000246286
0.000240564
0.000300884
0.000249624
0.000242472
0.000243425
0.000242710
0.000239849
0.000245571
0.000241041
0.000240803
0.000247717
0.000245094
0.000238419
0.000243902
0.000244141
0.000245810
0.000242949
0.000254869
0.000240564
0.000249863
0.000242949
0.000249386
0.000253677
0.000242233
0.000240088
0.000247955
0.000247478
0.000246525
0.000235319
0.000243664
0.000243902
0.000238895
0.000301361
0.000259161
0.000242949
0.000244856
0.000244379
0.000239611
0.000247002
0.000239372
0.000238657
0.000242949
0.000243187
0.000211477
0.000221252
0.000243664
0.000240326
0.000239134
0.000255585
0.000247240
0.000244379
0.000236988
0.000238419
0.000240564
0.000241041
0.000242233
0.000277758
0.000245810
0.000240564
0.000262022
0.000239849
0.000242710
0.000245094
0.000245333
0.000241041
0.000237703
0.000245094
0.000243664
0.000239134
0.000238180
0.000243187
0.000243664
0.000241280
0.000243187
0.000243902
0.000238895
0.000245333
0.000243425
