0.000451803
0.000328064
0.000295401
0.000276804
0.000329018
0.000271797
0.000258446
0.000310659
0.000289202
0.000305891
0.000298023
0.000279903
0.000262499
0.000334740
0.000326395
0.000272274
0.000323534
0.000293016
0.000300169
0.000339031
0.000297308
0.000298262
0.000318289
0.000309229
0.000386238
0.000277758
0.000300169
0.000372648
0.000333786
0.000338554
0.000313044
0.000298977
0.000341892
0.000308990
0.000361443
0.000282049
0.000355959
0.000340223
0.000340223
0.000330687
0.000313282
0.000358820
0.000324249
0.000349998
0.000376225
0.000327587
0.000332117
0.000302315
0.000325203
0.000391960
0.000362158
0.000333309
0.000347376
0.000356674
0.000373125
0.000345707
0.000319958
0.000286818
0.000327110
0.000513315
0.000326395
0.000328064
0.000293732
0.000309229
0.000319481
0.000259638
0.000329494
0.000281096
0.000281572
0.000315428
0.000283718
0.000282049
0.000267744
0.000288725
0.000315905
0.000284433
0.000280857
0.000283241
0.000285864
0.000311852
0.000283241
0.000280380
0.000286102
0.000284910
0.000312805
0.000330448
0.000304222
0.000283957
0.000269890
0.000319004
0.000309467
0.000297308
0.000284195
0.000284672
0.000316143
0.000285625
0.000283480
0.000286579
0.000287294
0.000300646
