0.015540838
0.016024828
0.006824255
0.006796360
0.007054567
0.007149696
0.006887913
0.007080078
0.007907867
0.016757011
0.014623404
0.005670309
0.005755424
0.006103754
0.006033182
0.025375843
0.006547451
0.016110659
0.006329775
0.006494045
0.015348434
0.014842033
0.005835295
0.006164074
0.006755829
0.014690161
0.006901741
0.006677866
0.006991625
0.006808519
0.015600920
0.006448507
0.006644249
0.006623507
0.006567240
0.007252216
0.013266563
0.006827354
0.005809069
0.006026268
0.005973577
0.005889177
0.006521463
0.006204844
0.005893707
0.005688667
0.005758524
0.006301403
0.015681744
0.007077932
0.006416798
0.007033348
0.006530762
0.006418705
0.006450653
0.006577492
0.006618738
0.006715059
0.006477594
0.007052660
0.006843805
0.006850719
0.006792307
0.006997585
0.015149117
0.007466078
0.007092237
0.007832289
0.007061243
0.006685495
0.006794214
0.016726732
0.006713390
0.006891966
0.006294727
0.006883621
0.006400585
0.006659985
0.006594896
0.006837130
0.006515503
0.006414652
0.006331444
0.006783247
0.006754398
0.006448269
0.006753206
0.006739378
0.006608963
0.006675005
0.006949186
0.006495476
0.006407261
0.016247034
0.005865097
0.006357431
0.006320477
0.006496429
0.006502867
0.005906582
