0.000286579
0.000231743
0.000286341
0.000230074
0.000240088
0.000294447
0.000262976
0.000248671
0.000281811
0.000263929
0.000264883
0.000307560
0.000304699
0.000246286
0.000263929
0.000264645
0.000276804
0.000284672
0.000262260
0.000244379
0.000262976
0.000264883
0.000269413
0.000284433
0.000278950
0.000231743
0.000272036
0.000234842
0.000260830
0.000270605
0.000243425
0.000309229
0.000249624
0.000264406
0.000269651
0.000263691
0.000251293
0.000292063
0.000263929
0.000231981
0.000288010
0.000317812
0.000265121
0.000309944
0.000253677
0.000251293
0.000240564
0.000475645
0.000258923
0.000257015
0.000236511
0.000224829
0.000254869
0.000243187
0.000271082
0.000254869
0.000278950
0.000292778
0.000287771
0.000264406
0.000297546
0.000306845
0.000305414
0.000272512
0.000314951
0.000261545
0.000261068
0.000314474
0.000282764
0.000261307
0.000240564
0.000217438
0.000244141
0.000249147
0.000307798
0.000264406
0.000307560
0.000284195
0.000264883
0.000263929
0.000262499
0.000302792
0.000317097
0.000308990
0.000233173
0.000231028
0.000247717
0.000309229
0.000265121
0.000488997
0.000251532
0.000311613
0.000247240
0.000263929
0.000250578
0.000247955
0.000318050
0.000285149
0.000288725
0.000239611
