0.000269890
0.000281572
0.000272274
0.000228643
0.000236750
0.000281096
0.000291109
0.000288248
0.000270367
0.000269651
0.000310898
0.000270367
0.000270367
0.000307322
0.000262976
0.000261784
0.000271320
0.000261545
0.000270367
0.000204563
0.000282049
0.000287533
0.000286818
0.000272989
0.000292540
0.000286341
0.000287056
0.000289917
0.000294924
0.000293732
0.000273943
0.000273943
0.000285625
0.000267982
0.000274897
0.000275135
0.000287294
0.000281811
0.000286102
0.000287294
0.000242233
0.000262260
0.000316620
0.000316620
0.000275135
0.000281572
0.000281096
0.000286102
0.000276566
0.000285149
0.000292063
0.000267267
0.000287533
0.000287771
0.000273943
0.000305653
0.000271320
0.000278950
0.000283957
0.000286102
0.000291824
0.000273943
0.000274181
0.000277758
0.000254154
0.000254393
0.000267267
0.000286341
0.000296593
0.000285864
0.000273705
0.000288010
0.000300646
0.000288010
0.000276327
0.000273943
0.000261068
0.000286102
0.000288963
0.000288963
0.000274897
0.000293732
0.000274658
0.000289202
0.000297546
0.000276327
0.000289202
0.000283718
0.000282526
0.000285625
0.000273466
0.000242710
0.000287533
0.000273466
0.000279427
0.000262499
0.000283718
0.000256538
0.000289202
0.000225544
