0.000298500
0.000376940
0.000295877
0.000282288
0.000273943
0.000288963
0.000303507
0.000267744
0.000282288
0.000286341
0.000285864
0.000299454
0.000286818
0.000284195
0.000301838
0.000305176
0.000308275
0.000293732
0.000300407
0.000264645
0.000294447
0.000308514
0.000308275
0.000247478
0.000313997
0.000328302
0.000285864
0.000294209
0.000287533
0.000303984
0.000300169
0.000270367
0.000279665
0.000257015
0.000299692
0.000263691
0.000308752
0.000299692
0.000298262
0.000269651
0.000275612
0.000279188
0.000265837
0.000325441
0.000289917
0.000268459
0.000290871
0.000254393
0.000270128
0.000281334
0.000278950
0.000273943
0.000289917
0.000299692
0.000261545
0.000289440
0.000277519
0.000269651
0.000305891
0.000405550
0.000291824
0.000307798
0.000278473
0.000253439
0.000299215
0.000263929
0.000294685
0.000287294
0.000251532
0.000304699
0.000307560
0.000292063
0.000290632
0.000287294
0.000279188
0.000264168
0.000268698
0.000290394
0.000271559
0.000290871
0.000276327
0.000265598
0.000290155
0.000239849
0.000300646
0.000278234
0.000294209
0.000317812
0.000272989
0.000261545
0.000289440
0.000306606
0.000323772
0.000265837
0.000312090
0.000296831
0.000321865
0.000279427
0.000272036
0.000273466
