0.000279903
0.000284672
0.000228643
0.000247717
0.000281572
0.000266314
0.000272751
0.000310898
0.000226259
0.000247955
0.000277758
0.000258684
0.000260115
0.000271320
0.000258446
0.000213385
0.000272036
0.000256777
0.000258446
0.000375032
0.000258684
0.000269651
0.000268936
0.000265121
0.000256300
0.000268936
0.000268936
0.000273705
0.000252247
0.000252724
0.000270128
0.000284195
0.000269890
0.000269890
0.000257730
0.000267982
0.000276327
0.000268936
0.000269413
0.000269890
0.000273466
0.000275373
0.000268459
0.000269175
0.000269890
0.000234127
0.000271559
0.000257254
0.000270128
0.000268936
0.000271559
0.000257969
0.000270844
0.000276566
0.000269175
0.000269890
0.000268936
0.000271082
0.000270128
0.000269651
0.000234365
0.000290394
0.000257015
0.000254869
0.000273228
0.000258684
0.000270844
0.000258446
0.000299931
0.000274420
0.000271320
0.000336409
0.000292301
0.000262737
0.000255108
0.000267506
0.000274897
0.000291824
0.000295162
0.000299692
0.000255585
0.000257969
0.000268459
0.000300884
0.000283241
0.000279188
0.000296116
0.000296116
0.000292540
0.000313282
0.000285864
0.000337362
0.000288486
0.000301361
0.000271559
0.000238895
0.000290632
0.000286579
0.000303507
0.000245094
