0.001176357
0.001361132
0.001316309
0.001232624
0.001298189
0.001177549
0.001161575
0.001232624
0.001164913
0.001254320
0.001249790
0.001307249
0.001265049
0.001250505
0.001195431
0.001190901
0.001108646
0.001178980
0.001218557
0.001202345
0.001360178
0.001190424
0.001267433
0.001246929
0.001200676
0.001182079
0.001202822
0.001240730
0.001147747
0.001112938
0.001228809
0.001137972
0.001208067
0.001215935
0.001183271
0.001233339
0.001251936
0.001135111
0.001151800
0.001197338
0.001196861
0.001145840
0.001220703
0.001166582
0.001197577
0.001227617
0.001165390
0.001158476
0.001170635
0.001131535
0.001168251
0.001187086
0.001151085
0.001167536
0.001191616
0.001086235
0.001125097
0.001192570
0.001185894
0.001295805
0.001178741
0.012308598
0.001286030
0.001286507
0.001120567
0.012415171
0.001079798
0.001260519
0.001178503
0.001181364
0.001200914
0.001205921
0.001213789
0.001233339
0.001202822
0.001203299
0.001221895
0.001231670
0.001330376
0.001315355
0.001172304
0.012272596
0.001397371
0.001213789
0.001144409
0.001075268
0.001145363
0.001188040
0.001237869
0.001078367
0.001108885
0.001107454
0.001158953
0.001109600
0.001112700
0.001194477
0.001103640
0.001038313
0.001250267
0.001274109
