0.000402927
0.000390053
0.000369787
0.000330448
0.000501156
0.000374079
0.000341415
0.000346184
0.000414371
0.000324726
0.000372887
0.000376940
0.000379801
0.000387669
0.000381470
0.000349760
0.000341654
0.000346899
0.000330925
0.000363350
0.000375509
0.000345945
0.000395060
0.000366449
0.000449419
0.000349045
0.000407934
0.000368834
0.000366211
0.000405073
0.000340223
0.000324726
0.000416994
0.000321627
0.000431538
0.000382662
0.000422478
0.000357628
0.000395775
0.000345707
0.000357866
0.000371456
0.000383854
0.000369787
0.000421762
0.000344992
0.000374794
0.000396013
0.000339508
0.000325203
0.000389338
0.000335693
0.000369787
0.000402689
0.000323296
0.000323534
0.000389338
0.000323296
0.000366688
0.000608683
0.000326157
0.000314713
0.000364780
0.000345945
0.000346184
0.000351906
0.000348568
0.000313044
0.000398636
0.000346422
0.000323534
0.000377417
0.000316143
0.000342369
0.000385761
0.000358343
0.000349760
0.000356197
0.000349998
0.000316381
0.000400305
0.000363588
0.000339031
0.000408888
0.000356674
0.000345469
0.000383615
0.000337839
0.000365019
0.000349760
0.000366211
0.000356436
0.000382900
0.000314713
0.000346661
0.000352144
0.000357866
0.000321865
0.000327826
0.000276566
