0.003992558
0.003706932
0.003409386
0.003446102
0.003834486
0.003733635
0.003328085
0.003401041
0.003986835
0.004257917
0.003166437
0.003250599
0.015621185
0.004206657
0.003116369
0.003242254
0.003518581
0.004061222
0.015725136
0.013722897
0.003089666
0.003102541
0.003537416
0.003540993
0.003481150
0.003571749
0.003588200
0.003572941
0.003478765
0.003438234
0.003570795
0.003609419
0.003745794
0.003621101
0.003541470
0.003165007
0.003700256
0.012521505
0.003545284
0.003499031
0.003639460
0.003796339
0.004220963
0.003974199
0.003371477
0.013061762
0.004002094
0.003363848
0.003230095
0.003972769
0.003495693
0.003388882
0.003262997
0.013797998
0.004287481
0.003257990
0.003539085
0.004069805
0.003724098
0.004049540
0.003563881
0.003967762
0.003788471
0.004043102
0.003699064
0.012832403
0.003774166
0.003897667
0.003704071
0.003935575
0.003732204
0.003594160
0.003507614
0.004064083
0.003785610
0.003639698
0.003505230
0.003707409
0.003501892
0.003981590
0.003839970
0.003369093
0.003455877
0.004325390
0.003930569
0.003419161
0.003519058
0.003998041
0.003684282
0.004009485
0.003733158
0.003687620
0.003658772
0.004029274
0.003717661
0.003488302
0.003472090
0.003790140
0.003665686
0.003484249
