0.000214100
0.000245094
0.000543356
0.000228167
0.000191689
0.000164032
0.000236988
0.000211954
0.000166178
0.000183344
0.000147581
0.000181913
0.000131369
0.000193834
0.000205994
0.000302553
0.000275850
0.000288725
0.000286102
0.000302553
0.000302076
0.000302553
0.000278473
0.000303984
0.000302315
0.000284672
0.000245810
0.000258446
0.000258923
0.000277042
0.000267982
0.000270128
0.000260353
0.000269890
0.000272036
0.000243902
0.000260115
0.000259638
0.000257015
0.000262976
0.000268221
0.000256300
0.000248194
0.000242233
0.000272036
0.000257254
0.000256062
0.000256062
0.000256538
0.000262022
0.000264645
0.000245810
0.000196934
0.000206232
0.000300169
0.000422955
0.000162840
0.000155687
0.000210524
0.000237942
0.000159740
0.000164747
0.000192404
0.000188828
0.000145197
0.000161648
0.000147820
0.000162840
0.000162125
0.000186205
0.000188828
0.000252008
0.000197172
0.000158072
0.000160217
0.000163078
0.000149727
0.000208855
0.000179291
0.000152111
0.000191927
0.000219345
0.000202417
0.000138283
0.000208855
0.000194550
0.000183105
0.000149965
0.000198841
0.000180483
0.000176430
0.000179291
0.000164270
0.000167847
0.000185490
0.000193834
0.000180483
0.000321388
0.000180006
0.000433207
