0.000333071
0.000303268
0.000254631
0.000272512
0.000267267
0.000257492
0.000255108
0.000285387
0.000256538
0.000259161
0.000287533
0.000270128
0.000254631
0.000282526
0.000255585
0.000257015
0.000265837
0.000317335
0.000255108
0.000267982
0.000290632
0.000256538
0.000255823
0.000254869
0.000269651
0.000256062
0.000256062
0.000237226
0.000265837
0.000245571
0.000255585
0.000256300
0.000252247
0.000292063
0.000280857
0.000268459
0.000288486
0.000270844
0.000261784
0.000256062
0.000255346
0.000257254
0.000264645
0.000255585
0.000255823
0.000269413
0.000255346
0.000248432
0.000253201
0.000269890
0.000256777
0.000291586
0.000257730
0.000260830
0.000316143
0.000316858
0.000253201
0.000252724
0.000293970
0.000328779
0.000247002
0.000255823
0.000237465
0.000230074
0.000314236
0.000254869
0.000327826
0.000334263
0.000277042
0.000343800
0.000317097
0.000318289
0.000256062
0.000258684
0.000253201
0.000330925
0.000324249
0.000254154
0.000252485
0.000315666
0.000255823
0.000320435
0.000220776
0.000322342
0.000256777
0.000344992
0.000253916
0.000318766
0.000244141
0.000315428
0.000254393
0.000316381
0.000258923
0.000242949
0.000318289
0.000321388
0.000252962
0.000260115
0.000291348
0.000278950
