0.063584328
0.013419867
0.000246525
0.000226974
0.000231266
0.000231743
0.000242233
0.000150204
0.000241041
0.000184298
0.000247478
0.000240803
0.000313759
0.000215530
0.000221491
0.000247002
0.000263929
0.000272274
0.000309706
0.000318766
0.000229359
0.000253677
0.000219345
0.000291109
0.000277996
0.000283003
0.000244856
0.000252724
0.000229836
0.000189781
0.000259399
0.000148296
0.000179768
0.000162125
0.000176430
0.000166416
0.000160694
0.000148535
0.000207424
0.000217438
0.000184059
0.000165939
0.000147820
0.000284672
0.000196695
0.000167608
0.000186682
0.000243187
0.000143051
0.000144720
0.000229836
0.000232935
0.000145197
0.000252008
0.000183105
0.000166178
0.000149727
0.000215769
0.000200272
0.000166416
0.000214100
0.000165462
0.000165224
0.000157833
0.000203371
0.000258446
0.000183344
0.000163078
0.000341892
0.000156879
0.000158072
0.000206470
0.000148058
0.000160456
0.000164747
0.000162363
0.000186443
0.000186682
0.000287533
0.000236273
0.000176907
0.000165701
0.000235796
0.000181675
0.000133753
0.000168800
0.000157833
0.000147343
0.000185728
0.000231266
0.000317574
0.000252485
0.000232935
0.000231743
0.000230551
0.000281811
0.000263214
0.000243425
0.000287533
0.000308752
