0.020901918
0.013894796
0.013141870
0.012535334
0.014161587
0.012358665
0.011991024
0.011862278
0.021521568
0.012480259
0.013133287
0.011969328
0.028866768
0.012753963
0.013236761
0.012778044
0.022045851
0.013607740
0.013036251
0.013351440
0.031511545
0.021081686
0.013567209
0.021299839
0.024852037
0.022375584
0.013752222
0.022352695
0.011374474
0.012391806
0.011570454
0.013369083
0.013217688
0.013146877
0.014398098
0.012743950
0.012403250
0.023152828
0.013862133
0.011674643
0.011619329
0.012630939
0.021969318
0.022592306
0.012662411
0.023340940
0.025686502
0.011692524
0.012673140
0.022350550
0.019844055
0.013075352
0.011608124
0.030950069
0.020602465
0.012971878
0.012454271
0.011893511
0.023694515
0.012588501
0.012661457
0.013183117
0.014521122
0.021864414
0.012533665
0.013138056
0.013587713
0.013221264
0.012849331
0.013127089
0.013853073
0.012899876
0.012473345
0.012523413
0.012507677
0.023369312
0.012140989
0.016576052
0.012560129
0.013875484
0.013513088
0.013349295
0.012809992
0.012858391
0.021235228
0.008530140
0.012439489
0.012788296
0.011977434
0.012930393
0.021943808
0.012987375
0.012685061
0.013314724
0.013450623
0.013345003
0.013302326
0.013810635
0.014073372
0.012075424
