0.023444891
0.014741659
0.014757156
0.022699594
0.022985458
0.019242764
0.013279915
0.012972116
0.015461683
0.014516115
0.013392448
0.015461445
0.015495062
0.026392460
0.013875723
0.015019894
0.021687508
0.015412569
0.015127420
0.015340567
0.014487743
0.025384188
0.012733936
0.013422966
0.022641897
0.014372110
0.014772415
0.015510082
0.014885426
0.015362024
0.013500452
0.021347761
0.012589216
0.013269424
0.014122248
0.014639378
0.014044523
0.033568621
0.015378475
0.012490749
0.015044212
0.022373199
0.015218973
0.023336887
0.014411211
0.013585567
0.023797989
0.022319555
0.014883518
0.015006781
0.015514851
0.013816118
0.025167942
0.030891418
0.014702082
0.014106989
0.013578892
0.015244246
0.015447855
0.014933825
0.014746189
0.014237642
0.014713287
0.023461580
0.014161587
0.014787197
0.015244961
0.014913082
0.019712687
0.014526129
0.015304804
0.015403986
0.012773514
0.021591902
0.015266895
0.021078587
0.015397072
0.014395475
0.013274908
0.013531208
0.016394854
0.014517546
0.013140917
0.013920784
0.015480757
0.022959948
0.014205456
0.014401436
0.015173912
0.014668226
0.025916815
0.014921188
0.013096333
0.014715672
0.019484758
0.013897896
0.014856339
0.015426397
0.014115095
0.021181345
