0.000399113
0.000346184
0.000361204
0.000310421
0.000321865
0.000397921
0.000386715
0.000361443
0.000353813
0.000314951
0.000346184
0.000396013
0.000312567
0.000306606
0.000366449
0.000371695
0.000310898
0.000395060
0.000363827
0.000362158
0.000354052
0.000374556
0.000335693
0.000385284
0.000377893
0.000361443
0.000349998
0.000325918
0.000315666
0.000355005
0.000311375
0.000332355
0.000351429
0.000334978
0.000361204
0.000407696
0.000308752
0.000370502
0.000347853
0.000375748
0.000366449
0.000349045
0.000324249
0.000343561
0.000388861
0.000362396
0.000313997
0.000355244
0.000306606
0.000320673
0.000324011
0.000314951
0.000332355
0.000366688
0.000312328
0.000312328
0.000311136
0.000317335
0.000316858
0.000497818
0.000312328
0.000395298
0.000346661
0.000314713
0.000361204
0.000469208
0.000328064
0.000313044
0.000350952
0.000321150
0.000327826
0.000353098
0.000355482
0.000316620
0.000390530
0.000446558
0.000356674
0.000408173
0.000386000
0.000306606
0.000415325
0.000268936
0.000355005
0.000386953
0.000359535
0.000383615
0.000389814
0.000363827
0.000366926
0.000349283
0.000360250
0.000314713
0.000387669
0.000346661
0.000279188
0.000407934
0.000368357
0.000319242
0.000392437
0.000341892
