0.000705242
0.000618219
0.000710964
0.000753403
0.000663757
0.000764608
0.000758648
0.000730991
0.000746250
0.000764608
0.000754833
0.000758648
0.000668526
0.000771523
0.000702381
0.000702620
0.000712156
0.000721931
0.000679493
0.000727177
0.000667572
0.000771046
0.000752449
0.000770330
0.000517368
0.000693321
0.000659466
0.000689507
0.000618696
0.000676394
0.000661373
0.000767708
0.000651360
0.000781059
0.000714540
0.000835180
0.000809193
0.000787497
0.000726700
0.000756025
0.000696898
0.000756264
0.000744820
0.000737190
0.000719547
0.000576973
0.000745296
0.000801325
0.000681639
0.000719070
0.000690460
0.000760317
0.000729799
0.000756502
0.000700235
0.000691414
0.000686407
0.000716209
0.000623941
0.000784874
0.000758410
0.000684738
0.000692129
0.000729561
0.000740051
0.000769377
0.000740051
0.000767946
0.000731468
0.000747442
0.000777245
0.000778437
0.000745296
0.000677109
0.000753880
0.000682354
0.000635147
0.000764847
0.000680208
0.000768185
0.000747442
0.000705481
0.000786304
0.000748158
0.000683784
0.000721455
0.000635624
0.000649929
0.000762939
0.000758648
0.000673294
0.000780582
0.000741720
0.000720739
0.000765324
0.000769615
0.000778198
0.000751734
0.000722647
0.000690699
