0.002035379
0.001897812
0.012843847
0.001625538
0.002096891
0.001735210
0.001799107
0.002077818
0.001474857
0.001936913
0.001910448
0.001895189
0.002060652
0.002057076
0.001934528
0.002088547
0.002044201
0.001992464
0.002013206
0.002231598
0.002271891
0.002076626
0.002109766
0.002149105
0.001802921
0.002109289
0.002357483
0.002097368
0.002314568
0.002054214
0.002003908
0.002149343
0.002147675
0.002442598
0.001859665
0.002154350
0.002203226
0.011724949
0.002177954
0.001979113
0.001964808
0.002034664
0.002192020
0.001994133
0.002145052
0.001988411
0.002061844
0.002084732
0.002100945
0.002079487
0.002182722
0.002143621
0.002209663
0.002389908
0.002248287
0.002109766
0.002144575
0.002312660
0.002024651
0.001979351
0.002053499
0.002016783
0.002211809
0.002502441
0.012437344
0.002078533
0.002539635
0.002236843
0.002038956
0.002018690
0.002196550
0.002302647
0.002186298
0.002119541
0.002216816
0.002064466
0.002206087
0.002174616
0.002045631
0.002140045
0.002249002
0.012153864
0.002283812
0.002065659
0.002007961
0.002148390
0.002218485
0.002026558
0.002030611
0.001935720
0.002295017
0.002104521
0.002053976
0.002004862
0.002048016
0.001974344
0.002120256
0.002243996
0.001958370
0.002279520
