0.000258207
0.000251055
0.000239611
0.000269413
0.000277996
0.000270605
0.000297546
0.000270128
0.000272036
0.000254869
0.000258207
0.000252247
0.000256300
0.000240564
0.000277042
0.000271320
0.000278234
0.000278234
0.000298262
0.000277281
0.000271559
0.000283241
0.000271797
0.000241280
0.000282049
0.000273705
0.000274181
0.000317812
0.000268936
0.000276804
0.000272274
0.000273705
0.000302553
0.000276327
0.000286818
0.000265598
0.000269651
0.000305414
0.000272989
0.000288963
0.000275373
0.000276327
0.000294447
0.000293732
0.000275373
0.000242710
0.000274897
0.000277042
0.000277042
0.000281096
0.000285149
0.000275612
0.000242472
0.000288725
0.000270605
0.000268459
0.000269175
0.000316620
0.000300646
0.000363588
0.000263453
0.000261068
0.000289917
0.000279903
0.000250578
0.000256062
0.000251293
0.000294685
0.000221729
0.000248909
0.000217915
0.000250101
0.000235558
0.000286579
0.000257254
0.000249386
0.000271797
0.000281334
0.000259638
0.000270367
0.000240326
0.000239372
0.000262260
0.000260115
0.000257492
0.000257015
0.000287056
0.000261784
0.000256062
0.000421524
0.000270128
0.000258207
0.000281572
0.000214577
0.000263214
0.000259876
0.000264645
0.000263214
0.000255823
0.000269413
