0.000278711
0.000229836
0.000290871
0.000260115
0.000266790
0.000255108
0.000268221
0.000254869
0.000255585
0.000255823
0.000273228
0.000267029
0.000234365
0.000275612
0.000266314
0.000256062
0.000300646
0.000251770
0.000299454
0.000279665
0.000254393
0.000211477
0.000243187
0.000200033
0.000353813
0.000195980
0.000221252
0.000213385
0.000425100
0.000458002
0.000191927
0.000200272
0.000174284
0.000190496
0.000329733
0.000280142
0.000249147
0.000189066
0.000234604
0.000178337
0.000211477
0.000292540
0.000308037
0.000351191
0.000371933
0.000325918
0.000334263
0.000231504
0.000310183
0.000438213
0.000307560
0.000305414
0.000227690
0.000260830
0.000261545
0.000318289
0.000275850
0.000279427
0.000255346
0.000279188
0.000273705
0.000277758
0.000279903
0.000316620
0.000278234
0.000285864
0.000266790
0.000278711
0.000275135
0.000275135
0.000277281
0.000270367
0.000272989
0.000274181
0.000275135
0.000275373
0.000275135
0.000265121
0.000300407
0.000302315
0.000282288
0.000261784
0.000277042
0.000285149
0.000282764
0.000300646
0.000272989
0.000271559
0.000256538
0.000254393
0.000256777
0.000263929
0.000254869
0.000254631
0.000260115
0.000255585
0.000257492
0.000261307
0.000262976
0.000241041
