0.000304699
0.000301123
0.000294924
0.000299931
0.000271320
0.000269175
0.000282288
0.000279427
0.000306845
0.000270367
0.000275373
0.000274181
0.000271797
0.000307083
0.000272036
0.000313997
0.000300646
0.000285387
0.000338078
0.000307322
0.000298738
0.000303268
0.000273705
0.000303745
0.000241041
0.000285149
0.000274897
0.000254869
0.000304699
0.000275850
0.000280142
0.000278473
0.000270605
0.000308037
0.000273943
0.000274897
0.000287294
0.000269175
0.000304461
0.000272036
0.000273705
0.000273228
0.000273705
0.000309229
0.000269651
0.000271797
0.000272512
0.000275612
0.000305176
0.000252008
0.000271797
0.000274181
0.000277042
0.000321388
0.000274420
0.000261545
0.000272512
0.000270844
0.000312328
0.000477314
0.000309944
0.000306606
0.000289202
0.000336647
0.000318050
0.000301838
0.000320673
0.000299454
0.000339985
0.000309467
0.000303745
0.000307322
0.000299692
0.000335455
0.000310421
0.000344515
0.000337839
0.000350952
0.000372648
0.000307798
0.000300169
0.000304461
0.000305653
0.000336647
0.000342369
0.000331163
0.000307798
0.000306368
0.000326633
0.000306606
0.000309467
0.000305653
0.000498056
0.000330687
0.000321627
0.000329256
0.000337601
0.000306845
0.000343323
0.000303268
