0.014112949
0.008702040
0.007423162
0.015596628
0.007333994
0.007578611
0.007738829
0.007628679
0.015366077
0.015452862
0.006989241
0.007204294
0.007743359
0.007264853
0.007799149
0.016690254
0.007159472
0.007140398
0.015102386
0.008450031
0.006562233
0.007244349
0.006830692
0.007855177
0.006880760
0.006734371
0.006946802
0.007884741
0.006757259
0.015122414
0.007075787
0.007091761
0.007177591
0.006986856
0.006779671
0.006738424
0.007597446
0.007203341
0.006650209
0.006685734
0.007021666
0.006912231
0.006851196
0.006746054
0.016444445
0.006663084
0.007012367
0.006828547
0.007559776
0.007731199
0.007888079
0.007426023
0.007403612
0.008248806
0.007326365
0.007266045
0.007379770
0.007940531
0.008158684
0.008190393
0.006621599
0.007730246
0.007310867
0.007652521
0.007410049
0.007663250
0.007938385
0.007334232
0.016343594
0.007513523
0.007853508
0.007481813
0.007543802
0.007486820
0.008280993
0.007677317
0.007283688
0.007422209
0.008769751
0.007594109
0.008066416
0.007514238
0.007982731
0.008147001
0.007578611
0.007860661
0.008449078
0.007965803
0.012678862
0.006727695
0.007518053
0.007457256
0.007076979
0.007563591
0.007736206
0.007604361
0.007554293
0.007326841
0.007587433
0.007488251
