0.000319242
0.000287771
0.000296593
0.000313282
0.000321150
0.000302792
0.000332832
0.000337362
0.000298023
0.000314236
0.000308037
0.000311136
0.000334263
0.000294685
0.000293255
0.000333548
0.000304222
0.000309706
0.000315666
0.000288248
0.000285387
0.000295162
0.000290632
0.000334501
0.000307560
0.000318050
0.000306368
0.000314236
0.000252008
0.000343323
0.000316381
0.000304222
0.000306606
0.000348091
0.000298500
0.000300884
0.000302553
0.000303984
0.000313520
0.000331640
0.000291824
0.000314951
0.000370502
0.000258446
0.000284433
0.000293016
0.000290632
0.000314236
0.000315905
0.000271082
0.000256300
0.000361204
0.000276804
0.000282764
0.000320196
0.000257730
0.000314236
0.000303984
0.000306129
0.000451088
0.000331402
0.000269413
0.000270844
0.000269890
0.000273705
0.000270128
0.000269413
0.000272512
0.000305891
0.000299692
0.000269890
0.000269890
0.000286579
0.000295162
0.000266314
0.000279665
0.000272751
0.000305176
0.000273466
0.000279903
0.000271559
0.000268936
0.000271797
0.000270605
0.000267744
0.000268698
0.000305653
0.000270128
0.000273466
0.000257254
0.000271797
0.000270367
0.000269890
0.000271320
0.000269890
0.000333548
0.000267982
0.000270605
0.000275850
0.000326872
