0.004010677
0.004240751
0.003785372
0.004138231
0.003418684
0.004191160
0.003983736
0.004031897
0.004111767
0.004033804
0.003926992
0.004131317
0.004466772
0.004383802
0.003875494
0.004053593
0.004156113
0.004765987
0.003912449
0.003999472
0.003380060
0.004562378
0.004016876
0.003965139
0.003601789
0.004611492
0.003690243
0.004063606
0.003717422
0.003755093
0.013887167
0.013291836
0.003891468
0.003687382
0.013055563
0.004367352
0.003251076
0.003246069
0.003910065
0.004128456
0.003592730
0.003873825
0.004408836
0.004454136
0.003795862
0.003757715
0.003895283
0.004461288
0.003881931
0.004222631
0.003613949
0.003913641
0.003849268
0.003880262
0.003971815
0.004213095
0.003374338
0.003560781
0.003797770
0.003801346
0.003751278
0.004044533
0.003684521
0.003586531
0.003946781
0.003988028
0.004136086
0.003762245
0.003726721
0.003916502
0.003915310
0.004510164
0.004085064
0.003959894
0.004425526
0.004204988
0.003865004
0.004061460
0.003824234
0.004032850
0.003964424
0.003897190
0.004143476
0.004289389
0.003888369
0.004051447
0.004146814
0.004522562
0.003828287
0.004372597
0.003951788
0.004105568
0.003931522
0.003852844
0.004194260
0.004240274
0.004000664
0.004037380
0.004144669
0.004380465
