0.062166214
0.012814283
0.000253916
0.000211477
0.000212193
0.000272751
0.000267506
0.000270367
0.000265598
0.000216246
0.000272274
0.000274181
0.000282288
0.000282526
0.000271320
0.000286579
0.000302076
0.000263691
0.000263691
0.000271082
0.000275850
0.000272512
0.000277519
0.000277519
0.000270128
0.000254154
0.000228167
0.000597954
0.000216007
0.000256538
0.000234127
0.000230551
0.000203133
0.000214815
0.000258923
0.000261784
0.000247955
0.000248194
0.000273228
0.000267029
0.000245333
0.000249147
0.000270367
0.000265598
0.000258207
0.000243425
0.000251055
0.000269890
0.000260592
0.000259161
0.000264883
0.000255108
0.000257730
0.000259638
0.000326395
0.000253439
0.000255346
0.000263214
0.000293255
0.000261068
0.000254869
0.000258684
0.000264406
0.000257730
0.000299454
0.000252724
0.000256538
0.000257730
0.000257969
0.000219584
0.000262976
0.000260115
0.000242710
0.000261545
0.000261307
0.000262976
0.000314713
0.000258207
0.000279903
0.000290632
0.000274420
0.000292063
0.000261545
0.000269413
0.000257969
0.000255585
0.000255585
0.000255823
0.000259399
0.000254393
0.000268936
0.000260830
0.000256062
0.000254869
0.000263453
0.000257969
0.000264168
0.000261784
0.000241756
0.000233889
