0.001363754
0.001384974
0.001369476
0.001335621
0.001186609
0.001373768
0.001330853
0.001302719
0.001392841
0.001341581
0.001252174
0.001288891
0.001312494
0.001278877
0.001237631
0.001266003
0.001355171
0.001259804
0.001397371
0.001264334
0.001295090
0.001286983
0.001255274
0.001241922
0.001152039
0.001218557
0.001263380
0.001232147
0.001273870
0.001370907
0.001200914
0.001154423
0.001170874
0.001185179
0.001197100
0.001254082
0.001286745
0.001435280
0.001208305
0.001241684
0.001195669
0.001176596
0.001330137
0.001410723
0.001288891
0.001288414
0.001317501
0.001299620
0.001274586
0.001342773
0.001274824
0.001234055
0.001369953
0.001224756
0.001301527
0.001203537
0.001246929
0.001348972
0.001251459
0.001273632
0.001204014
0.001289606
0.001211166
0.001293898
0.001222610
0.001263618
0.001297712
0.001279831
0.001226902
0.001287937
0.001254320
0.001324415
0.001274586
0.001405001
0.001264334
0.001379013
0.001263142
0.001216650
0.001215696
0.001198769
0.001200914
0.001321554
0.001270294
0.001291275
0.001235008
0.001271963
0.001268864
0.001252890
0.001206636
0.001244307
0.001310587
0.001309872
0.001202345
0.001177788
0.001200914
0.001185656
0.001167536
0.001132011
0.001250744
0.001343966
