0.000230312
0.000272274
0.000388384
0.000288010
0.000296593
0.000288248
0.000267744
0.000267506
0.000268936
0.000275612
0.000316143
0.000279188
0.000272989
0.000280142
0.000297546
0.000304699
0.000267982
0.000291586
0.000277519
0.000279903
0.000285387
0.000296354
0.000280619
0.000288486
0.000261784
0.000324249
0.000265360
0.000272751
0.000282526
0.000284910
0.000282764
0.000298023
0.000261068
0.000248909
0.000243425
0.000273943
0.000281334
0.000278234
0.000266552
0.000265121
0.000278473
0.000286341
0.000270128
0.000305414
0.000337124
0.000268936
0.000494957
0.000272274
0.000272989
0.000308514
0.000312567
0.000264645
0.000294685
0.000275850
0.000283957
0.000258684
0.000297308
0.000252962
0.000263453
0.000321150
0.000284433
0.000280380
0.000278234
0.000300646
0.000267982
0.000273705
0.000259399
0.000265121
0.000259399
0.000260115
0.000257254
0.000260115
0.000232220
0.000258684
0.000254631
0.000287771
0.000263691
0.000302553
0.000253201
0.000263214
0.000258207
0.000275135
0.000267982
0.000258923
0.000228405
0.000252962
0.000260830
0.000247240
0.000255823
0.000228643
0.000280619
0.000240326
0.000270844
0.000225544
0.000256538
0.000256062
0.000257969
0.000257730
0.000257492
0.000239134
