0.000311136
0.000274897
0.000256062
0.000309229
0.000312328
0.000313282
0.000228643
0.000322580
0.000300884
0.000320196
0.000287294
0.000328064
0.000283241
0.000338316
0.000304461
0.000312090
0.000296593
0.000267029
0.000276089
0.000288248
0.000300646
0.000319242
0.000271082
0.000329494
0.000308037
0.000316381
0.000206232
0.000287056
0.000280619
0.000308752
0.000308990
0.000283718
0.000280857
0.000342369
0.000298977
0.000323534
0.000273705
0.000296831
0.000301600
0.000301361
0.000319958
0.000274658
0.000329971
0.000317812
0.000317335
0.000310421
0.000311852
0.000327826
0.000347853
0.000325203
0.000312328
0.000254631
0.000304699
0.000304222
0.000302553
0.000345945
0.000330925
0.000308037
0.000294447
0.000447035
0.000301600
0.000310421
0.000322819
0.000280380
0.000298262
0.000335932
0.000288010
0.000313997
0.000297308
0.000311375
0.000291348
0.000332832
0.000295162
0.000340223
0.000335217
0.000285149
0.000311852
0.000333071
0.000301600
0.000257969
0.000302315
0.000370026
0.000303507
0.000284910
0.000289440
0.000285625
0.000313520
0.000337362
0.000317097
0.000566959
0.000269651
0.000315189
0.000304699
0.000296116
0.000283718
0.000276566
0.000275373
0.000299215
0.000280380
0.000303507
