0.015062809
0.008739948
0.008347511
0.008390188
0.008281469
0.007965565
0.008479118
0.008946419
0.008205652
0.008080244
0.008021593
0.006528616
0.008831263
0.015733480
0.008806705
0.008617878
0.008008718
0.008187056
0.009499550
0.016247749
0.008485317
0.007950544
0.008848667
0.008471251
0.008945227
0.008924961
0.016936541
0.008847237
0.008805037
0.015475035
0.007928371
0.008692503
0.008562088
0.008763313
0.008774757
0.008798361
0.008770466
0.009409428
0.008285999
0.008312941
0.009182215
0.008948088
0.008486748
0.008400202
0.008621693
0.014475584
0.008035183
0.009006023
0.008286238
0.009011984
0.015933990
0.007210493
0.007804871
0.008744717
0.008047342
0.008868933
0.008435011
0.008589506
0.008730650
0.009029388
0.008615255
0.009001970
0.008691072
0.008826017
0.008590221
0.009084940
0.008761406
0.008652210
0.008755922
0.007530451
0.007716894
0.018331766
0.008086920
0.008714914
0.008697510
0.008799314
0.008360147
0.008741617
0.008966208
0.009309769
0.008656263
0.008939981
0.008664846
0.008302927
0.008302212
0.007597208
0.008695841
0.008458614
0.016382217
0.008330107
0.007689714
0.008166075
0.008606911
0.009010315
0.008304596
0.008211851
0.007848740
0.008044004
0.007853270
0.008266687
