0.000281334
0.000561476
0.000336409
0.000277281
0.000278950
0.000286341
0.000277758
0.000287533
0.000275612
0.000546694
0.000270605
0.000288963
0.000297546
0.000312805
0.000301361
0.000300646
0.000291348
0.000273466
0.000270605
0.000290871
0.000245333
0.000254631
0.000322342
0.000264406
0.000303030
0.000314236
0.000293970
0.000298977
0.000298738
0.000266314
0.000287533
0.000307083
0.000271559
0.000185251
0.000254631
0.000265360
0.000267506
0.000269413
0.000288963
0.000318766
0.000568628
0.000249386
0.000260353
0.000239611
0.000370026
0.000289440
0.000267744
0.000234842
0.000255585
0.000329494
0.000310421
0.000286579
0.000259876
0.000265121
0.000259876
0.000292540
0.000287056
0.000317812
0.000297070
0.000247717
0.000218868
0.000246525
0.000246286
0.000270367
0.000558853
0.000229120
0.000150204
0.000128508
0.000323772
0.000219584
0.000218153
0.000226736
0.000318766
0.000232697
0.000165462
0.000219822
0.000249624
0.000218868
0.000186682
0.000283718
0.000181675
0.000222206
0.000246525
0.000240564
0.000259876
0.000250101
0.000209093
0.000276089
0.000177145
0.000183821
0.000247240
0.000283241
0.000336409
0.000288725
0.000303745
0.000305414
0.000311852
0.000288486
0.000360012
0.000278234
