0.024168253
0.016651392
0.031752825
0.013594627
0.018023014
0.017436981
0.017114162
0.016854763
0.016146183
0.016499281
0.017728806
0.017570734
0.016338825
0.016519308
0.024535179
0.016855240
0.023770571
0.024851084
0.017393589
0.025862932
0.017417669
0.016077042
0.021480322
0.017976522
0.016055584
0.015530109
0.016008139
0.017622232
0.017641306
0.021705389
0.017704248
0.017406702
0.015167475
0.016453981
0.016488552
0.030212879
0.016485691
0.016733885
0.016804457
0.016337633
0.017194748
0.017559528
0.016281843
0.014902592
0.017263412
0.016920567
0.025231123
0.017590523
0.015410900
0.017245770
0.017801762
0.017551661
0.017449617
0.023956537
0.017086506
0.014951468
0.015243530
0.013999462
0.014631987
0.017619610
0.016068459
0.012607574
0.016012430
0.015712500
0.016236305
0.015567780
0.025764704
0.023815870
0.026271582
0.026601315
0.016541481
0.016628742
0.017780542
0.016986609
0.017672777
0.026162386
0.015358925
0.017323971
0.016501427
0.019448996
0.014229536
0.016603231
0.016458035
0.029353857
0.019400120
0.016709328
0.026089430
0.016541481
0.023879766
0.025314093
0.017090797
0.017559052
0.024000168
0.024920940
0.017063856
0.018056154
0.016948700
0.017374754
0.017193794
0.017138004
