0.001309633
0.001326323
0.001283884
0.001350403
0.001334906
0.001412630
0.001407862
0.001480818
0.001318216
0.001336813
0.001256943
0.001457930
0.001338959
0.001398087
0.001499653
0.001400471
0.001289368
0.001426458
0.001377583
0.001273155
0.001301050
0.001377106
0.001418352
0.001276255
0.001325607
0.001525164
0.001197338
0.001407623
0.001577139
0.001111746
0.001288414
0.001386166
0.001442432
0.001445055
0.001323700
0.001384974
0.001471043
0.001424074
0.001315594
0.001343250
0.001396894
0.001480818
0.001419306
0.001370668
0.001252890
0.001395464
0.001290560
0.001384020
0.001386881
0.001367092
0.001379967
0.001381636
0.001458883
0.001407385
0.001438856
0.001384497
0.001485348
0.001352787
0.001440048
0.001430511
0.001466751
0.001274109
0.001338482
0.001419544
0.001384258
0.001505852
0.001373768
0.001397610
0.001440763
0.001355886
0.001421690
0.001353264
0.001392126
0.001445770
0.001454115
0.001394033
0.001297235
0.001416922
0.001413107
0.001259327
0.001313210
0.001413822
0.001443148
0.001403809
0.001475096
0.001410961
0.001338720
0.001442671
0.001393080
0.001301289
0.001354694
0.001365900
0.001460075
0.001461267
0.001449823
0.001340628
0.001457930
0.001351357
0.001320124
0.001373053
