0.061568499
0.012409449
0.000263453
0.000209570
0.000237226
0.000241041
0.000224590
0.000247478
0.000225067
0.000178576
0.000260115
0.000273466
0.000313759
0.000280380
0.000285149
0.000284672
0.000280857
0.000257492
0.000279903
0.000287294
0.000295877
0.000257969
0.000273228
0.000268698
0.000272989
0.000247002
0.000299454
0.000252008
0.000321150
0.000306845
0.000224829
0.000249624
0.000391483
0.000203371
0.000201941
0.000240088
0.000187397
0.000184059
0.000165701
0.000150442
0.000156403
0.000182390
0.000164509
0.000155687
0.000164032
0.000160217
0.000202894
0.000277996
0.000220776
0.000162840
0.000337839
0.000300884
0.000236988
0.000195742
0.000165939
0.000181437
0.000187397
0.000228167
0.000177383
0.000263929
0.000197411
0.000185966
0.000246763
0.000180721
0.000201702
0.000188112
0.000184059
0.000192642
0.000281096
0.000215769
0.000262976
0.000225782
0.000201702
0.000321150
0.000325680
0.000322342
0.000318766
0.000294209
0.000291348
0.000293732
0.000293255
0.000358105
0.000319242
0.000442982
0.000291109
0.000294447
0.000297546
0.000278473
0.000327587
0.000286818
0.000287533
0.000312090
0.000283480
0.000285864
0.000344038
0.000308037
0.000310659
0.000302076
0.000319242
0.000266790
