0.000401497
0.000286102
0.000273228
0.000339508
0.000350237
0.000362396
0.000384331
0.000325203
0.000304461
0.000342369
0.000304937
0.000337124
0.000306606
0.000339270
0.000381231
0.000338554
0.000342607
0.000339031
0.000339031
0.000307798
0.000327587
0.000337124
0.000296831
0.000372410
0.000323057
0.000318050
0.000300407
0.000359774
0.000312567
0.000366211
0.000313044
0.000309229
0.000339508
0.000326633
0.000303507
0.000305414
0.000289917
0.000334740
0.000311613
0.000314713
0.000308990
0.000336647
0.000307560
0.000329494
0.000310659
0.000312567
0.000343800
0.000331163
0.000332594
0.000340462
0.000379801
0.000326157
0.000300407
0.000343561
0.000328064
0.000327349
0.000309706
0.000308275
0.000306368
0.000454664
0.000304937
0.000318766
0.000305176
0.000305653
0.000301123
0.000354290
0.000298500
0.000265598
0.000311613
0.000310421
0.000302792
0.000320196
0.000302553
0.000300646
0.000304461
0.000316858
0.000272751
0.000291348
0.000304937
0.000301361
0.000300169
0.000290632
0.000253201
0.000272751
0.000303507
0.000350952
0.000258684
0.000281572
0.000307798
0.000306606
0.000301838
0.000304222
0.000304461
0.000311375
0.000333548
0.000434875
0.000302315
0.000302315
0.000306129
0.000325203
