0.000415802
0.000278234
0.000289917
0.000375032
0.000318289
0.000280380
0.000406265
0.000312328
0.000350475
0.000339985
0.000302076
0.000311852
0.000304937
0.000367641
0.000334740
0.000309706
0.000335217
0.000313520
0.000341415
0.000302076
0.000302076
0.000297546
0.000300884
0.000310421
0.000324965
0.000288248
0.000280142
0.000321865
0.000351429
0.000339270
0.000333786
0.000332832
0.000334024
0.000341415
0.000318050
0.000306368
0.000337362
0.000296593
0.000326872
0.000292778
0.000334978
0.000349045
0.000336647
0.000347853
0.000302792
0.000310898
0.000310898
0.000261307
0.000412941
0.000338078
0.000333071
0.000339985
0.000357389
0.000320435
0.000290871
0.000312328
0.000317335
0.000307560
0.000339508
0.000321388
0.000319958
0.000370741
0.000333786
0.000349283
0.000368357
0.000316381
0.000369549
0.000319719
0.000351429
0.000368357
0.000349522
0.000302315
0.000404358
0.000387669
0.000370502
0.000346661
0.000352621
0.000405788
0.000438213
0.000304461
0.000318289
0.000342131
0.000343561
0.000348091
0.000297070
0.000400543
0.000411510
0.000308275
0.000364780
0.000337124
0.000345945
0.000302553
0.000404119
0.000368595
0.000372887
0.000328302
0.000335455
0.000325918
0.000420094
0.000350475
