0.011762857
0.002130985
0.002463818
0.002350807
0.002190828
0.002262354
0.002396107
0.002405643
0.002331734
0.002252817
0.002388239
0.002397776
0.002388716
0.002096415
0.002196312
0.002614498
0.002634525
0.002662659
0.002470970
0.014091492
0.002611399
0.002254486
0.002322674
0.002477884
0.002769232
0.002306938
0.002304077
0.002444983
0.002274752
0.002397060
0.002382040
0.002676964
0.002547503
0.002568960
0.002481222
0.002446175
0.002166510
0.002286911
0.002290726
0.002433300
0.002195120
0.002317667
0.002234697
0.014067888
0.011986732
0.002284765
0.002257109
0.002209425
0.002288342
0.002208948
0.002487659
0.002364159
0.002582550
0.002462149
0.002676725
0.013544559
0.002264023
0.002422810
0.002651691
0.002526760
0.002317190
0.013582945
0.002511740
0.013585806
0.002127886
0.002518177
0.002139568
0.002272129
0.002169609
0.002168179
0.002424479
0.002267599
0.002665758
0.002461195
0.002274513
0.001999855
0.002532005
0.002308607
0.002456665
0.002547503
0.002317190
0.002705574
0.002212763
0.002176046
0.002407789
0.012858152
0.002206564
0.002685547
0.002388239
0.012512684
0.002198458
0.013597488
0.002301216
0.013522387
0.002207041
0.002231121
0.002360344
0.002580643
0.002438068
0.002611160
