0.000341654
0.000396729
0.000392675
0.000349045
0.000333786
0.000401258
0.000355244
0.000377893
0.000402689
0.000348330
0.000381947
0.000383377
0.000365257
0.000337362
0.000374079
0.000366211
0.000371933
0.000374794
0.000369072
0.000341177
0.000377893
0.000346661
0.000367403
0.000380516
0.000364065
0.000456333
0.000373840
0.000327587
0.000392199
0.000425816
0.000389099
0.000335932
0.000394344
0.000336170
0.000348091
0.000401020
0.000398636
0.000407696
0.000371933
0.000341415
0.000350237
0.000396013
0.000399590
0.000391722
0.000366449
0.000366449
0.000363350
0.000386477
0.000407219
0.000331640
0.000435352
0.000437021
0.000323534
0.000402927
0.000342607
0.000368118
0.000377893
0.000362158
0.000395536
0.000503540
0.000373125
0.000389576
0.000425816
0.000334024
0.000364304
0.000449181
0.000360727
0.000404835
0.000433922
0.000353575
0.000331879
0.000375271
0.000392437
0.000397205
0.000441790
0.000392437
0.000392437
0.000430107
0.000392199
0.000345230
0.000425100
0.000332594
0.000341654
0.000430584
0.000409603
0.000398397
0.000426531
0.000359058
0.000389099
0.000380754
0.000392675
0.000397444
0.000425100
0.000331879
0.000390768
0.000414133
0.000399590
0.000358820
0.000419140
0.000397921
