0.000264645
0.000285387
0.000253916
0.000300646
0.000300407
0.000310659
0.000327587
0.000307083
0.000296354
0.000291109
0.000288486
0.000309944
0.000312567
0.000293732
0.000286341
0.000288963
0.000340462
0.000324249
0.000308990
0.000308275
0.000323772
0.000302076
0.000290632
0.000288486
0.000309229
0.000310183
0.000357866
0.000257492
0.000269413
0.000317335
0.000291586
0.000298023
0.000283241
0.000306845
0.000319719
0.000290632
0.000284433
0.000378370
0.000332117
0.000290394
0.000285149
0.000283957
0.000269175
0.000270844
0.000264883
0.000289679
0.000240803
0.000356674
0.000279188
0.000264406
0.000255585
0.000236988
0.000374317
0.000244617
0.000234604
0.000248909
0.000225782
0.000225782
0.000247240
0.000229359
0.000201464
0.000205278
0.000222445
0.000239372
0.000283718
0.000280142
0.000297546
0.000305414
0.000260115
0.000329494
0.000264883
0.000273943
0.000232458
0.000285387
0.000301838
0.000282288
0.000286579
0.000318766
0.000329018
0.000297785
0.000262976
0.000286818
0.000360966
0.000486374
0.000220299
0.000178099
0.000416040
0.000236273
0.000219584
0.000150681
0.000203848
0.000259876
0.000247240
0.000264406
0.000204802
0.000223160
0.000212431
0.000207186
0.000209808
0.000346899
