0.005178213
0.004832029
0.004354239
0.004083157
0.004522800
0.004170656
0.003996372
0.004018784
0.004197121
0.004543304
0.003781319
0.014467955
0.004334450
0.003900766
0.003918648
0.003448009
0.016623497
0.013676167
0.005046368
0.004094362
0.003823519
0.005228758
0.004650593
0.004320621
0.004386425
0.004627943
0.005187511
0.004189730
0.003938437
0.004330158
0.013707876
0.004598618
0.003903627
0.004270792
0.004290104
0.004635334
0.004263639
0.004169703
0.004078627
0.004879951
0.005084276
0.004560232
0.004367828
0.005136251
0.004647970
0.004373550
0.004073858
0.004800320
0.004050732
0.004939079
0.004223585
0.004851103
0.004619598
0.004889727
0.004359484
0.004522085
0.004380941
0.004695654
0.004314899
0.004806042
0.004270077
0.004427195
0.004441500
0.004642248
0.004522085
0.004210949
0.004484892
0.004211664
0.004412889
0.012115955
0.004791021
0.004575968
0.004033327
0.012945175
0.005634308
0.004613638
0.004183054
0.004578590
0.004674196
0.005661726
0.003730774
0.004437923
0.004087687
0.005267382
0.004216909
0.004511595
0.004206181
0.003949881
0.004151821
0.004527092
0.004440308
0.005097151
0.004101515
0.013078928
0.004173279
0.012939453
0.005057812
0.004471302
0.003675938
0.004455090
