0.000259161
0.000283718
0.000317574
0.000319004
0.000285625
0.000285864
0.000338078
0.000320435
0.000297785
0.000306606
0.000285864
0.000288248
0.000318050
0.000276089
0.000294447
0.000288486
0.000324488
0.000295401
0.000307322
0.000406265
0.000308514
0.000296116
0.000316858
0.000322342
0.000313520
0.000324011
0.000273705
0.000294447
0.000296831
0.000308990
0.000295401
0.000296354
0.000299215
0.000313282
0.000295162
0.000284910
0.000355482
0.000313282
0.000343800
0.000268936
0.000306845
0.000278473
0.000285625
0.000292063
0.000302553
0.000296354
0.000285625
0.000298977
0.000313759
0.000293255
0.000290394
0.000296593
0.000258684
0.000333548
0.000318050
0.000312090
0.000327587
0.000316143
0.000296354
0.000312090
0.000307560
0.000324249
0.000326633
0.000284433
0.000332117
0.000309944
0.000296831
0.000318289
0.000295401
0.000299692
0.000319242
0.000286341
0.000265360
0.000248432
0.000303984
0.000315905
0.000318050
0.000323296
0.000328064
0.000440359
0.000306606
0.000322819
0.000367880
0.000275612
0.000279427
0.000308990
0.000298977
0.000296116
0.000313282
0.000318289
0.000340223
0.000308752
0.000328302
0.000297546
0.000324249
0.000274658
0.000295401
0.000283718
0.000297070
0.000308752
