0.000797033
0.000692368
0.000793219
0.000793695
0.000733137
0.000783682
0.000817776
0.000797033
0.000792027
0.000799656
0.000780821
0.000786066
0.000765085
0.000762224
0.000786066
0.000835180
0.000746727
0.000787258
0.000782728
0.000802279
0.000739098
0.000816107
0.000795126
0.000771761
0.000669479
0.000784159
0.000746489
0.000818491
0.000740051
0.000712156
0.000751019
0.000775099
0.000762463
0.000817299
0.000785112
0.000761986
0.000772953
0.000789404
0.000833035
0.000774384
0.000743151
0.000790119
0.000775576
0.000770092
0.000755548
0.000780582
0.000709534
0.000724077
0.000742197
0.000777960
0.000762701
0.000764370
0.000758410
0.000772238
0.000763655
0.000774384
0.000750780
0.000779629
0.000760794
0.000761271
0.000744820
0.000777483
0.000771523
0.000768423
0.000735283
0.000769854
0.000762463
0.000782967
0.000748396
0.000741005
0.000771284
0.000758886
0.000734806
0.000795841
0.000762701
0.000771761
0.000741959
0.000773430
0.000737906
0.000754595
0.000756025
0.000775099
0.000767708
0.000777721
0.000733376
0.000806093
0.000779152
0.000741482
0.000684261
0.000719547
0.000745058
0.000795841
0.000755548
0.000785828
0.000712395
0.000775814
0.000761986
0.000777483
0.000752926
0.000778437
