0.000291824
0.000256300
0.000284433
0.000276089
0.000252008
0.000199080
0.000281811
0.000268698
0.000294685
0.000308037
0.000277519
0.000279188
0.000241041
0.000293016
0.000278711
0.000276804
0.000292301
0.000278473
0.000258923
0.000294209
0.000292063
0.000282764
0.000291824
0.000231981
0.000293493
0.000234365
0.000288010
0.000293732
0.000279188
0.000293970
0.000246048
0.000296116
0.000245333
0.000249147
0.000227690
0.000249386
0.000255823
0.000280857
0.000293255
0.000266790
0.000278473
0.000277281
0.000252485
0.000274181
0.000204563
0.000288248
0.000300646
0.000297070
0.000257015
0.000254631
0.000245810
0.000276327
0.000249386
0.000281572
0.000270844
0.000271797
0.000263929
0.000271559
0.000254869
0.000349522
0.000246048
0.000276566
0.000285864
0.000266790
0.000278234
0.000275850
0.000277758
0.000239134
0.000243425
0.000257492
0.000251293
0.000276327
0.000241280
0.000276566
0.000258446
0.000276804
0.000241756
0.000272274
0.000243902
0.000271320
0.000269651
0.000254154
0.000224113
0.000258684
0.000269651
0.000249386
0.000218153
0.000298977
0.000291109
0.000270128
0.000275850
0.000274658
0.000217676
0.000260353
0.000276089
0.000248671
0.000285625
0.000295162
0.000243187
0.000290632
