0.000395536
0.000320911
0.000394821
0.000358582
0.000323296
0.000395060
0.000365973
0.000386238
0.000411510
0.000369072
0.000428915
0.000407457
0.000392437
0.000360250
0.000380516
0.000437021
0.000362873
0.000429153
0.000357151
0.000387192
0.000401258
0.000358343
0.000376940
0.000389099
0.000359058
0.000369310
0.000389338
0.000403881
0.000392675
0.000392437
0.000400782
0.000357151
0.000449419
0.000359535
0.000392675
0.000478268
0.000269175
0.000319004
0.000395060
0.000395536
0.000390768
0.000441074
0.000378132
0.000360489
0.000398636
0.000356913
0.000358105
0.000378370
0.000390053
0.000394583
0.000351191
0.000328541
0.000382423
0.000415564
0.000353813
0.000400543
0.000394583
0.000391006
0.000370979
0.000461102
0.000334024
0.000295401
0.000425339
0.000357866
0.000392199
0.000423431
0.000358343
0.000365496
0.000384569
0.000395060
0.000365973
0.000438213
0.000354528
0.000360012
0.000401020
0.000381231
0.000356197
0.000373840
0.000370502
0.000376463
0.000428915
0.000350475
0.000379801
0.000412226
0.000369549
0.000391722
0.000411987
0.000386953
0.000342607
0.000400305
0.000357389
0.000354052
0.000394106
0.000356674
0.000385046
0.000415087
0.000383377
0.000354052
0.000411510
0.000367403
