0.000269175
0.000263214
0.000264645
0.000270605
0.000229836
0.000287771
0.000270844
0.000274420
0.000271082
0.000252008
0.000276566
0.000255346
0.000292540
0.000314951
0.000279903
0.000293970
0.000276804
0.000294924
0.000289679
0.000239849
0.000300884
0.000248432
0.000284433
0.000291586
0.000335455
0.000295401
0.000257969
0.000221491
0.000216246
0.000293016
0.000271320
0.000268221
0.000288010
0.000284433
0.000292301
0.000293016
0.000294447
0.000260353
0.000253439
0.000240088
0.000291586
0.000278473
0.000247955
0.000246763
0.000243425
0.000274658
0.000246525
0.000293255
0.000274897
0.000293493
0.000211239
0.000289917
0.000288010
0.000185966
0.000295639
0.000295877
0.000233889
0.000260115
0.000260830
0.000263214
0.000291109
0.000273466
0.000259399
0.000263929
0.000239849
0.000293970
0.000276566
0.000297785
0.000225782
0.000254869
0.000215530
0.000293970
0.000309467
0.000295401
0.000276804
0.000235796
0.000291586
0.000241756
0.000277281
0.000295877
0.000271797
0.000292778
0.000259638
0.000258684
0.000216961
0.000232697
0.000277519
0.000269651
0.000289917
0.000208139
0.000251293
0.000234604
0.000252962
0.000294685
0.000252962
0.000274658
0.000283480
0.000283241
0.000279188
0.000286102
