0.000301600
0.000273466
0.000314713
0.000293255
0.000267267
0.000316143
0.000296831
0.000288725
0.000285864
0.000305653
0.000267744
0.000297070
0.000293970
0.000329494
0.000294447
0.000335455
0.000300407
0.000288248
0.000290394
0.000314236
0.000336170
0.000261307
0.000264645
0.000313282
0.000265837
0.000269890
0.000298738
0.000346184
0.000263453
0.000300169
0.000273705
0.000233173
0.000343084
0.000284672
0.000324249
0.000283241
0.000270128
0.000275373
0.000277042
0.000314236
0.000277042
0.000318289
0.000295162
0.000323772
0.000326633
0.000288010
0.000260115
0.000286818
0.000287533
0.000303984
0.000325203
0.000271320
0.000322819
0.000319242
0.000307083
0.000296116
0.000261307
0.000299692
0.000236273
0.000332832
0.000268698
0.000293732
0.000331879
0.000272989
0.000298738
0.000265598
0.000320911
0.000294685
0.000292778
0.000292540
0.000294924
0.000288725
0.000311375
0.000293732
0.000293970
0.000282049
0.000326872
0.000292540
0.000315905
0.000299454
0.000298977
0.000272512
0.000320673
0.000338793
0.000328541
0.000279665
0.000315189
0.000318050
0.000320196
0.000293732
0.000261307
0.000293493
0.000364065
0.000295401
0.000292540
0.000292301
0.000319719
0.000267267
0.000281096
0.000311613
