0.000658035
0.000601053
0.000521660
0.000501633
0.000550270
0.000626326
0.000562429
0.000638008
0.000562668
0.000579357
0.000560045
0.000598431
0.000560284
0.000621080
0.000606298
0.000642776
0.000552893
0.000620842
0.000584602
0.000624180
0.000617027
0.000586033
0.000588894
0.000636339
0.000521660
0.000606298
0.000545502
0.000508308
0.000564098
0.000601053
0.000595331
0.000571251
0.000525951
0.000611782
0.000566244
0.000631094
0.000585556
0.000636816
0.000520945
0.000632763
0.000512838
0.000583172
0.000526905
0.000621557
0.000609636
0.000618696
0.000589132
0.000634909
0.000564814
0.000652313
0.000461340
0.000605106
0.000569820
0.000614166
0.000429869
0.000627041
0.000589371
0.000592232
0.000559330
0.000603437
0.000504732
0.000617981
0.000558376
0.000520945
0.000597239
0.000616789
0.000611305
0.000617266
0.000585794
0.000609159
0.000502825
0.000619650
0.000575781
0.000621796
0.000587702
0.000620127
0.000571489
0.000637770
0.000607491
0.000626802
0.000557184
0.000622272
0.000582457
0.000607014
0.000488758
0.000580788
0.000547886
0.000641584
0.000594854
0.000620127
0.000593901
0.000621796
0.000558615
0.000638485
0.000577688
0.000633717
0.000589609
0.000632286
0.000549078
0.000745773
