0.002468586
0.002422094
0.002427816
0.002271891
0.013476610
0.012686253
0.002467632
0.002176046
0.002453566
0.002310991
0.002428293
0.002117157
0.002911091
0.002360344
0.002364159
0.002316952
0.002284050
0.002287388
0.002337694
0.004972696
0.002300262
0.002450466
0.002257347
0.002284288
0.002207279
0.002307653
0.002300262
0.002446175
0.002237797
0.002285719
0.002422094
0.002305984
0.002378464
0.002306223
0.002285242
0.002357721
0.002295017
0.002319098
0.002306700
0.002222300
0.002382278
0.002289057
0.002241850
0.002394676
0.002329826
0.002322912
0.002339840
0.002369642
0.002367496
0.002245426
0.002271891
0.002314091
0.002298355
0.002162457
0.002472878
0.002304077
0.002381325
0.002278328
0.002258539
0.002294302
0.002298594
0.002304077
0.002325058
0.002365828
0.002287149
0.002196074
0.002262115
0.002512217
0.002427578
0.002235651
0.002427816
0.002377033
0.002286434
0.002330303
0.002384901
0.002354860
0.002336979
0.002309084
0.002364159
0.002356768
0.002301693
0.002257586
0.002358198
0.002271891
0.002527475
0.002246380
0.002303839
0.002281904
0.002317905
0.002331495
0.002397776
0.002346754
0.002338886
0.002431393
0.002357006
0.002276421
0.002252579
0.002350092
0.002300024
0.002349138
