0.000274181
0.000259638
0.000240326
0.000243664
0.000279903
0.000254154
0.000245810
0.000275135
0.000276089
0.000265121
0.000233412
0.000296593
0.000246763
0.000297308
0.000255585
0.000281096
0.000243187
0.000256300
0.000292063
0.000286818
0.000269413
0.000299215
0.000300646
0.000299692
0.000300169
0.000308752
0.000343084
0.000252008
0.000300169
0.000318527
0.000310421
0.000316143
0.000335217
0.000308514
0.000319719
0.000308275
0.000307322
0.000283718
0.000340700
0.000315666
0.000339985
0.000284672
0.000315189
0.000307322
0.000310421
0.000269651
0.000335217
0.000294209
0.000285149
0.000450373
0.000312567
0.000308752
0.000329971
0.000299692
0.000318766
0.000332832
0.000328302
0.000319719
0.000294924
0.000262976
0.000279903
0.000317812
0.000288486
0.000307322
0.000279903
0.000251770
0.000297546
0.000288248
0.000316620
0.000299215
0.000319481
0.000288010
0.000317335
0.000277996
0.000300169
0.000320673
0.000230312
0.000295639
0.000260353
0.000421524
0.000312090
0.000298023
0.000257492
0.000314951
0.000322104
0.000228643
0.000245571
0.000319958
0.000252008
0.000279188
0.000248671
0.000287056
0.000253439
0.000312567
0.000308752
0.000283241
0.000308037
0.000320196
0.000319958
0.000286341
