0.000268698
0.000315189
0.000291824
0.000347376
0.000256777
0.000280380
0.000329018
0.000328779
0.000329256
0.000338316
0.000340223
0.000335455
0.000331402
0.000375748
0.000298500
0.000355959
0.000284433
0.000352859
0.000361919
0.000317335
0.000326395
0.000321388
0.000359774
0.000378847
0.000296831
0.000299454
0.000359774
0.000359535
0.000340462
0.000337601
0.000335455
0.000336885
0.000328779
0.000339031
0.000333071
0.000340700
0.000335932
0.000359535
0.000343323
0.000308990
0.000401020
0.000361204
0.000359058
0.000393391
0.000366688
0.000358105
0.000360727
0.000321627
0.000291348
0.000340939
0.000308037
0.000354528
0.000360012
0.000399828
0.000315428
0.000360727
0.000358105
0.000331640
0.000392914
0.000432491
0.000295877
0.000326395
0.000252724
0.000389576
0.000340223
0.000359535
0.000360727
0.000360727
0.000328779
0.000272036
0.000356674
0.000358343
0.000328541
0.000371695
0.000324726
0.000354528
0.000333786
0.000310421
0.000420332
0.000337601
0.000356674
0.000353336
0.000273466
0.000368834
0.000357389
0.000334740
0.000305891
0.000357389
0.000417709
0.000313044
0.000336409
0.000345945
0.000362396
0.000354767
0.000326872
0.000356913
0.000357628
0.000360012
0.000356436
0.000322104
