0.013624191
0.004200935
0.003894567
0.003862619
0.004231691
0.004227638
0.004129410
0.003991604
0.004193783
0.004271269
0.013537645
0.004276276
0.004065275
0.004163027
0.004229784
0.004281282
0.004181862
0.004178524
0.004321337
0.004200220
0.004246712
0.004227877
0.004175186
0.004278660
0.004282236
0.004326105
0.004202366
0.004251719
0.004243135
0.004359484
0.004405975
0.004240990
0.004198790
0.004198313
0.004203558
0.004192829
0.004284143
0.004235744
0.004445076
0.004215002
0.004295349
0.004285812
0.004224300
0.013436079
0.004225731
0.004251957
0.004143000
0.004111290
0.004322529
0.004280567
0.004162312
0.004094839
0.004304886
0.004283667
0.004266024
0.013924837
0.004126072
0.004193544
0.004343510
0.004063606
0.004219532
0.004049063
0.004361629
0.004186153
0.004234791
0.004208803
0.004215479
0.004220724
0.004240513
0.004164696
0.004261017
0.004197121
0.004224539
0.004120350
0.004197359
0.004190922
0.004206419
0.013800144
0.004350662
0.004130602
0.004144430
0.004317522
0.004320383
0.004253149
0.004252911
0.004202127
0.004210711
0.004301786
0.004308462
0.004235744
0.004167080
0.004360914
0.004301548
0.004225492
0.004194260
0.004272223
0.004281759
0.004082918
0.004414558
0.004260778
