0.001436710
0.001410007
0.001544714
0.001382113
0.001418591
0.001474142
0.001550913
0.001562119
0.001650095
0.001615047
0.001529455
0.001505136
0.001554251
0.001592636
0.001574039
0.001475573
0.001564741
0.001599312
0.001594543
0.001446962
0.001626730
0.001505136
0.001613617
0.001432896
0.001632929
0.001498222
0.001583815
0.001584053
0.001451731
0.001542330
0.001330137
0.001626015
0.001427174
0.001420975
0.001471758
0.001645088
0.001630545
0.001568794
0.001412868
0.001628399
0.001465321
0.001549959
0.001515627
0.001538038
0.001547813
0.001665115
0.001398325
0.001635313
0.001618624
0.001612663
0.001387358
0.001340151
0.001555443
0.001588583
0.001474857
0.001486778
0.001576424
0.001646996
0.001516342
0.001587152
0.001556396
0.001628876
0.001411200
0.001405954
0.001484394
0.001649380
0.001473188
0.001508474
0.001511574
0.001481533
0.001532078
0.001563072
0.001598835
0.001386881
0.001422405
0.001504898
0.001502752
0.001488686
0.001547337
0.001516104
0.001506329
0.001533508
0.001471758
0.001498461
0.001556396
0.001616716
0.001366615
0.001396894
0.001467466
0.001361132
0.001541138
0.001666546
0.001568317
0.001626492
0.001521587
0.001477718
0.001584291
0.001644373
0.001476765
0.001652956
