0.016462564
0.008453369
0.008494377
0.008440256
0.008569717
0.016516209
0.008417845
0.008484125
0.017675400
0.008443832
0.008060932
0.008399725
0.008418083
0.008429766
0.008238554
0.008432388
0.008160591
0.008472443
0.008515596
0.008512735
0.015166283
0.008354664
0.008412600
0.008190393
0.008310556
0.008326054
0.008179426
0.008404732
0.008239746
0.008413076
0.008177280
0.008438826
0.008337021
0.017406225
0.008332729
0.008396626
0.008204460
0.008224487
0.008221149
0.008282661
0.008196354
0.017529011
0.008234501
0.008407116
0.015683413
0.008477688
0.008208036
0.008667231
0.008160830
0.008375645
0.008441687
0.008104801
0.008411884
0.008188486
0.008477211
0.008291006
0.008339882
0.008296728
0.015066862
0.008400679
0.008677959
0.008569002
0.008543968
0.008730888
0.008806944
0.008738279
0.008637190
0.017304897
0.008642435
0.016684532
0.008660316
0.017111063
0.008876324
0.008613348
0.008449554
0.008744001
0.008527517
0.016926765
0.008713007
0.008416414
0.015648127
0.008359671
0.006973505
0.008456945
0.008229733
0.008436918
0.008125067
0.008420229
0.015594482
0.017308474
0.008735418
0.008453846
0.008447886
0.008695602
0.008776188
0.017346621
0.015165091
0.008650064
0.008589268
0.008875132
