0.000291824
0.000310659
0.000343084
0.000306606
0.000269175
0.000345469
0.000320196
0.000270605
0.000330448
0.000309944
0.000293732
0.000315189
0.000287771
0.000318527
0.000311375
0.000323057
0.000316620
0.000317812
0.000296593
0.000313997
0.000318289
0.000315428
0.000277996
0.000319242
0.000315666
0.000288486
0.000288963
0.000345469
0.000348806
0.000275612
0.000272274
0.000300407
0.000355482
0.000324726
0.000325680
0.000325918
0.000324965
0.000316620
0.000301838
0.000247240
0.000327826
0.000359058
0.000350475
0.000296116
0.000285625
0.000304937
0.000278950
0.000239849
0.000288248
0.000326633
0.000384331
0.000316858
0.000300884
0.000300884
0.000317335
0.000324726
0.000263214
0.000299215
0.000334024
0.000437737
0.000297070
0.000292778
0.000327826
0.000315428
0.000328779
0.000343323
0.000253677
0.000288486
0.000345469
0.000288486
0.000315189
0.000313759
0.000319481
0.000319719
0.000300169
0.000326157
0.000365496
0.000314474
0.000274658
0.000256777
0.000345945
0.000292778
0.000303984
0.000326157
0.000314474
0.000377178
0.000334263
0.000296593
0.000273705
0.000265360
0.000270367
0.000267982
0.000314951
0.000327587
0.000300169
0.000332355
0.000301600
0.000298977
0.000327349
0.000295877
