0.062434435
0.012623310
0.000250340
0.000197172
0.000257969
0.000237703
0.000227928
0.000247955
0.000234604
0.000183105
0.000199080
0.000239372
0.000215530
0.000198364
0.000206232
0.000207663
0.000257730
0.000330210
0.000204325
0.000228405
0.000217676
0.000197411
0.000243425
0.000182867
0.000226498
0.000133276
0.000297785
0.000194073
0.000153303
0.000149012
0.000165701
0.000160456
0.000194311
0.000149012
0.000166893
0.000259161
0.000270128
0.000278473
0.000283480
0.000248432
0.000248671
0.000239849
0.000205517
0.000148296
0.000215292
0.000165939
0.000235558
0.000248909
0.000146389
0.000156403
0.000180006
0.000158787
0.000244141
0.000131845
0.000155926
0.000249624
0.000146389
0.000138283
0.000215769
0.000282526
0.000137806
0.000151634
0.000144243
0.000147343
0.000155687
0.000185966
0.000148773
0.000164986
0.000182867
0.000125408
0.000156164
0.000198841
0.000191450
0.000146627
0.000184298
0.000193596
0.000147581
0.000166655
0.000279427
0.000166655
0.000150681
0.000284672
0.000170469
0.000154972
0.000211239
0.000175714
0.000164747
0.000159740
0.000124693
0.000282526
0.000171423
0.000163794
0.000130177
0.000225067
0.000468969
0.000450850
0.000188351
0.000165224
0.000214815
0.000171661
