0.000957251
0.001024723
0.000958443
0.000839472
0.000901699
0.001075745
0.000981569
0.000931263
0.001017094
0.001026154
0.001025677
0.000982046
0.001006603
0.000997066
0.001020670
0.000978708
0.000975609
0.001026869
0.001024961
0.000979185
0.000969887
0.000948429
0.000949860
0.000976562
0.001031876
0.001005173
0.000999689
0.000926495
0.000969648
0.001008511
0.000932932
0.000978231
0.001045465
0.001003504
0.000948191
0.001043797
0.001022100
0.001053572
0.000914335
0.000993729
0.000929832
0.000901699
0.001004457
0.000996351
0.001017570
0.001033783
0.001045465
0.000988245
0.000986576
0.000876427
0.000880480
0.000880957
0.000888348
0.000995159
0.000937462
0.001018524
0.000991583
0.000995636
0.000945091
0.000991821
0.000847101
0.000953197
0.000973701
0.001028299
0.000948668
0.000961781
0.000906706
0.000999928
0.000875235
0.001009226
0.001077652
0.001039505
0.000895262
0.000937939
0.000930071
0.000921726
0.001059055
0.001051426
0.000929117
0.001042843
0.000946045
0.001058578
0.000914097
0.000987768
0.000887871
0.000987530
0.000889778
0.000993490
0.001063824
0.001036882
0.000865221
0.000946283
0.000959873
0.000974894
0.000977755
0.001030922
0.000880718
0.000858307
0.000954866
0.001093388
