0.000413418
0.000402927
0.000399828
0.000526905
0.000425816
0.000431538
0.000420332
0.000409603
0.000425100
0.000424385
0.000430822
0.000407219
0.000402451
0.000401735
0.000457764
0.000402451
0.000419140
0.000405312
0.000428438
0.000422716
0.000427246
0.000418186
0.000435114
0.000403404
0.000375748
0.000422478
0.000401020
0.000401258
0.000427961
0.000422001
0.000401735
0.000409842
0.000419617
0.000403404
0.000423908
0.000401735
0.000425577
0.000437021
0.000427723
0.000422716
0.000417709
0.000416040
0.000420809
0.000420332
0.000423908
0.000424385
0.000425577
0.000425577
0.000417709
0.000403643
0.000425339
0.000432014
0.000405073
0.000446796
0.000421762
0.000444651
0.000404358
0.000512600
0.000402212
0.000410318
0.000421286
0.000409365
0.000419378
0.000427485
0.000404119
0.000449419
0.000418425
0.000460625
0.000421762
0.000462055
0.000420570
0.000455379
0.000421524
0.000463009
0.000420570
0.000445127
0.000421286
0.000429869
0.000420570
0.000463724
0.000421762
0.000461102
0.000421047
0.000463724
0.000420570
0.000443935
0.000403881
0.000445127
0.000422001
0.000511885
0.000420570
0.000431776
0.000418425
0.000429630
0.000421762
0.000430346
0.000419378
0.000447750
0.000401974
0.000478506
