0.011201143
0.000904560
0.000967503
0.000969887
0.000972271
0.000953913
0.000956535
0.000952959
0.000965357
0.000970125
0.000957966
0.000954866
0.000903606
0.000954151
0.000967264
0.000965357
0.000967026
0.000957489
0.000959635
0.000962973
0.000959873
0.001000881
0.000962734
0.000952721
0.000956774
0.000945091
0.000994682
0.000974655
0.000961065
0.000956059
0.000956774
0.000959396
0.000977755
0.000964403
0.000963688
0.000967026
0.000959396
0.000956774
0.000999451
0.000948191
0.000988483
0.000972271
0.000955343
0.000961542
0.000955343
0.000948668
0.000966072
0.000959158
0.000951767
0.000951767
0.000959396
0.000976562
0.000951767
0.000958204
0.000944614
0.000945568
0.000959635
0.000962257
0.000950813
0.001035452
0.000951052
0.000963688
0.000964165
0.000947237
0.000950336
0.000955820
0.000957012
0.000957251
0.000950575
0.000949383
0.000950098
0.000959396
0.000944138
0.000957489
0.000950813
0.000957012
0.000967264
0.000967503
0.000957966
0.000954866
0.000870228
0.000966072
0.000951052
0.000967264
0.000951052
0.000961781
0.000964403
0.000957966
0.000950336
0.000951529
0.000957966
0.000969887
0.000958920
0.000954866
0.000954628
0.000993967
0.000961542
0.000952482
0.001036882
0.001007318
