0.000231028
0.000256538
0.000252008
0.000178099
0.000176430
0.000234365
0.000221729
0.000239134
0.000219822
0.000238180
0.000255346
0.000221968
0.000518560
0.000184774
0.000254869
0.000236273
0.000224590
0.000236750
0.000256062
0.000238419
0.000224113
0.000237465
0.000223160
0.000236988
0.000254154
0.000235558
0.000253916
0.000235796
0.000221014
0.000238895
0.000222683
0.000180483
0.000236273
0.000253201
0.000253439
0.000235796
0.000236034
0.000253677
0.000256062
0.000221968
0.000234127
0.000234842
0.000220537
0.000236988
0.000259161
0.000256538
0.000236511
0.000237226
0.000254869
0.000226736
0.000221252
0.000235558
0.000235558
0.000236273
0.000237703
0.000236034
0.000237942
0.000236750
0.000238895
0.000271082
0.000238180
0.000234365
0.000233650
0.000262737
0.000236750
0.000235319
0.000234842
0.000236034
0.000256062
0.000220776
0.000241041
0.000252008
0.000224113
0.000263214
0.000233412
0.000236511
0.000234842
0.000235319
0.000251770
0.000236511
0.000252485
0.000225067
0.000236511
0.000261784
0.000236034
0.000247955
0.000236034
0.000222683
0.000252008
0.000236750
0.000235796
0.000235319
0.000236511
0.000235558
0.000241518
0.000236750
0.000235081
0.000259161
0.000251293
0.000246525
