0.000240088
0.000238895
0.000190735
0.000185728
0.000238657
0.000217915
0.000224352
0.000252485
0.000225067
0.000237465
0.000237465
0.000237465
0.000182152
0.000241756
0.000257492
0.000236034
0.000279903
0.000237226
0.000240564
0.000239611
0.000238180
0.000177622
0.000254154
0.000226021
0.000314236
0.000224590
0.000237465
0.000267744
0.000253677
0.000247955
0.000239134
0.000252962
0.000239134
0.000292540
0.000257254
0.000238180
0.000235319
0.000237226
0.000254393
0.000238419
0.000246048
0.000259399
0.000253916
0.000237942
0.000239611
0.000238419
0.000238895
0.000236750
0.000263691
0.000237703
0.000267982
0.000254631
0.000237226
0.000241518
0.000237465
0.000251770
0.000237703
0.000238419
0.000236750
0.000222445
0.000193596
0.000225067
0.000249863
0.000253916
0.000237226
0.000239611
0.000237226
0.000292540
0.000240326
0.000237703
0.000182867
0.000237465
0.000247478
0.000226259
0.000237465
0.000227690
0.000239849
0.000236511
0.000236511
0.000238657
0.000222683
0.000236988
0.000236988
0.000236750
0.000266314
0.000237465
0.000252962
0.000262260
0.000237942
0.000207186
0.000239134
0.000224352
0.000226498
0.000238419
0.000242233
0.000224113
0.000177383
0.000256062
0.000236988
0.000242472
