0.064321280
0.014256954
0.000175953
0.000202179
0.000236273
0.000197172
0.000236273
0.000209808
0.000239372
0.000294924
0.000243187
0.000238419
0.000180483
0.000175953
0.000254393
0.000236988
0.000235796
0.000238657
0.000282526
0.000236988
0.000284910
0.000231504
0.000185728
0.000182629
0.000266075
0.000127792
0.000111341
0.000124693
0.000134230
0.000126839
0.000116587
0.000122547
0.000156879
0.000161171
0.000253677
0.000235558
0.000197649
0.000238895
0.000215769
0.000236988
0.000231743
0.000280857
0.000252962
0.000224829
0.000221014
0.000225544
0.000253201
0.000247240
0.000240326
0.000221491
0.000241280
0.000208616
0.000248671
0.000225306
0.000253677
0.000235558
0.000236273
0.000222683
0.000234604
0.000262260
0.000184298
0.000236034
0.000233412
0.000235319
0.000458717
0.000236511
0.000235081
0.000241518
0.000237703
0.000257492
0.000257254
0.000235796
0.000234127
0.000254154
0.000235081
0.000236273
0.000402927
0.000186920
0.000232458
0.000252247
0.000223875
0.000283003
0.000234127
0.000236273
0.000219822
0.000234365
0.000245094
0.000265837
0.000241518
0.000236511
0.000239134
0.000234365
0.000247478
0.000235558
0.000234842
0.000224352
0.000260353
0.000200510
0.000237942
0.000228643
