0.000320196
0.000316381
0.000232220
0.000276566
0.000276566
0.000316858
0.000272274
0.000313520
0.000282526
0.000313044
0.000273943
0.000314713
0.000272274
0.000344276
0.000275850
0.000326157
0.000286818
0.000314951
0.000283480
0.000315666
0.000273705
0.000314236
0.000358343
0.000315428
0.000371218
0.000313282
0.000274658
0.000317335
0.000275612
0.000313997
0.000274181
0.000315428
0.000283718
0.000326157
0.000275135
0.000318766
0.000300884
0.000313997
0.000275612
0.000313759
0.000272751
0.000312567
0.000274658
0.000316620
0.000272512
0.000316620
0.000272274
0.000322342
0.000272751
0.000315428
0.000287771
0.000320911
0.000276804
0.000317335
0.000263691
0.000314236
0.000272512
0.000316381
0.000275135
0.000322104
0.000272512
0.000315189
0.000277042
0.000313282
0.000277758
0.000313997
0.000274181
0.000313759
0.000276566
0.000324965
0.000277519
0.000315189
0.000278234
0.000314951
0.000306845
0.000315428
0.000277996
0.000319004
0.000272512
0.000313997
0.000272989
0.000353336
0.000273466
0.000311613
0.000272989
0.000314474
0.000277758
0.000313759
0.000272512
0.000314951
0.000276089
0.000312328
0.000272512
0.000318766
0.000292540
0.000311375
0.000274420
0.000318050
0.000275373
0.000311613
