0.011821270
0.000514269
0.000635624
0.000617027
0.000607967
0.000614166
0.000608206
0.000626087
0.000661135
0.000621796
0.000679016
0.000606060
0.000733137
0.000603199
0.000575304
0.000612259
0.000606537
0.000603199
0.000628948
0.000602961
0.000608444
0.000602245
0.000606537
0.000639915
0.000589371
0.000607491
0.000607252
0.000612497
0.000602722
0.000629663
0.000626087
0.000602722
0.000604868
0.000609159
0.000605583
0.000605345
0.000684500
0.000602007
0.000606060
0.000604868
0.000601530
0.000627756
0.000602484
0.000602961
0.000598192
0.000605106
0.000632048
0.000601292
0.000604868
0.000606060
0.000609875
0.000617504
0.000602961
0.000609159
0.000623465
0.000619650
0.000605106
0.000603676
0.000649691
0.000614643
0.000607252
0.000663996
0.000627995
0.000607491
0.000674486
0.000625610
0.000612497
0.000645399
0.000606060
0.000609398
0.000641584
0.000605106
0.000636816
0.000604630
0.000619411
0.000605822
0.000633240
0.000648737
0.000601768
0.000620604
0.000605822
0.000605822
0.000655413
0.000603914
0.000633955
0.000609636
0.000615120
0.000635386
0.000608921
0.000608921
0.000611305
0.000604630
0.000611544
0.000608444
0.000623941
0.000607014
0.000604153
0.000629425
0.000653982
0.000668049
