0.000282049
0.000262022
0.000185013
0.000231028
0.000261784
0.000249624
0.000203609
0.000256777
0.000240088
0.000263453
0.000263453
0.000232458
0.000199795
0.000235558
0.000263214
0.000269651
0.000263453
0.000230551
0.000237465
0.000232697
0.000262260
0.000203133
0.000241756
0.000278950
0.000249147
0.000264645
0.000262737
0.000264645
0.000235081
0.000246525
0.000260592
0.000203371
0.000231743
0.000259638
0.000261545
0.000264645
0.000229597
0.000262976
0.000294447
0.000262737
0.000237226
0.000250101
0.000204563
0.000314713
0.000261784
0.000261545
0.000203133
0.000293970
0.000291586
0.000262499
0.000236034
0.000264168
0.000262737
0.000304222
0.000205278
0.000263453
0.000202656
0.000241518
0.000294685
0.000298977
0.000201941
0.000261068
0.000231028
0.000279427
0.000262737
0.000203609
0.000261307
0.000249863
0.000290155
0.000195980
0.000224113
0.000205755
0.000383854
0.000263214
0.000200748
0.000206709
0.000263691
0.000205278
0.000292540
0.000253439
0.000262260
0.000234604
0.000271320
0.000289679
0.000189304
0.000263214
0.000252247
0.000217199
0.000294924
0.000217438
0.000263929
0.000262976
0.000203371
0.000244617
0.000234842
0.000203371
0.000234127
0.000255823
0.000300646
0.000233650
