0.000252962
0.000176907
0.000180960
0.000182867
0.000235319
0.000253439
0.000235319
0.000236511
0.000236988
0.000264406
0.000253439
0.000246286
0.000235558
0.000223637
0.000223875
0.000238180
0.000235558
0.000187635
0.000239372
0.000254154
0.000236034
0.000210285
0.000244856
0.000238180
0.000236511
0.000264645
0.000241280
0.000235081
0.000243187
0.000225306
0.000227213
0.000236273
0.000235796
0.000267744
0.000249386
0.000256062
0.000226021
0.000236511
0.000238657
0.000236273
0.000219107
0.000234127
0.000237226
0.000268459
0.000231743
0.000237703
0.000237465
0.000235796
0.000235558
0.000249386
0.000241518
0.000235796
0.000235796
0.000208616
0.000226498
0.000233650
0.000237942
0.000238657
0.000235558
0.000277042
0.000236273
0.000235319
0.000238657
0.000237226
0.000236750
0.000236273
0.000235081
0.000236750
0.000238180
0.000239849
0.000236750
0.000237942
0.000237226
0.000224113
0.000236750
0.000188112
0.000267267
0.000238419
0.000256300
0.000236511
0.000236750
0.000257492
0.000223398
0.000240564
0.000239372
0.000236273
0.000239849
0.000235081
0.000187159
0.000235319
0.000235796
0.000222445
0.000225782
0.000172377
0.000235796
0.000225067
0.000248432
0.000237703
0.000241041
0.000240088
