0.000250101
0.000238895
0.000232458
0.000235796
0.000236273
0.000263453
0.000235558
0.000236750
0.000236511
0.000235081
0.000236511
0.000236511
0.000236273
0.000235558
0.000235319
0.000235081
0.000202894
0.000239134
0.000236273
0.000238180
0.000254393
0.000237465
0.000222206
0.000235081
0.000235796
0.000236034
0.000184774
0.000236750
0.000234365
0.000185490
0.000223160
0.000236988
0.000218630
0.000255346
0.000254393
0.000235319
0.000242472
0.000238895
0.000248194
0.000234604
0.000236511
0.000224113
0.000235081
0.000236988
0.000250816
0.000235081
0.000235319
0.000233650
0.000235319
0.000203609
0.000235319
0.000236511
0.000235796
0.000225067
0.000196457
0.000249863
0.000235558
0.000238895
0.000267029
0.000236750
0.000236511
0.000224829
0.000235558
0.000237226
0.000236034
0.000236750
0.000269175
0.000236273
0.000223160
0.000236273
0.000255346
0.000249863
0.000237226
0.000234604
0.000257492
0.000237226
0.000235558
0.000228167
0.000246763
0.000205040
0.000242949
0.000237942
0.000252962
0.000236988
0.000185728
0.000266552
0.000236511
0.000248909
0.000225544
0.000236034
0.000247955
0.000241041
0.000235558
0.000237465
0.000234842
0.000235796
0.000235558
0.000236988
0.000233412
0.000229120
