0.000270367
0.000221968
0.000193834
0.000255108
0.000209332
0.000289202
0.000244141
0.000264645
0.000255585
0.000257730
0.000257730
0.000256300
0.000239611
0.000255585
0.000271797
0.000254154
0.000242233
0.000241041
0.000241280
0.000228882
0.000257015
0.000256777
0.000256300
0.000273943
0.000235796
0.000254154
0.000210285
0.000261307
0.000255346
0.000256300
0.000241280
0.000255823
0.000268936
0.000241518
0.000256777
0.000228405
0.000203371
0.000226259
0.000269175
0.000241995
0.000281096
0.000259161
0.000256062
0.000241518
0.000261307
0.000240088
0.000255346
0.000257730
0.000256062
0.000227928
0.000233173
0.000252008
0.000242233
0.000240326
0.000256538
0.000231743
0.000185251
0.000256062
0.000236750
0.000292540
0.000240803
0.000260115
0.000248909
0.000228167
0.000260830
0.000257969
0.000247955
0.000254154
0.000292778
0.000241518
0.000261784
0.000252008
0.000243187
0.000263453
0.000263453
0.000250578
0.000270367
0.000257254
0.000231266
0.000264168
0.000259638
0.000240803
0.000259638
0.000257969
0.000256062
0.000273228
0.000258923
0.000256777
0.000257254
0.000209570
0.000261307
0.000243902
0.000260353
0.000254869
0.000290632
0.000241756
0.000242949
0.000241995
0.000258446
0.000265837
