0.000210524
0.000269413
0.000224113
0.000181913
0.000176430
0.000235796
0.000235558
0.000259161
0.000237703
0.000263453
0.000202417
0.000235558
0.000194788
0.000180483
0.000248909
0.000235558
0.000265598
0.000246286
0.000256062
0.000252008
0.000177860
0.000252724
0.000258207
0.000236750
0.000251532
0.000237465
0.000235796
0.000247240
0.000188351
0.000236273
0.000235319
0.000188112
0.000283957
0.000252008
0.000234604
0.000237226
0.000252962
0.000236273
0.000259876
0.000236273
0.000252724
0.000235558
0.000234365
0.000239611
0.000237703
0.000249624
0.000239849
0.000220299
0.000221252
0.000222683
0.000238180
0.000236988
0.000239372
0.000254869
0.000236750
0.000237465
0.000237465
0.000237465
0.000225067
0.000267029
0.000242949
0.000241995
0.000235796
0.000222445
0.000237465
0.000276566
0.000235796
0.000236273
0.000256300
0.000235796
0.000235796
0.000222921
0.000235558
0.000236511
0.000242710
0.000238419
0.000238895
0.000240564
0.000234127
0.000253201
0.000236511
0.000225306
0.000234365
0.000223160
0.000236988
0.000226021
0.000222683
0.000241756
0.000235319
0.000225544
0.000236511
0.000238657
0.000236988
0.000236988
0.000226498
0.000234604
0.000231028
0.000238419
0.000236034
0.000216484
