0.011924982
0.001512527
0.001645565
0.001630306
0.001643419
0.001678228
0.001622200
0.001638412
0.001643181
0.001671076
0.001713276
0.001682281
0.001695633
0.001660824
0.001659393
0.001645088
0.001633167
0.001652002
0.001640320
0.001634598
0.001624107
0.001630306
0.001642466
0.001655102
0.001681566
0.001680613
0.001747131
0.001647711
0.001649618
0.001661777
0.001633644
0.001670837
0.001636982
0.001683712
0.001628876
0.001725912
0.001616716
0.001652479
0.001612902
0.001698256
0.001636028
0.001685619
0.001622677
0.001672268
0.001756430
0.001645327
0.001626492
0.001660347
0.001611948
0.001664877
0.001636028
0.001693249
0.001645565
0.001668692
0.001668215
0.001655340
0.001631260
0.001691341
0.001618624
0.001758337
0.001615286
0.001665354
0.001647234
0.001681566
0.001618862
0.001657724
0.001595974
0.001695633
0.001626015
0.001659632
0.001636505
0.001663685
0.001621485
0.001698494
0.001608372
0.001648188
0.001603603
0.001696587
0.001632929
0.001729965
0.001649380
0.001668215
0.001631737
0.001689434
0.001628399
0.001680851
0.001620531
0.001649857
0.001627922
0.001665354
0.001640797
0.001648903
0.001652002
0.001676798
0.001616955
0.001645088
0.001611948
0.001670122
0.001619577
0.001791954
