0.000280380
0.000241995
0.000242949
0.000193596
0.000243187
0.000319481
0.000274420
0.000244617
0.000278473
0.000249863
0.000231743
0.000283718
0.000251055
0.000244617
0.000279188
0.000248671
0.000241756
0.000278473
0.000242949
0.000246048
0.000252247
0.000287771
0.000262260
0.000252247
0.000257969
0.000290155
0.000257015
0.000265598
0.000245094
0.000291348
0.000241756
0.000244379
0.000319719
0.000246525
0.000241995
0.000289202
0.000247717
0.000251055
0.000274181
0.000278950
0.000243664
0.000328064
0.000266790
0.000243425
0.000253677
0.000285387
0.000242233
0.000311375
0.000241041
0.000286579
0.000276566
0.000284433
0.000243187
0.000302076
0.000243664
0.000277042
0.000277281
0.000273466
0.000248432
0.000322819
0.000245094
0.000213385
0.000279903
0.000274897
0.000276327
0.000277758
0.000248194
0.000244856
0.000251055
0.000261307
0.000244379
0.000278473
0.000281096
0.000277281
0.000275612
0.000274897
0.000247478
0.000283957
0.000262022
0.000278234
0.000281572
0.000242710
0.000244856
0.000274658
0.000247478
0.000220537
0.000276089
0.000286341
0.000221014
0.000323534
0.000211954
0.000247002
0.000321388
0.000284433
0.000250340
0.000321865
0.000278711
0.000322580
0.000280380
0.000275135
