0.000466824
0.000235081
0.000226498
0.000234842
0.000238657
0.000248432
0.000237703
0.000236750
0.000250340
0.000237226
0.000250101
0.000251532
0.000238895
0.000236273
0.000247002
0.000237465
0.000262737
0.000259638
0.000236511
0.000237226
0.000240803
0.000240326
0.000238419
0.000248194
0.000255823
0.000237703
0.000200987
0.000251770
0.000237226
0.000236511
0.000235558
0.000211477
0.000264883
0.000250578
0.000236273
0.000236750
0.000256300
0.000248909
0.000236511
0.000256777
0.000252485
0.000254154
0.000236511
0.000250578
0.000253677
0.000225067
0.000235796
0.000264406
0.000248909
0.000255346
0.000249624
0.000199795
0.000241280
0.000239849
0.000266552
0.000331163
0.000250578
0.000262976
0.000199795
0.000240088
0.000235558
0.000235558
0.000234365
0.000250101
0.000227213
0.000236273
0.000237226
0.000299931
0.000303268
0.000228643
0.000303745
0.000298023
0.000313759
0.000283718
0.000303268
0.000300169
0.000301361
0.000270605
0.000311613
0.000227928
0.000312805
0.000304222
0.000238657
0.000265837
0.000236273
0.000272751
0.000324726
0.000246525
0.000274897
0.000273228
0.000303268
0.000252485
0.000272751
0.000276327
0.000245810
0.000281572
0.000304937
0.000276804
0.000304461
0.000259399
