0.011034489
0.001541138
0.001645327
0.001610518
0.001695871
0.001598597
0.001599550
0.001628876
0.001647949
0.001650572
0.001674652
0.001635551
0.001602650
0.001660109
0.001618385
0.001694441
0.001670361
0.001620054
0.001657486
0.001612186
0.001553059
0.001637220
0.001606703
0.001666784
0.001621246
0.001665115
0.001568079
0.001650810
0.001669168
0.001512289
0.001711607
0.001626015
0.001626968
0.001645565
0.001631498
0.001641512
0.001595020
0.001614094
0.001648903
0.001624823
0.001717806
0.001633883
0.001625538
0.001642942
0.001596928
0.001624823
0.001688242
0.001529455
0.001648903
0.001634598
0.001546621
0.001522541
0.001624823
0.001646280
0.001631260
0.001655340
0.001660347
0.001639605
0.001622677
0.001719713
0.001631498
0.001565933
0.001589775
0.001468658
0.001634598
0.001512527
0.001645327
0.012849569
0.001641035
0.001589537
0.001651049
0.001631498
0.001656294
0.001514673
0.001683950
0.001663208
0.001600742
0.001614571
0.001597643
0.012889385
0.001652718
0.012857437
0.001623154
0.001551151
0.001536131
0.012319803
0.001608133
0.001440525
0.001675844
0.001505136
0.001584530
0.001511812
0.001630306
0.001576662
0.001639843
0.001513481
0.001654625
0.001516342
0.001716614
0.001603603
