0.000486374
0.000403166
0.000370741
0.000511408
0.000412703
0.000502348
0.000468731
0.000504017
0.000491381
0.000509024
0.000469685
0.000503778
0.000432014
0.000511408
0.000483274
0.000505447
0.000465155
0.000506878
0.000459671
0.000490665
0.000464439
0.000506401
0.000524044
0.000523806
0.000469208
0.000465393
0.000466824
0.000505924
0.000490665
0.000480890
0.000457048
0.000503302
0.000463486
0.000526190
0.000487089
0.000502825
0.000514984
0.000505924
0.000471115
0.000507593
0.000465155
0.000509262
0.000500441
0.000512362
0.000439882
0.000508308
0.000462532
0.000517607
0.000403404
0.000537872
0.000464201
0.000543118
0.000470161
0.000504971
0.000481606
0.000504494
0.000447512
0.000501871
0.000449419
0.000536203
0.000463724
0.000540495
0.000459433
0.000541687
0.000502825
0.000453711
0.000464678
0.000516176
0.000457287
0.000507832
0.000469923
0.000500917
0.000509024
0.000544786
0.000454903
0.000503063
0.000450850
0.000498056
0.000490665
0.000524044
0.000464916
0.000505924
0.000497580
0.000506639
0.000476599
0.000505686
0.000467777
0.000509739
0.000467539
0.000534296
0.000495672
0.000503540
0.000472784
0.000504732
0.000457764
0.000505447
0.000466824
0.000541925
0.000393152
0.000520945
