0.000281096
0.000279188
0.000211716
0.000293493
0.000317335
0.000240803
0.000294447
0.000278234
0.000285149
0.000241280
0.000297070
0.000337839
0.000280142
0.000284433
0.000295401
0.000295639
0.000335217
0.000297070
0.000296593
0.000257492
0.000263453
0.000272751
0.000284195
0.000267267
0.000249624
0.000261068
0.000281572
0.000212908
0.000269890
0.000280380
0.000297546
0.000254631
0.000301361
0.000236034
0.000281811
0.000281096
0.000206947
0.000285625
0.000277996
0.000289202
0.000306129
0.000288248
0.000293493
0.000309229
0.000210524
0.000281811
0.000238180
0.000278234
0.000206947
0.000208855
0.000280380
0.000290155
0.000293255
0.000242233
0.000268459
0.000239849
0.000212908
0.000267267
0.000244617
0.000416517
0.000256538
0.000264645
0.000238180
0.000295401
0.000290632
0.000250340
0.000195980
0.000325203
0.000209570
0.000285864
0.000251532
0.000210047
0.000334740
0.000281572
0.000292301
0.000208139
0.000282049
0.000217915
0.000269890
0.000295401
0.000313282
0.000296593
0.000191927
0.000235558
0.000306368
0.000195742
0.000277519
0.000297785
0.000264883
0.000252008
0.000308037
0.000282049
0.000269890
0.000265121
0.000297546
0.000207424
0.000302792
0.000279903
0.000295401
0.000257015
