0.000303030
0.000285387
0.000226021
0.000258684
0.000560522
0.000323057
0.000288248
0.000266790
0.000289440
0.000298738
0.000288963
0.000303984
0.000303030
0.000284910
0.000340700
0.000311852
0.000295401
0.000288725
0.000288963
0.000212193
0.000260830
0.000299692
0.000213861
0.000334501
0.000297070
0.000299931
0.000228643
0.000287056
0.000314236
0.000282764
0.000296593
0.000212193
0.000244141
0.000272751
0.000289679
0.000297785
0.000288963
0.000297308
0.000296116
0.000273705
0.000303507
0.000297308
0.000214100
0.000287056
0.000290632
0.000311613
0.000300884
0.000244856
0.000299215
0.000237703
0.000331163
0.000291586
0.000288010
0.000290394
0.000273943
0.000247717
0.000309229
0.000273228
0.000291109
0.000327110
0.000312090
0.000244141
0.000293255
0.000289679
0.000300646
0.000247478
0.000298262
0.000229836
0.000274658
0.000292778
0.000272274
0.000300884
0.000291586
0.000288963
0.000292778
0.000305176
0.000277519
0.000286579
0.000290632
0.000284195
0.000301123
0.000301838
0.000297308
0.000247955
0.000215054
0.000314951
0.000200987
0.000297308
0.000273228
0.000215054
0.000294447
0.000285625
0.000289917
0.000202656
0.000311852
0.000274420
0.000302553
0.000295401
0.000288486
0.000238180
