0.000253677
0.000272036
0.000202656
0.000268459
0.000242949
0.000225544
0.000242233
0.000248432
0.000247240
0.000250101
0.000264883
0.000245094
0.000278711
0.000242233
0.000292301
0.000236034
0.000293016
0.000322104
0.000287771
0.000258684
0.000258684
0.000271559
0.000291586
0.000285864
0.000316381
0.000300646
0.000292778
0.000307798
0.000239372
0.000294685
0.000300884
0.000226021
0.000230789
0.000299931
0.000263929
0.000314474
0.000244617
0.000292778
0.000241995
0.000267506
0.000228167
0.000263453
0.000301361
0.000227928
0.000275373
0.000297308
0.000288486
0.000253439
0.000278473
0.000301600
0.000258923
0.000247717
0.000326157
0.000278950
0.000263214
0.000293255
0.000299692
0.000242949
0.000304461
0.000243425
0.000283241
0.000297546
0.000289917
0.000274420
0.000258446
0.000319004
0.000245810
0.000287056
0.000230789
0.000241756
0.000299931
0.000226259
0.000276089
0.000285149
0.000289440
0.000228405
0.000291109
0.000245094
0.000277758
0.000297308
0.000278711
0.000229359
0.000290155
0.000225067
0.000263214
0.000312567
0.000263453
0.000247240
0.000289679
0.000246048
0.000257969
0.000303507
0.000278711
0.000290394
0.000316620
0.000289202
0.000232697
0.000264645
0.000231743
0.000237226
