0.063669443
0.014324427
0.000169039
0.000183344
0.000221968
0.000239372
0.000260115
0.000255108
0.000245094
0.000175476
0.000241518
0.000245810
0.000252485
0.000264645
0.000265360
0.000287056
0.000233412
0.000240803
0.000309706
0.000279427
0.000254869
0.000325918
0.000322342
0.000322342
0.000309467
0.000313759
0.000309706
0.000313282
0.000294447
0.000316620
0.000263453
0.000241041
0.000309706
0.000309229
0.000318289
0.000319481
0.000309706
0.000309467
0.000308752
0.000307322
0.000309467
0.000308990
0.000306129
0.000309706
0.000308990
0.000309706
0.000248194
0.000308514
0.000309944
0.000309229
0.000309229
0.000308275
0.000311613
0.000218868
0.000309944
0.000308514
0.000257015
0.000308514
0.000310421
0.000287294
0.000220060
0.000221491
0.000253439
0.000286341
0.000398636
0.000305176
0.000306368
0.000277042
0.000363588
0.000477791
0.000307083
0.000306368
0.000307083
0.000317574
0.000307560
0.000317574
0.000281572
0.000318766
0.000279188
0.000239372
0.000281811
0.000257969
0.000251055
0.000249386
0.000251770
0.000256300
0.000281334
0.000259876
0.000263214
0.000257730
0.000263691
0.000258207
0.000258207
0.000274420
0.000284433
0.000257492
0.000269413
0.000251293
0.000249147
0.000266075
