0.000320196
0.000373125
0.000379086
0.000331640
0.000333309
0.000367880
0.000332117
0.000305653
0.000367641
0.000364780
0.000338793
0.000365973
0.000334501
0.000331402
0.000358105
0.000329733
0.000327110
0.000368834
0.000389338
0.000352859
0.000422478
0.000371695
0.000377893
0.000401258
0.000377893
0.000375509
0.000350952
0.000380754
0.000400782
0.000405073
0.000376701
0.000368834
0.000371218
0.000395536
0.000405073
0.000427723
0.000370741
0.000370502
0.000404119
0.000401020
0.000383377
0.000417471
0.000376940
0.000399113
0.000427961
0.000393867
0.000391245
0.000412941
0.000373125
0.000367165
0.000429392
0.000319242
0.000387907
0.000441790
0.000393867
0.000369310
0.000425339
0.000391006
0.000390768
0.000498533
0.000390768
0.000371695
0.000414371
0.000382900
0.000384808
0.000411987
0.000397205
0.000374079
0.000433207
0.000385284
0.000378132
0.000425816
0.000381470
0.000433207
0.000417471
0.000404835
0.000368834
0.000436306
0.000395298
0.000350952
0.000402451
0.000404119
0.000391722
0.000424862
0.000378370
0.000367880
0.000425339
0.000377417
0.000394821
0.000385284
0.000371456
0.000388384
0.000426769
0.000360727
0.000395775
0.000427723
0.000394821
0.000395060
0.000432253
0.000395298
