0.000356197
0.000266790
0.000308275
0.000338554
0.000223637
0.000309467
0.000305891
0.000302076
0.000351191
0.000222206
0.000307560
0.000312805
0.000313759
0.000336409
0.000289917
0.000291109
0.000330687
0.000322580
0.000367165
0.000304937
0.000298500
0.000309944
0.000307560
0.000335693
0.000313282
0.000303984
0.000308275
0.000214100
0.000342607
0.000311136
0.000299454
0.000283957
0.000308037
0.000254393
0.000322104
0.000224590
0.000315905
0.000293970
0.000337362
0.000308514
0.000306845
0.000309467
0.000293732
0.000295639
0.000306845
0.000309944
0.000308990
0.000311136
0.000254393
0.000337124
0.000305891
0.000309467
0.000296831
0.000343323
0.000310183
0.000296593
0.000312090
0.000301123
0.000358820
0.000320673
0.000321865
0.000321865
0.000288725
0.000340939
0.000304699
0.000306606
0.000224113
0.000223160
0.000349045
0.000310421
0.000312805
0.000283957
0.000328541
0.000322104
0.000295401
0.000311613
0.000312567
0.000310898
0.000338793
0.000312328
0.000309229
0.000306606
0.000369787
0.000296831
0.000312090
0.000304937
0.000299692
0.000310183
0.000352621
0.000298977
0.000307083
0.000307798
0.000257969
0.000339985
0.000297070
0.000293493
0.000319004
0.000305414
0.000339508
0.000262499
