0.001090765
0.000947714
0.001029253
0.011775970
0.001080275
0.001189232
0.001120090
0.001104355
0.001111984
0.001063585
0.001073360
0.001169205
0.001408100
0.001132250
0.001105785
0.001168489
0.001135111
0.001085520
0.001133204
0.011625051
0.001192331
0.001168966
0.001088858
0.001171589
0.001019955
0.001009226
0.001144886
0.001073122
0.001101255
0.001120090
0.001073360
0.001158714
0.000978708
0.001143932
0.001085758
0.001103878
0.001151562
0.000928164
0.001137495
0.001146078
0.001082182
0.001077890
0.001056671
0.001091719
0.001094818
0.001089096
0.001079798
0.001136065
0.001110315
0.011728525
0.001059771
0.000966072
0.001060009
0.001014471
0.001078367
0.001050234
0.001061440
0.001068354
0.001116753
0.001073122
0.001075268
0.001045942
0.001053572
0.001077175
0.001091480
0.001043320
0.001079559
0.001011848
0.001102686
0.001033068
0.001082659
0.001037359
0.001062393
0.011667490
0.001123905
0.001029968
0.001086712
0.001037836
0.001149893
0.001018047
0.001063347
0.001006126
0.001134634
0.001088142
0.001107693
0.001001835
0.001140356
0.001036644
0.001092196
0.001075745
0.001088858
0.001036644
0.001122952
0.001014471
0.001100540
0.000941753
0.001084566
0.001070023
0.001115084
0.001124382
