0.000294924
0.000311852
0.000227928
0.000230551
0.000272274
0.000294924
0.000267029
0.000243902
0.000302315
0.000231743
0.000245094
0.000252962
0.000232220
0.000294447
0.000281096
0.000304699
0.000287056
0.000303745
0.000308990
0.000313759
0.000291348
0.000299215
0.000232458
0.000313997
0.000260830
0.000244617
0.000290871
0.000243902
0.000303984
0.000261068
0.000226974
0.000244379
0.000276804
0.000290632
0.000277281
0.000252962
0.000307322
0.000255108
0.000223875
0.000254154
0.000259638
0.000291348
0.000282526
0.000283003
0.000262022
0.000287771
0.000300169
0.000243425
0.000231504
0.000227213
0.000280142
0.000276089
0.000291348
0.000271320
0.000299692
0.000292063
0.000288486
0.000299931
0.000289440
0.000293493
0.000266075
0.000260592
0.000265360
0.000310898
0.000261784
0.000312328
0.000256300
0.000253439
0.000294924
0.000229597
0.000234365
0.000292301
0.000263214
0.000294447
0.000231981
0.000278711
0.000254154
0.000230789
0.000236034
0.000245094
0.000234127
0.000291586
0.000232935
0.000301600
0.000234842
0.000245333
0.000277758
0.000226736
0.000289679
0.000260830
0.000304937
0.000274658
0.000292063
0.000246763
0.000226974
0.000278473
0.000278711
0.000289202
0.000293970
0.000232220
