0.012411833
0.002852917
0.002889395
0.002634287
0.002707243
0.002873421
0.002935886
0.002944946
0.002839327
0.002851963
0.002882004
0.002819061
0.002953529
0.002800941
0.002844095
0.002851248
0.013317585
0.002720594
0.002876520
0.002858400
0.002880335
0.002892971
0.002972126
0.002807140
0.002828836
0.002880812
0.002867222
0.002839327
0.002833605
0.002866030
0.011877060
0.002840042
0.002908468
0.002847910
0.002963781
0.002918959
0.002960920
0.002900362
0.002824783
0.002835274
0.002895355
0.002918243
0.002824545
0.002845764
0.002955675
0.002891779
0.002895832
0.002879620
0.002999544
0.002902031
0.002829075
0.002801418
0.002911568
0.002884865
0.002855539
0.002851486
0.002890825
0.002834320
0.011899948
0.002934217
0.002895117
0.002885580
0.002822161
0.002829790
0.002856016
0.002903461
0.003077030
0.002839327
0.002953768
0.002883196
0.002947092
0.002938271
0.002957582
0.002865791
0.002878666
0.002850533
0.002924442
0.002941608
0.002903223
0.002886534
0.002973795
0.002863884
0.002910376
0.002951145
0.003012180
0.002860546
0.002882481
0.002804041
0.002986908
0.002933025
0.002871275
0.002929211
0.002904177
0.002921104
0.002869844
0.002900839
0.002967358
0.002844095
0.002875328
0.002937317
