0.000329494
0.000288725
0.000292778
0.000291348
0.000294209
0.000290394
0.000348806
0.000289202
0.000292540
0.000290155
0.000303507
0.000293016
0.000356197
0.000287771
0.000292063
0.000257015
0.000288963
0.000289202
0.000288725
0.000292301
0.000290394
0.000302792
0.000291824
0.000348806
0.000287533
0.000288963
0.000289440
0.000290155
0.000295401
0.000288248
0.000294209
0.000290155
0.000365496
0.000291348
0.000289202
0.000293732
0.000288010
0.000297546
0.000291586
0.000289917
0.000291109
0.000345707
0.000297070
0.000290871
0.000289440
0.000288725
0.000290871
0.000288486
0.000297070
0.000291824
0.000290632
0.000291348
0.000289202
0.000355244
0.000289440
0.000292540
0.000289202
0.000289202
0.000283957
0.000291586
0.000292540
0.000287771
0.000292540
0.000353813
0.000289440
0.000301123
0.000292778
0.000289679
0.000290871
0.000288486
0.000299692
0.000352859
0.000290155
0.000289440
0.000294447
0.000296116
0.000295639
0.000291109
0.000288486
0.000298977
0.000292301
0.000290155
0.000290394
0.000347137
0.000288010
0.000288725
0.000289202
0.000293255
0.000286341
0.000297308
0.000291348
0.000298977
0.000286102
0.000344038
0.000298023
0.000291109
0.000289440
0.000293970
0.000291586
0.000285864
0.000290394
0.000288725
0.000295877
0.000285625
0.000289917
0.000287533
0.000288963
0.000287056
0.000276089
0.000287294
0.000285625
0.000287294
0.000286579
0.000286341
0.000292778
0.000286341
0.000297070
0.000292063
0.000291348
0.000289917
0.000287294
0.000290394
0.000290155
0.000283957
0.000288248
0.000289440
0.000297308
0.000295401
0.000286818
0.000285864
0.000287771
0.000296593
0.000288248
0.000284910
0.000288963
0.000259161
0.000287533
0.000285149
0.000293970
0.000276327
