0.000263453
0.000267744
0.000262260
0.000270367
0.000249147
0.000321388
0.000263929
0.000263691
0.000277042
0.000267267
0.000272036
0.000264645
0.000270367
0.000263214
0.000265360
0.000262499
0.000262737
0.000272512
0.000265598
0.000266552
0.000270128
0.000271320
0.000266790
0.000263691
0.000268221
0.000264406
0.000284195
0.000266314
0.000264645
0.000266790
0.000266075
0.000271559
0.000274897
0.000263929
0.000269651
0.000266075
0.000257730
0.000280380
0.000262976
0.000268698
0.000267506
0.000257730
0.000269175
0.000267029
0.000262737
0.000269413
0.000266552
0.000263691
0.000263453
0.000250578
0.000263691
0.000265598
0.000270605
0.000262260
0.000262260
0.000270844
0.000268459
0.000264883
0.000291348
0.000262976
0.000269890
0.000263929
0.000264406
0.000266075
0.000260115
0.000261307
0.000264645
0.000271797
0.000265598
0.000265360
0.000244379
0.000266552
0.000323534
0.000265837
0.000268459
0.000263929
0.000264406
0.000265360
0.000265121
0.000263691
0.000264883
0.000263929
0.000271082
0.000266075
0.000275135
0.000263929
0.000262976
0.000272274
0.000264645
0.000265837
0.000236750
0.000269175
0.000266552
0.000274658
0.000266075
0.000267506
0.000275850
0.000264406
0.000269175
0.000266552
0.000264168
0.000261307
0.000261307
0.000274658
0.000260115
0.000272036
0.000262499
0.000263453
0.000265121
0.000263691
0.000275612
0.000263929
0.000265598
0.000264883
0.000263929
0.000263453
0.000271082
0.000263214
0.000273228
0.000260830
0.000262737
0.000260592
0.000263453
0.000260115
0.000260830
0.000262022
0.000259876
0.000262976
0.000265121
0.000260830
0.000261545
0.000260353
0.000265360
0.000265121
0.000273228
0.000264645
0.000262022
0.000262737
0.000265360
0.000239849
