0.011907578
0.000234604
0.000230312
0.000230312
0.000230551
0.000235081
0.000231504
0.000233412
0.000227213
0.000233889
0.000234842
0.000235558
0.000229359
0.000237942
0.000232458
0.000237703
0.000233412
0.000236273
0.000229836
0.000228882
0.000234365
0.000235081
0.000236511
0.000231981
0.000232458
0.000237703
0.000233889
0.000228882
0.000234604
0.000225544
0.000232458
0.000235081
0.000231266
0.000236273
0.000234604
0.000230312
0.000239372
0.000234842
0.000235558
0.000228643
0.000235796
0.000234365
0.000234604
0.000234127
0.000231504
0.000230789
0.000236511
0.000233650
0.000230312
0.000233173
0.000227690
0.000236034
0.000235081
0.000232697
0.000229836
0.000236034
0.000231743
0.000232935
0.000234127
0.000232458
0.000240564
0.000238180
0.000237226
0.000230312
0.000233173
0.000231266
0.000236034
0.000230074
0.000227928
0.000236273
0.000229836
0.000234127
0.000230789
0.000232220
0.000185728
0.000232458
0.000231504
0.000235319
0.000237942
0.000231504
0.000233173
0.000229359
0.000233173
0.000235319
0.000230312
0.000234365
0.000231743
0.000230074
0.000230551
0.000234604
0.000233412
0.000232697
0.000232697
0.000232935
0.000231266
0.000235081
0.000228643
0.000234842
0.000231504
0.000231504
0.000252724
0.000235319
0.000239849
0.000237942
0.000235796
0.000237703
0.000236750
0.000241041
0.000233412
0.000234842
0.000236750
0.000233412
0.000235558
0.000232458
0.000237226
0.000231743
0.000230551
0.000232220
0.000237942
0.000233650
0.000236273
0.000235796
0.000235081
0.000242710
0.000238419
0.000235081
0.000233889
0.000235081
0.000238657
0.000236034
0.000240803
0.000237226
0.000234842
0.000239372
0.000237703
0.000235796
0.000230551
0.000238419
0.000235558
0.000242949
