0.000527143
0.000362635
0.000452518
0.000364542
0.000365973
0.000453234
0.000371933
0.000365973
0.000366449
0.000457287
0.000363827
0.000461340
0.000364780
0.000365257
0.000367403
0.000364780
0.000385761
0.000368357
0.000449181
0.000363588
0.000366211
0.000447512
0.000367165
0.000368118
0.000368595
0.000445366
0.000365019
0.000367165
0.000365257
0.000446320
0.000376463
0.000372171
0.000447035
0.000365496
0.000367880
0.000368357
0.000444651
0.000366926
0.000447512
0.000366926
0.000370026
0.000445127
0.000377417
0.000366449
0.000366211
0.000365973
0.000389576
0.000450134
0.000370026
0.000318766
0.000365973
0.000455379
0.000354290
0.000364304
0.000444174
0.000366211
0.000370026
0.000380754
0.000449896
0.000362635
0.000365496
0.000366926
0.000388622
0.000366211
0.000449896
0.000364065
0.000368595
0.000384092
0.000365496
0.000365257
0.000443220
0.000375509
0.000378370
0.000450373
0.000373363
0.000357628
0.000365019
0.000367641
0.000447035
0.000365496
0.000365257
0.000444412
0.000375986
0.000366449
0.000384331
0.000429869
0.000371218
0.000364304
0.000447035
0.000371218
0.000365257
0.000373363
0.000452042
0.000365496
0.000368357
0.000449181
0.000365019
0.000363111
0.000375748
0.000370264
0.000371695
0.000357389
0.000379086
0.000356436
0.000365973
0.000365973
0.000359535
0.000359297
0.000358343
0.000356913
0.000359535
0.000359297
0.000357151
0.000361919
0.000363111
0.000362635
0.000357389
0.000358105
0.000378609
0.000358582
0.000358343
0.000358105
0.000359535
0.000371695
0.000357866
0.000357389
0.000370502
0.000359774
0.000356197
0.000369549
0.000376940
0.000372410
0.000372171
0.000332355
0.000368595
0.000377417
0.000368834
0.000372171
0.000359774
0.000342131
