0.012022018
0.000917196
0.000989437
0.000873327
0.000976562
0.000857353
0.000954151
0.000880241
0.000999451
0.000982761
0.000954628
0.000852346
0.000850677
0.000850439
0.000998974
0.000827551
0.000992060
0.000952959
0.000827074
0.000818253
0.000954390
0.000824451
0.000988483
0.000969172
0.000852823
0.000992775
0.000981092
0.000835180
0.000866413
0.000989199
0.000997543
0.000830173
0.000828028
0.000988007
0.000785112
0.000848055
0.000985146
0.000982523
0.000952482
0.000967979
0.000959635
0.000849962
0.000984192
0.000854254
0.000853300
0.000962973
0.000987768
0.000832558
0.000960350
0.000832081
0.000854492
0.000861168
0.000981092
0.000985384
0.000977278
0.000872850
0.000970125
0.000867844
0.000985861
0.000860691
0.000802994
0.000948191
0.000858068
0.000825167
0.000861406
0.000989676
0.000961542
0.000844479
0.000816107
0.000963688
0.000860453
0.000999212
0.000854254
0.000853539
0.000863552
0.000796556
0.000954866
0.000985384
0.000874996
0.000847101
0.000992298
0.000982523
0.000856400
0.000969410
0.000781298
0.000992060
0.000859737
0.000970125
0.000859022
0.000823498
0.000980616
0.001009703
0.000858545
0.000997305
0.000828028
0.000958920
0.000995159
0.000821590
0.000850677
0.000824213
0.001004219
0.000799656
0.000791550
0.000792980
0.000855207
0.000799417
0.000824690
0.000794649
0.000833273
0.000835419
0.000838280
0.000808239
0.000827551
0.000897408
0.000791788
0.000825882
0.000796795
0.000801086
0.000848532
0.000811577
0.000831366
0.000800133
0.000800848
0.000801325
0.000838518
0.000798941
0.000800133
0.000789881
0.011827230
0.000790596
0.000795603
0.000843525
0.000801563
0.000796795
0.000784397
0.000811338
0.000838518
0.000796556
0.000802994
0.000953674
