0.000364304
0.000324488
0.000318050
0.000323534
0.000315189
0.000385761
0.000316858
0.000317335
0.000328779
0.000381231
0.000319719
0.000316143
0.000320196
0.000322342
0.000303268
0.000384569
0.000314713
0.000321865
0.000318766
0.000321865
0.000386477
0.000322819
0.000313520
0.000319958
0.000324488
0.000316143
0.000318050
0.000381470
0.000326157
0.000315428
0.000320435
0.000321627
0.000323296
0.000380993
0.000323296
0.000321865
0.000314951
0.000314951
0.000387430
0.000317812
0.000316143
0.000319958
0.000383615
0.000315428
0.000320196
0.000315905
0.000322104
0.000319958
0.000315905
0.000316381
0.000314236
0.000335217
0.000395536
0.000318766
0.000318527
0.000315905
0.000320435
0.000314951
0.000311375
0.000319958
0.000386715
0.000313282
0.000318766
0.000319242
0.000315189
0.000380993
0.000320435
0.000316620
0.000317574
0.000332355
0.000319004
0.000393391
0.000319004
0.000315428
0.000330687
0.000320673
0.000315905
0.000378609
0.000317097
0.000328064
0.000317812
0.000315428
0.000388622
0.000317574
0.000332355
0.000316858
0.000322580
0.000386477
0.000316858
0.000316381
0.000314713
0.000316381
0.000387430
0.000314713
0.000323772
0.000318527
0.000316858
0.000386715
0.000321150
0.000320911
0.000318050
0.000313759
0.000316381
0.000312328
0.000313520
0.000311136
0.000319481
0.000314713
0.000312805
0.000312567
0.000310659
0.000312328
0.000315428
0.000317335
0.000310421
0.000319958
0.000319958
0.000309944
0.000314713
0.000315428
0.000313997
0.000316620
0.000312090
0.000310421
0.000331640
0.000313997
0.000312567
0.000320673
0.000311613
0.000315666
0.000319004
0.000310898
0.000323296
0.000312805
0.000313282
0.000313759
0.000324011
0.000310421
0.000312805
0.000311136
