0.012328625
0.001530170
0.001329184
0.001553774
0.001562595
0.001543283
0.001291513
0.001318455
0.001529694
0.001554489
0.001320839
0.001575470
0.001603365
0.001344681
0.001567364
0.001345396
0.001555920
0.001610518
0.001302004
0.001317978
0.001553297
0.001297474
0.001720905
0.001461029
0.001332998
0.001582623
0.001602411
0.001616716
0.001344919
0.001579285
0.001324654
0.001600027
0.001591921
0.001347780
0.001580715
0.001333475
0.001318693
0.001293182
0.001564980
0.001336813
0.001551390
0.001297474
0.012342930
0.001337290
0.001319408
0.001569748
0.001572371
0.001343250
0.001556396
0.001597166
0.001284599
0.012295485
0.001332283
0.001555443
0.001562357
0.001341343
0.001526117
0.001608610
0.001327991
0.001574993
0.001342535
0.001317978
0.001375914
0.001600027
0.001359463
0.001578569
0.001586199
0.001300097
0.001562357
0.001602411
0.001394033
0.001363993
0.001586437
0.001340866
0.001626730
0.001317501
0.001574039
0.001583338
0.001368761
0.001321316
0.001618385
0.001594543
0.001583576
0.001350641
0.001597643
0.001352072
0.001587152
0.001557827
0.001289845
0.001569033
0.001547575
0.001333952
0.001373529
0.001621246
0.001279354
0.001582384
0.001312733
0.001359224
0.001348734
0.001596212
0.001302481
0.001304865
0.001287937
0.001183271
0.001226425
0.001342773
0.001276255
0.001287699
0.001268148
0.001269817
0.001286507
0.001346111
0.001288176
0.001342058
0.001270056
0.001287937
0.001260042
0.001239300
0.001344681
0.001272917
0.001233101
0.001264334
0.001311541
0.001257658
0.001299858
0.001273394
0.001286268
0.001281023
0.001293898
0.001277447
0.001228333
0.001294851
0.001254797
0.001339436
0.001242876
0.001278162
0.001264095
0.001281261
0.001272202
0.001328707
