0.000271320
0.000273228
0.000274420
0.000273705
0.000269413
0.000271797
0.000276089
0.000273466
0.000271559
0.000323057
0.000272036
0.000267506
0.000277758
0.000269175
0.000275373
0.000274181
0.000273466
0.000274420
0.000274420
0.000267744
0.000269175
0.000272751
0.000292063
0.000268459
0.000284672
0.000267029
0.000272512
0.000272274
0.000277519
0.000277758
0.000272036
0.000277042
0.000272036
0.000269890
0.000270605
0.000269651
0.000270367
0.000277758
0.000275373
0.000276566
0.000321627
0.000271797
0.000280380
0.000270844
0.000275612
0.000272036
0.000269175
0.000269413
0.000268698
0.000269413
0.000270128
0.000275135
0.000274897
0.000268221
0.000270367
0.000272036
0.000272512
0.000270128
0.000269413
0.000270605
0.000275373
0.000272751
0.000297546
0.000272274
0.000270844
0.000273228
0.000268698
0.000254631
0.000271320
0.000277758
0.000271559
0.000267982
0.000269890
0.000272036
0.000324488
0.000268698
0.000269890
0.000266314
0.000267029
0.000269175
0.000281811
0.000268936
0.000275612
0.000269175
0.000272512
0.000280142
0.000272274
0.000272274
0.000270367
0.000273705
0.000271559
0.000270367
0.000269651
0.000272989
0.000268936
0.000276327
0.000283957
0.000268698
0.000267744
0.000267982
0.000266790
0.000270605
0.000271082
0.000264168
0.000266790
0.000269413
0.000268459
0.000268698
0.000267267
0.000268221
0.000268459
0.000265598
0.000269890
0.000277281
0.000270367
0.000274658
0.000272036
0.000268698
0.000272989
0.000266552
0.000267744
0.000269651
0.000273943
0.000267506
0.000284195
0.000269175
0.000271320
0.000269175
0.000272274
0.000276804
0.000267982
0.000269890
0.000266790
0.000272512
0.000266314
0.000282526
0.000270128
0.000266075
0.000267506
0.000230312
