0.012766123
0.002705812
0.002781630
0.002762318
0.002403021
0.002435923
0.002788782
0.002796173
0.002420902
0.002796412
0.002813578
0.002445221
0.002412319
0.002778530
0.002412558
0.002445221
0.002772570
0.002782106
0.002406120
0.002775669
0.002398491
0.002456188
0.002758265
0.002518654
0.002413273
0.002791643
0.002799034
0.002408743
0.002808809
0.002433777
0.002406836
0.002808571
0.002407312
0.002731562
0.002415180
0.002427101
0.002804518
0.002763510
0.002445698
0.002798557
0.002420425
0.002831697
0.002421856
0.002789974
0.002418756
0.002398252
0.002792597
0.002788305
0.012631416
0.002783060
0.002415895
0.002456427
0.002803087
0.002804041
0.002790451
0.002426386
0.002769232
0.002799034
0.002785206
0.002411127
0.002437353
0.002798080
0.002509594
0.002810717
0.002419710
0.002433777
0.002763271
0.002434015
0.002749443
0.002801180
0.002819300
0.002443790
0.002797127
0.002430201
0.002384901
0.002324581
0.002764940
0.002439976
0.002753735
0.002779007
0.002407312
0.002411127
0.002766848
0.002772331
0.002804756
0.002529860
0.013300896
0.002799988
0.002777576
0.002441645
0.002777100
0.002442122
0.002391100
0.002375841
0.002808809
0.002437830
0.002819777
0.002780676
0.002778292
0.002300501
0.002783537
0.002317429
0.002294302
0.002315044
0.002289772
0.002327681
0.002311230
0.002345085
0.002306700
0.002334356
0.002283812
0.002303123
0.002298117
0.012981653
0.002331018
0.013016224
0.002314806
0.002311230
0.002308607
0.002320290
0.002306461
0.002306700
0.002345085
0.002336979
0.002290726
0.013011694
0.002304077
0.002294302
0.002301455
0.002315521
0.002287388
0.002295256
0.002326488
0.002311230
0.012937784
0.002319098
0.002301693
0.002309799
0.002294540
0.002353191
