0.000247955
0.000277996
0.000275850
0.000276089
0.000279188
0.000275373
0.000276804
0.000284195
0.000274420
0.000275135
0.000279427
0.000279665
0.000340700
0.000278711
0.000273705
0.000276089
0.000276089
0.000277042
0.000276566
0.000278711
0.000277281
0.000281334
0.000277519
0.000292301
0.000288010
0.000277758
0.000279903
0.000276566
0.000277996
0.000354528
0.000273943
0.000276089
0.000284433
0.000284195
0.000290871
0.000284195
0.000281811
0.000277996
0.000278234
0.000284672
0.000277519
0.000275612
0.000281572
0.000276566
0.000289679
0.000276089
0.000279188
0.000332832
0.000277996
0.000281572
0.000277996
0.000280142
0.000278473
0.000277758
0.000278473
0.000282288
0.000278711
0.000275135
0.000256062
0.000276089
0.000276804
0.000290155
0.000280380
0.000276089
0.000276089
0.000273705
0.000352859
0.000274658
0.000279903
0.000279427
0.000277281
0.000280619
0.000279665
0.000276327
0.000277281
0.000281334
0.000274420
0.000286579
0.000279188
0.000280619
0.000278234
0.000280619
0.000281572
0.000277758
0.000275612
0.000336647
0.000279427
0.000277758
0.000279903
0.000284195
0.000273943
0.000282288
0.000279427
0.000274897
0.000280380
0.000286818
0.000279903
0.000277042
0.000275612
0.000274181
0.000279665
0.000273705
0.000272989
0.000273705
0.000276566
0.000273943
0.000295877
0.000276804
0.000274181
0.000277758
0.000286818
0.000276804
0.000292778
0.000275373
0.000276804
0.000274897
0.000277042
0.000283241
0.000273705
0.000276327
0.000272989
0.000285625
0.000279427
0.000276566
0.000276327
0.000274420
0.000277758
0.000274897
0.000277042
0.000276089
0.000272989
0.000275135
0.000277758
0.000277996
0.000277042
0.000286102
0.000275612
0.000284195
0.000276804
0.000238180
