0.000254869
0.000262260
0.000266552
0.000262976
0.000228643
0.000260353
0.000261307
0.000262737
0.000258446
0.000260592
0.000267267
0.000262022
0.000265360
0.000259638
0.000260830
0.000273228
0.000260830
0.000260830
0.000260115
0.000272036
0.000265837
0.000261784
0.000261068
0.000260353
0.000275135
0.000267982
0.000261307
0.000260830
0.000265360
0.000263691
0.000264645
0.000267029
0.000262260
0.000262022
0.000264645
0.000260830
0.000262499
0.000257254
0.000264168
0.000266790
0.000263214
0.000262260
0.000259399
0.000264883
0.000264406
0.000264406
0.000262976
0.000270367
0.000267506
0.000260353
0.000267506
0.000261545
0.000269175
0.000232220
0.000260830
0.000262737
0.000261307
0.000262022
0.000255823
0.000266790
0.000262737
0.000262499
0.000261545
0.000265598
0.000271082
0.000258207
0.000260592
0.000263453
0.000260592
0.000259876
0.000231981
0.000259399
0.000262022
0.000269890
0.000262260
0.000259399
0.000281334
0.000275612
0.000266075
0.000266314
0.000266075
0.000260830
0.000261784
0.000262737
0.000263214
0.000260830
0.000259638
0.000268936
0.000260830
0.000262737
0.000262022
0.000260830
0.000264883
0.000260592
0.000264406
0.000263691
0.000260830
0.000261307
0.000259638
0.000259399
0.000257492
0.000262260
0.000257015
0.000267267
0.000263453
0.000258207
0.000262737
0.000271559
0.000265360
0.000260115
0.000236034
0.000263929
0.000259638
0.000258923
0.000260830
0.000238895
0.000259638
0.000260115
0.000261307
0.000262737
0.000263453
0.000262260
0.000261307
0.000262022
0.000260830
0.000257492
0.000268936
0.000262499
0.000262976
0.000263214
0.000265121
0.000257730
0.000260592
0.000256538
0.000267744
0.000260115
0.000279427
0.000261784
0.000269413
0.000237942
