0.025024176
0.005335331
0.005338907
0.004477978
0.005335331
0.005310297
0.004413128
0.005303383
0.004466534
0.005273104
0.005340576
0.004453182
0.004410744
0.004425287
0.005283594
0.004422665
0.005301714
0.005289078
0.004466295
0.005370617
0.004414320
0.014051199
0.005311251
0.004677057
0.005370378
0.004475832
0.004443407
0.005378008
0.005361795
0.004413128
0.013122082
0.005315304
0.004443884
0.004379749
0.005339861
0.005327463
0.004436016
0.004398584
0.004411936
0.005378246
0.005288601
0.004446507
0.005342960
0.004425526
0.005306721
0.004419327
0.004740477
0.005328178
0.005287886
0.013477087
0.004235506
0.005354166
0.004427910
0.013545990
0.005319118
0.005341768
0.004210711
0.005314112
0.004398108
0.005308390
0.004430294
0.005328655
0.004707098
0.005334616
0.005306482
0.004427910
0.005328655
0.005337715
0.005318642
0.004380703
0.005343199
0.004400969
0.004422903
0.005326509
0.005343914
0.004413843
0.004423857
0.004416704
0.004391432
0.005319357
0.004429102
0.005364180
0.015742779
0.005422831
0.004413605
0.004737616
0.004403114
0.005306959
0.005326986
0.004460812
0.005316734
0.005331039
0.005305052
0.004441977
0.004237652
0.004379272
0.004437447
0.015667915
0.004384756
0.005331516
0.004421711
0.004229069
0.004226685
0.004265547
0.004294157
0.004303694
0.004253626
0.004242897
0.004241943
0.004204988
0.013067484
0.004204035
0.004230976
0.004273653
0.004268646
0.004180670
0.004181147
0.004205704
0.004191160
0.004226685
0.004224777
0.004196644
0.004203320
0.004213572
0.004184246
0.004237890
0.013012886
0.004202843
0.013058424
0.004242659
0.013092041
0.004209995
0.004199982
0.013010025
0.004185438
0.004248857
0.004233122
0.004248142
0.004215002
0.004263163
