0.000583172
0.000615358
0.000616789
0.000527620
0.000521421
0.000604153
0.000604630
0.000619650
0.000605345
0.000530243
0.000599146
0.000527859
0.000543594
0.000526428
0.000598669
0.000602007
0.000524282
0.000510693
0.000599623
0.000607967
0.000522614
0.000622272
0.000513554
0.000600815
0.000603914
0.000599861
0.000526190
0.000528097
0.000526667
0.000522614
0.000617266
0.000603437
0.000527382
0.000594854
0.000545979
0.000526667
0.000599146
0.000602484
0.000594616
0.000574350
0.000447989
0.000602484
0.000579596
0.000524282
0.000593662
0.000600576
0.000566721
0.000528812
0.000528812
0.000610352
0.000529528
0.000524759
0.000596285
0.000600338
0.000542402
0.000598431
0.000601053
0.000523806
0.000526190
0.000526190
0.000605106
0.000526667
0.000604153
0.000523567
0.000595570
0.000533581
0.000610113
0.000608444
0.000526667
0.000617743
0.000525475
0.000602007
0.000529051
0.000598907
0.000521183
0.000599623
0.000604391
0.000529051
0.000549793
0.000605345
0.000604630
0.000531197
0.000602722
0.000612974
0.000529051
0.000592470
0.000569105
0.000521421
0.000527143
0.000609159
0.000600100
0.000529289
0.000536680
0.000598192
0.000543833
0.000526905
0.000600338
0.000605106
0.000601768
0.000524521
0.000601053
0.000507116
0.000512123
0.000509262
0.000506163
0.000527382
0.000514984
0.000510931
0.000508308
0.000510454
0.000509501
0.000517845
0.000518084
0.000516891
0.000510693
0.000510216
0.000530481
0.000503778
0.000521660
0.000511408
0.000520706
0.000522375
0.000508308
0.000507832
0.000523090
0.000507832
0.000514030
0.000517130
0.000507832
0.000519514
0.000512123
0.000510216
0.000516891
0.000519991
0.000516653
0.000511408
0.000509501
0.000510693
0.000514507
0.000555754
