0.000339985
0.000302553
0.000314713
0.000368357
0.000273705
0.000327349
0.000354528
0.000311136
0.000309706
0.000340462
0.000268459
0.000312567
0.000369549
0.000335693
0.000367641
0.000360012
0.000358343
0.000310183
0.000324965
0.000344992
0.000376225
0.000344276
0.000274420
0.000344515
0.000281096
0.000269890
0.000339270
0.000355482
0.000329018
0.000306606
0.000281811
0.000233412
0.000389338
0.000307798
0.000333548
0.000288963
0.000277042
0.000304699
0.000324488
0.000344515
0.000312090
0.000327587
0.000336409
0.000332832
0.000358105
0.000311375
0.000293970
0.000309467
0.000336885
0.000339746
0.000334024
0.000273466
0.000342846
0.000343084
0.000358343
0.000331402
0.000341415
0.000350952
0.000282764
0.000432014
0.000343800
0.000355244
0.000340223
0.000276089
0.000305414
0.000272989
0.000396252
0.000314713
0.000368118
0.000311613
0.000329018
0.000313044
0.000314713
0.000354052
0.000305414
0.000322819
0.000348091
0.000314236
0.000338316
0.000303984
0.000363111
0.000274658
0.000362635
0.000338793
0.000352621
0.000291824
0.000344992
0.000340700
0.000365257
0.000356674
0.000308037
0.000369787
0.000385523
0.000356197
0.000315428
0.000365734
0.000328779
0.000273943
0.000316381
0.000346661
