0.000300169
0.000288010
0.000267982
0.000263453
0.000320196
0.000306129
0.000243902
0.000339985
0.000332594
0.000284195
0.000307560
0.000346661
0.000339270
0.000347614
0.000282288
0.000283003
0.000347614
0.000337362
0.000319481
0.000284672
0.000320673
0.000328541
0.000317812
0.000301123
0.000341892
0.000307798
0.000342607
0.000333548
0.000331640
0.000341654
0.000315905
0.000325441
0.000336647
0.000308037
0.000342369
0.000307322
0.000337601
0.000308752
0.000341177
0.000316620
0.000347614
0.000308514
0.000335455
0.000307083
0.000310183
0.000310659
0.000390530
0.000324011
0.000334263
0.000508547
0.000312805
0.000308752
0.000353575
0.000302553
0.000342131
0.000340700
0.000330687
0.000342846
0.000341177
0.000268221
0.000287294
0.000350237
0.000288486
0.000308037
0.000322580
0.000293493
0.000312090
0.000308037
0.000340223
0.000301361
0.000360489
0.000294209
0.000330448
0.000277996
0.000332117
0.000339031
0.000327826
0.000309706
0.000278234
0.000421524
0.000329733
0.000343084
0.000308514
0.000337362
0.000351191
0.000238657
0.000245571
0.000343561
0.000345469
0.000280142
0.000353336
0.000310183
0.000292540
0.000313044
0.000310659
0.000307083
0.000340700
0.000344753
0.000344038
0.000289917
