0.016399384
0.008463144
0.008507252
0.008440733
0.008567333
0.016477108
0.008418322
0.008487701
0.017688036
0.008482456
0.008080244
0.008405685
0.008421898
0.008394957
0.008224249
0.008487225
0.008165121
0.008503675
0.008520365
0.008524895
0.015172958
0.008405447
0.008413076
0.008194447
0.008342505
0.008331776
0.008181810
0.008414984
0.008243084
0.008414745
0.008193016
0.008441687
0.008332968
0.017472744
0.008341312
0.008398533
0.008198261
0.008236170
0.008229017
0.008323669
0.008205175
0.017558098
0.008234978
0.008408070
0.015678167
0.008474827
0.008233786
0.008681059
0.008161783
0.008376360
0.008469343
0.008128405
0.008417368
0.008189440
0.008477688
0.008296967
0.008341789
0.008304358
0.015086651
0.008400917
0.008674622
0.008564711
0.008553982
0.008730650
0.008814573
0.008744955
0.008639097
0.017363071
0.008649588
0.016628742
0.008660793
0.017106295
0.008879423
0.008614302
0.008450031
0.008738995
0.008541584
0.016907215
0.008715630
0.008417368
0.015469074
0.008378744
0.006975412
0.008461714
0.008229733
0.008445978
0.008126497
0.008422852
0.015583277
0.017451525
0.008741617
0.008455515
0.008442163
0.008700848
0.008777142
0.017487288
0.015153408
0.008651495
0.008589029
0.008886337
