0.062469006
0.012636662
0.000272036
0.000295401
0.000281334
0.000260353
0.000241756
0.000287056
0.000287294
0.000236988
0.000268221
0.000268936
0.000267029
0.000283718
0.000277758
0.000291109
0.000279903
0.000363350
0.000283241
0.000229120
0.000303030
0.000297308
0.000315189
0.000269175
0.000223398
0.000195742
0.000328779
0.000284910
0.000199080
0.000195026
0.000232697
0.000228167
0.000235558
0.000235796
0.000237465
0.000285149
0.000285625
0.000303984
0.000309467
0.000250816
0.000279188
0.000271082
0.000298023
0.000213623
0.000268698
0.000253201
0.000241041
0.000288963
0.000191927
0.000223160
0.000231743
0.000204563
0.000244617
0.000201464
0.000201225
0.000257492
0.000212908
0.000184059
0.000255823
0.000300884
0.000214100
0.000173807
0.000212908
0.000265598
0.000201941
0.000275850
0.000258446
0.000250578
0.000268221
0.000228882
0.000217199
0.000287056
0.000264883
0.000235319
0.000221014
0.000200510
0.000237465
0.000250340
0.000300169
0.000227213
0.000235558
0.000300646
0.000215054
0.000169039
0.000280619
0.000222445
0.000231743
0.000221252
0.000123501
0.000301838
0.000256062
0.000247240
0.000159740
0.000235796
0.000467777
0.000519991
0.000245333
0.000247240
0.000267506
0.000200033
