0.000392437
0.000315428
0.000298500
0.000370979
0.000272512
0.000316858
0.000335932
0.000352621
0.000366211
0.000345469
0.000371456
0.000375271
0.000345945
0.000409365
0.000337839
0.000364304
0.000318766
0.000362873
0.000376940
0.000372171
0.000325680
0.000345707
0.000359774
0.000383615
0.000297785
0.000313759
0.000360012
0.000359297
0.000340462
0.000337362
0.000335455
0.000368357
0.000328779
0.000339270
0.000332832
0.000340700
0.000340700
0.000359297
0.000343561
0.000344038
0.000401020
0.000361443
0.000359058
0.000393629
0.000366688
0.000358105
0.000360727
0.000321627
0.000328779
0.000340939
0.000307798
0.000354528
0.000360250
0.000399828
0.000339985
0.000360012
0.000358105
0.000331640
0.000392914
0.000432491
0.000295639
0.000326157
0.000271320
0.000389099
0.000339985
0.000359535
0.000336647
0.000361204
0.000334263
0.000302792
0.000356913
0.000357628
0.000328064
0.000373125
0.000353813
0.000354290
0.000333786
0.000310421
0.000420570
0.000340462
0.000356674
0.000353336
0.000278711
0.000368834
0.000357151
0.000334501
0.000313282
0.000357151
0.000417709
0.000313044
0.000336409
0.000346184
0.000362635
0.000354767
0.000339031
0.000356913
0.000357628
0.000360012
0.000356197
0.000322104
