0.002466202
0.002422094
0.002426863
0.002271891
0.013467550
0.012685776
0.002466917
0.002178192
0.002453804
0.002311945
0.002430439
0.002116919
0.002906322
0.002363682
0.002364159
0.002316713
0.002282143
0.002289772
0.002337217
0.004972696
0.002298117
0.002449512
0.002259493
0.002287626
0.002209425
0.002305031
0.002300262
0.002446890
0.002239466
0.002289057
0.002421618
0.002302170
0.002381325
0.002309799
0.002285480
0.002359390
0.002295494
0.002317667
0.002309561
0.002223015
0.002386332
0.002289534
0.002241611
0.002402782
0.002334595
0.002325535
0.002341747
0.002372980
0.002368927
0.002246857
0.002272129
0.002318144
0.002301455
0.002162457
0.002472878
0.002304792
0.002384663
0.002281904
0.002261639
0.002300739
0.002301216
0.002304316
0.002325058
0.002367258
0.002286434
0.002199888
0.002265453
0.002512455
0.002429724
0.002238274
0.002429724
0.002377987
0.002290726
0.002333164
0.002386332
0.002359629
0.002337933
0.002311468
0.002367735
0.002361774
0.002301931
0.002261400
0.002358913
0.002274513
0.002527714
0.002248526
0.002307653
0.002283335
0.002317667
0.002332926
0.002398729
0.002348185
0.002339125
0.002432108
0.002356052
0.002276182
0.002256870
0.002350092
0.002300262
0.002351284
