0.000319004
0.000275612
0.000303984
0.000333309
0.000319242
0.000250340
0.000284910
0.000319242
0.000344992
0.000356197
0.000315666
0.000320435
0.000271797
0.000341177
0.000317812
0.000316143
0.000342369
0.000387430
0.000272989
0.000343561
0.000293970
0.000308275
0.000340700
0.000251293
0.000341654
0.000244141
0.000313759
0.000341892
0.000280142
0.000342607
0.000271797
0.000345469
0.000272512
0.000276566
0.000294447
0.000325680
0.000270367
0.000340700
0.000344992
0.000294209
0.000329018
0.000335455
0.000321150
0.000315428
0.000269651
0.000319719
0.000350714
0.000346661
0.000272274
0.000310183
0.000271320
0.000281334
0.000337124
0.000355721
0.000322104
0.000301123
0.000280142
0.000313759
0.000297070
0.000388384
0.000318289
0.000315905
0.000300407
0.000319004
0.000318527
0.000337124
0.000302553
0.000270605
0.000273705
0.000308037
0.000257969
0.000337124
0.000269651
0.000336409
0.000273705
0.000334263
0.000270844
0.000314951
0.000273705
0.000321865
0.000319958
0.000294209
0.000267029
0.000307560
0.000338793
0.000350475
0.000241280
0.000347376
0.000340462
0.000320673
0.000334978
0.000335455
0.000241995
0.000312090
0.000301123
0.000271082
0.000335455
0.000347137
0.000285864
0.000320196
