0.000374794
0.000343800
0.000389338
0.000329494
0.000312328
0.000376225
0.000332355
0.000278234
0.000375509
0.000309944
0.000334024
0.000370979
0.000327587
0.000348806
0.000311375
0.000327587
0.000331163
0.000326395
0.000310183
0.000347614
0.000348806
0.000343561
0.000277996
0.000343323
0.000344515
0.000326157
0.000327110
0.000354528
0.000349045
0.000275612
0.000278473
0.000359535
0.000381231
0.000335455
0.000340700
0.000334501
0.000357389
0.000346661
0.000310898
0.000271082
0.000359058
0.000390768
0.000350714
0.000315666
0.000317574
0.000315905
0.000278711
0.000290394
0.000306368
0.000336885
0.000385523
0.000329971
0.000308514
0.000307798
0.000348091
0.000356197
0.000296831
0.000359297
0.000342607
0.000474930
0.000308752
0.000305653
0.000328541
0.000344276
0.000360966
0.000352621
0.000301838
0.000326395
0.000376225
0.000326633
0.000348091
0.000344276
0.000349283
0.000348806
0.000307798
0.000358582
0.000375271
0.000348091
0.000274658
0.000282526
0.000347614
0.000331163
0.000354052
0.000355721
0.000346661
0.000377178
0.000348806
0.000329733
0.000273943
0.000343561
0.000278950
0.000315428
0.000348091
0.000355959
0.000338554
0.000365734
0.000309467
0.000359774
0.000357151
0.000381947
