0.013650656
0.004208803
0.003894329
0.003867626
0.004225969
0.004225969
0.004127502
0.003997326
0.004191637
0.004267454
0.013543129
0.004271507
0.004056454
0.004156828
0.004228592
0.004274845
0.004182100
0.004164457
0.004314184
0.004194260
0.004233837
0.004228115
0.004165411
0.004272461
0.004277468
0.004325628
0.004196167
0.004256964
0.004238844
0.004346371
0.004405499
0.004228354
0.004199505
0.004197598
0.004191399
0.004185915
0.004280090
0.004233122
0.004453182
0.004211187
0.004288197
0.004286289
0.004221678
0.013430595
0.004218102
0.004238129
0.004136324
0.004101515
0.004322052
0.004265308
0.004156590
0.004088163
0.004319906
0.004286528
0.004261255
0.013915777
0.004125357
0.004195690
0.004339933
0.004058123
0.004208803
0.004055262
0.004354715
0.004186153
0.004230022
0.004209995
0.004211664
0.004220724
0.004234076
0.004155636
0.004263639
0.004197121
0.004224539
0.004118919
0.004190207
0.004186869
0.004211187
0.013840675
0.004344463
0.004128456
0.004141808
0.004312038
0.004313231
0.004248142
0.004244089
0.004198313
0.004200935
0.004294872
0.004301310
0.004236698
0.004165888
0.004358292
0.004301548
0.004229307
0.004193068
0.004266262
0.004269361
0.004081726
0.004415512
0.004260063
