0.000657082
0.000599861
0.000535250
0.000528812
0.000574112
0.000626564
0.000561237
0.000638008
0.000562429
0.000593185
0.000558376
0.000598431
0.000560284
0.000621080
0.000606060
0.000642300
0.000602245
0.000621080
0.000584126
0.000623465
0.000616550
0.000620604
0.000588894
0.000636101
0.000550747
0.000606060
0.000545263
0.000650883
0.000564575
0.000601053
0.000595331
0.000571012
0.000534058
0.000611544
0.000566721
0.000630856
0.000585794
0.000636578
0.000587702
0.000632524
0.000512600
0.000583410
0.000559568
0.000621319
0.000609875
0.000619173
0.000589371
0.000634909
0.000564814
0.000652075
0.000495434
0.000604868
0.000569820
0.000614166
0.000432014
0.000627041
0.000589132
0.000613928
0.000559330
0.000603437
0.000517130
0.000616789
0.000557899
0.000529051
0.000596762
0.000616789
0.000611305
0.000604391
0.000585079
0.000609159
0.000540972
0.000619411
0.000575542
0.000621319
0.000587940
0.000619888
0.000571489
0.000637770
0.000607014
0.000626326
0.000557184
0.000622034
0.000581503
0.000606775
0.000488520
0.000580549
0.000547886
0.000641584
0.000594378
0.000620365
0.000592709
0.000622034
0.000558853
0.000625134
0.000577211
0.000633717
0.000589371
0.000632286
0.000548601
0.000746250
