0.000281572
0.000315905
0.000303984
0.000292301
0.000318766
0.000312567
0.000296354
0.000312567
0.000294209
0.000319719
0.000317812
0.000266552
0.000343561
0.000370741
0.000318289
0.000343084
0.000301838
0.000342369
0.000316143
0.000284433
0.000347614
0.000353098
0.000323057
0.000330210
0.000365734
0.000345469
0.000281572
0.000246048
0.000243425
0.000343561
0.000296354
0.000339270
0.000314713
0.000311613
0.000327587
0.000342607
0.000345707
0.000284433
0.000322104
0.000249386
0.000328779
0.000317097
0.000353813
0.000269890
0.000279427
0.000315189
0.000271559
0.000343323
0.000326395
0.000349760
0.000237703
0.000315428
0.000314236
0.000252008
0.000332117
0.000346422
0.000303984
0.000289679
0.000314236
0.000294209
0.000318766
0.000308037
0.000280857
0.000317097
0.000343084
0.000346184
0.000302076
0.000339508
0.000241518
0.000267982
0.000229597
0.000343561
0.000379562
0.000343084
0.000343084
0.000282049
0.000315905
0.000267982
0.000315428
0.000332355
0.000297546
0.000329256
0.000327349
0.000270605
0.000229597
0.000245094
0.000314951
0.000337839
0.000303030
0.000279903
0.000337601
0.000245571
0.000355244
0.000345469
0.000277996
0.000286341
0.000327110
0.000326157
0.000336647
0.000318766
