0.001400709
0.001367092
0.001514673
0.001351833
0.001385450
0.001445770
0.001516104
0.001530409
0.001620770
0.001583815
0.001514435
0.001477480
0.001533985
0.001570463
0.001552820
0.001444340
0.001535892
0.001568556
0.001565933
0.001419783
0.001596451
0.001478195
0.001587391
0.001399755
0.001602411
0.001470804
0.001563072
0.001552820
0.001424313
0.001511574
0.001301289
0.001604557
0.001394510
0.001392603
0.001450062
0.001616240
0.001601219
0.001537800
0.001383543
0.001600266
0.001437187
0.001520395
0.001487732
0.001508713
0.001517296
0.001632690
0.001369476
0.001613140
0.001588583
0.001585007
0.001365900
0.001306772
0.001523018
0.001559734
0.001448154
0.001463175
0.001547813
0.001618385
0.001481771
0.001565218
0.001506090
0.001596689
0.001383305
0.001374960
0.001459837
0.001613379
0.001441002
0.001480341
0.001481533
0.001456976
0.001498222
0.001533985
0.001568317
0.001355410
0.001394987
0.001473665
0.001471281
0.001458406
0.001521826
0.001485825
0.001475334
0.001511335
0.001447678
0.001464844
0.001528025
0.001589060
0.001336813
0.001367569
0.001440287
0.001330614
0.001516819
0.001636505
0.001570940
0.001598120
0.001491070
0.001449585
0.001560450
0.001617908
0.001449108
0.001624107
