0.000358343
0.000378609
0.000302553
0.000392437
0.000373602
0.000303268
0.000319719
0.000411987
0.000307322
0.000313044
0.000333309
0.000339985
0.000322580
0.000337839
0.000302553
0.000309706
0.000335693
0.000344753
0.000317097
0.000371695
0.000373125
0.000374794
0.000372410
0.000328779
0.000360966
0.000296831
0.000290871
0.000320911
0.000327349
0.000303268
0.000371933
0.000370264
0.000370979
0.000370026
0.000338078
0.000363588
0.000284433
0.000262976
0.000281572
0.000375986
0.000367880
0.000325203
0.000315189
0.000400543
0.000339270
0.000312567
0.000341892
0.000339985
0.000340939
0.000343084
0.000341415
0.000374317
0.000222206
0.000321865
0.000316381
0.000283957
0.000342846
0.000316381
0.000315428
0.000413179
0.000356197
0.000339270
0.000322580
0.000339985
0.000317335
0.000344038
0.000375271
0.000342846
0.000323772
0.000310659
0.000303030
0.000333309
0.000280142
0.000348806
0.000332594
0.000322819
0.000468016
0.000376701
0.000343323
0.000268936
0.000290394
0.000303984
0.000297546
0.000302792
0.000234365
0.000323296
0.000340462
0.000308752
0.000284910
0.000460148
0.000322580
0.000370026
0.000370502
0.000321150
0.000320196
0.000341654
0.000283480
0.000349283
0.000321627
0.000361681
