0.000300884
0.000284910
0.000264645
0.000299931
0.000303268
0.000355005
0.000281334
0.000341177
0.000326872
0.000274897
0.000314951
0.000346422
0.000341177
0.000346899
0.000280857
0.000315189
0.000347614
0.000337362
0.000316143
0.000289202
0.000356436
0.000300407
0.000310898
0.000295162
0.000316143
0.000325441
0.000359774
0.000288963
0.000303507
0.000320435
0.000327826
0.000353813
0.000313759
0.000308514
0.000321865
0.000324726
0.000309467
0.000308037
0.000357151
0.000366688
0.000371456
0.000339270
0.000310421
0.000309706
0.000310898
0.000284195
0.000355482
0.000344992
0.000328779
0.000500202
0.000312328
0.000308514
0.000332117
0.000295877
0.000371456
0.000383854
0.000357628
0.000322104
0.000378132
0.000335217
0.000355482
0.000322819
0.000368118
0.000307322
0.000293970
0.000266075
0.000371218
0.000303984
0.000319242
0.000295639
0.000347614
0.000289440
0.000331879
0.000281334
0.000303984
0.000333071
0.000309467
0.000367880
0.000338554
0.000469208
0.000326157
0.000315905
0.000306368
0.000336647
0.000325441
0.000246763
0.000324965
0.000321865
0.000299931
0.000281096
0.000332117
0.000341415
0.000315189
0.000329494
0.000308514
0.000289440
0.000313044
0.000373363
0.000372648
0.000348806
