0.000679731
0.000644445
0.000528336
0.000615597
0.000612736
0.000678301
0.000611782
0.000671625
0.000618219
0.000653982
0.000627518
0.000656128
0.000617743
0.000681400
0.000638008
0.000674725
0.000651360
0.000647068
0.000615358
0.000673294
0.000674963
0.000687122
0.000631809
0.000673294
0.000527859
0.000653744
0.000585794
0.000647545
0.000592470
0.000665665
0.000639200
0.000609636
0.000607014
0.000658989
0.000629425
0.000676394
0.000620127
0.000680208
0.000599384
0.000669479
0.000581026
0.000600576
0.000616074
0.000656605
0.000640392
0.000667095
0.000599146
0.000679255
0.000638008
0.000686407
0.000466824
0.000652552
0.000612259
0.000651598
0.000526190
0.000676155
0.000618219
0.000665426
0.000611544
0.000667810
0.000588417
0.000667334
0.000608444
0.000611067
0.000628948
0.000667095
0.000632524
0.000661850
0.000615597
0.000661850
0.000595808
0.000655174
0.000631094
0.000659943
0.000623941
0.000670433
0.000630379
0.000681877
0.000629902
0.000662088
0.000618219
0.000670671
0.000621796
0.000657320
0.000527620
0.000653267
0.000612497
0.000659227
0.000623703
0.000658512
0.000625610
0.000651836
0.000618219
0.000658512
0.000628233
0.000677109
0.000621080
0.000675201
0.000609398
0.000775337
