0.062494993
0.012684822
0.000264645
0.000303507
0.000301123
0.000293016
0.000243902
0.000285864
0.000295401
0.000258207
0.000266314
0.000299215
0.000294209
0.000282526
0.000278711
0.000289679
0.000291109
0.000376225
0.000281334
0.000247478
0.000301838
0.000305414
0.000309706
0.000240088
0.000217676
0.000220299
0.000337124
0.000308752
0.000237942
0.000237465
0.000213385
0.000251532
0.000278711
0.000234127
0.000236750
0.000297070
0.000321388
0.000339031
0.000323534
0.000309229
0.000288963
0.000268459
0.000321627
0.000212669
0.000254869
0.000277996
0.000315189
0.000290155
0.000193119
0.000247478
0.000217199
0.000204325
0.000280619
0.000201464
0.000201225
0.000314951
0.000235319
0.000183582
0.000292778
0.000339985
0.000214100
0.000174999
0.000235558
0.000205040
0.000201225
0.000301123
0.000227690
0.000193119
0.000238419
0.000171185
0.000191689
0.000306368
0.000265360
0.000211477
0.000221014
0.000228405
0.000212669
0.000218868
0.000356436
0.000221014
0.000236988
0.000323296
0.000210047
0.000165939
0.000256300
0.000215769
0.000201225
0.000194788
0.000144720
0.000321150
0.000253916
0.000245571
0.000170231
0.000238419
0.000500917
0.000518799
0.000241280
0.000247240
0.000298977
0.000229597
