0.013684273
0.004218102
0.003880262
0.003855228
0.004223108
0.004222870
0.004110813
0.004009485
0.004186392
0.004269600
0.013549089
0.004281998
0.004062891
0.004153728
0.004221201
0.004287720
0.004183531
0.004184008
0.004296303
0.004194975
0.004242659
0.004231215
0.004177809
0.004271030
0.004271269
0.004323244
0.004208803
0.004259586
0.004241705
0.004335165
0.004399300
0.004239798
0.004228592
0.004188299
0.004199505
0.004158020
0.004267454
0.004235506
0.004456520
0.004208565
0.004289389
0.004278660
0.004205227
0.013409138
0.004225492
0.004238605
0.004144192
0.004107714
0.004313231
0.004264832
0.004145384
0.004093409
0.004325628
0.004290104
0.004240513
0.013896465
0.004129887
0.004198551
0.004335642
0.004047155
0.004213095
0.004065990
0.004353762
0.004173279
0.004210472
0.004191160
0.004208565
0.004214048
0.004226446
0.004162788
0.004256964
0.004187584
0.004247427
0.004123926
0.004199266
0.004178762
0.004211187
0.013880968
0.004335880
0.004133701
0.004134893
0.004308701
0.004305601
0.004260540
0.004249334
0.004180193
0.004210234
0.004306078
0.004309654
0.004236460
0.004163027
0.004347801
0.004294395
0.004233837
0.004192591
0.004266977
0.004242182
0.004096031
0.004407644
0.004251003
