0.000399351
0.000296116
0.000314713
0.000347137
0.000344276
0.000325680
0.000334263
0.000309229
0.000308275
0.000312328
0.000283480
0.000394106
0.000348091
0.000334024
0.000348806
0.000357151
0.000338078
0.000342846
0.000328779
0.000409842
0.000404596
0.000323057
0.000356436
0.000409365
0.000343561
0.000272274
0.000315666
0.000352859
0.000303268
0.000391006
0.000272036
0.000317335
0.000365734
0.000306129
0.000364065
0.000404358
0.000347376
0.000339270
0.000361919
0.000410557
0.000277042
0.000323534
0.000338554
0.000363350
0.000422001
0.000309944
0.000271320
0.000309467
0.000373363
0.000405550
0.000364542
0.000287771
0.000375509
0.000340462
0.000325203
0.000335217
0.000320911
0.000319242
0.000321150
0.000408411
0.000325203
0.000347614
0.000370264
0.000253677
0.000376463
0.000342607
0.000375509
0.000389099
0.000346422
0.000293493
0.000331640
0.000310659
0.000396252
0.000346422
0.000375271
0.000359058
0.000349283
0.000380039
0.000337362
0.000370979
0.000382662
0.000267982
0.000325441
0.000338316
0.000350475
0.000279665
0.000385284
0.000339985
0.000341415
0.000346899
0.000346899
0.000347376
0.000384808
0.000348330
0.000376225
0.000343561
0.000357389
0.000359058
0.000281334
0.000415802
