0.000340223
0.000268221
0.000311136
0.000334024
0.000319719
0.000271320
0.000316381
0.000319958
0.000344515
0.000361919
0.000316620
0.000320196
0.000268936
0.000342846
0.000319481
0.000317574
0.000343084
0.000378847
0.000272751
0.000342369
0.000326872
0.000339746
0.000315905
0.000243902
0.000342846
0.000243664
0.000309467
0.000342131
0.000293732
0.000343084
0.000271559
0.000344515
0.000268936
0.000271082
0.000295877
0.000290871
0.000265837
0.000340223
0.000345469
0.000273228
0.000305176
0.000336170
0.000322104
0.000311375
0.000272751
0.000300169
0.000348330
0.000346899
0.000267506
0.000335217
0.000271320
0.000311375
0.000352144
0.000355959
0.000339508
0.000282288
0.000273466
0.000309706
0.000296831
0.000380039
0.000316858
0.000317335
0.000320911
0.000335217
0.000319481
0.000335693
0.000302792
0.000266314
0.000267982
0.000333071
0.000307083
0.000336409
0.000267267
0.000335217
0.000271082
0.000335455
0.000267982
0.000296354
0.000270367
0.000299931
0.000336170
0.000294924
0.000236034
0.000306368
0.000338793
0.000351429
0.000243425
0.000346184
0.000342131
0.000321865
0.000334978
0.000335455
0.000243664
0.000285625
0.000318050
0.000273705
0.000309706
0.000347853
0.000280857
0.000320673
