0.000466347
0.000375271
0.000371695
0.000368834
0.000335455
0.000357628
0.000402451
0.000381947
0.000405073
0.000341415
0.000352859
0.000349998
0.000410080
0.000389099
0.000374317
0.000394344
0.000359297
0.000410318
0.000455379
0.000328779
0.000369549
0.000347853
0.000390768
0.000402927
0.000375032
0.000317574
0.000390768
0.000396490
0.000380993
0.000409603
0.000391960
0.000368357
0.000367880
0.000380993
0.000390530
0.000397444
0.000359297
0.000391006
0.000396729
0.000363827
0.000425816
0.000405550
0.000388622
0.000429392
0.000410080
0.000397921
0.000391245
0.000327826
0.000351667
0.000411034
0.000361919
0.000408173
0.000390291
0.000446081
0.000344276
0.000403404
0.000389576
0.000399828
0.000411272
0.000473976
0.000365496
0.000374556
0.000315666
0.000427485
0.000410080
0.000391483
0.000402689
0.000391722
0.000409365
0.000369787
0.000397205
0.000397921
0.000396490
0.000377655
0.000356913
0.000396252
0.000389338
0.000351429
0.000452518
0.000409842
0.000389099
0.000393867
0.000361681
0.000437498
0.000403643
0.000401020
0.000317574
0.000398874
0.000461578
0.000385046
0.000400782
0.000349522
0.000391960
0.000429869
0.000350952
0.000396252
0.000389814
0.000390768
0.000422001
0.000390053
