0.002409220
0.002324581
0.002356052
0.002207994
0.013470411
0.012704849
0.002465725
0.002173901
0.002448320
0.002308369
0.002426386
0.002111435
0.002868652
0.002357721
0.002363443
0.002311468
0.002283573
0.002287149
0.002334833
0.004969358
0.002295256
0.002445459
0.002254486
0.002280712
0.002208233
0.002302408
0.002294779
0.002440453
0.002233267
0.002279520
0.002421856
0.002304316
0.002377748
0.002308369
0.002281666
0.002359867
0.002295017
0.002316713
0.002305746
0.002216816
0.002377987
0.002286911
0.002241373
0.002399206
0.002330303
0.002324581
0.002337456
0.002372742
0.002362490
0.002240896
0.002266884
0.002311945
0.002294540
0.002157450
0.002469540
0.002300978
0.002378941
0.002278805
0.002258301
0.002296209
0.002295971
0.002303362
0.002324343
0.002363682
0.002280712
0.002195835
0.002259016
0.002512693
0.002429962
0.002232790
0.002425194
0.002379179
0.002285004
0.002332449
0.002388239
0.002356291
0.002333879
0.002308607
0.002368927
0.002358675
0.002296925
0.002258539
0.002357006
0.002271891
0.002528667
0.002249718
0.002309084
0.002284288
0.002318144
0.002324104
0.002396345
0.002343893
0.002336979
0.002430916
0.002354145
0.002275705
0.002247334
0.002345800
0.002296448
0.002353430
