0.000449896
0.000416756
0.000442982
0.000420809
0.000395775
0.000469923
0.000457287
0.000466347
0.000461102
0.000454426
0.000514746
0.000495911
0.000442505
0.000423193
0.000440836
0.000497818
0.000448465
0.000501156
0.000419378
0.000427723
0.000492811
0.000429630
0.000465155
0.000485182
0.000444889
0.000456572
0.000442982
0.000466585
0.000465155
0.000459433
0.000434875
0.000431061
0.000499964
0.000457287
0.000441074
0.000573397
0.000380039
0.000392914
0.000484467
0.000482082
0.000449419
0.000500679
0.000432253
0.000434875
0.000497103
0.000427485
0.000428200
0.000401497
0.000462294
0.000480890
0.000438690
0.000365973
0.000432253
0.000454903
0.000434399
0.000488758
0.000495672
0.000453949
0.000410318
0.000552654
0.000425100
0.000394106
0.000453711
0.000418901
0.000453711
0.000495434
0.000430822
0.000450373
0.000491381
0.000453949
0.000439882
0.000509739
0.000438690
0.000427961
0.000492811
0.000433683
0.000438213
0.000442266
0.000461102
0.000473499
0.000452280
0.000424623
0.000439405
0.000476599
0.000455141
0.000429630
0.000488043
0.000461102
0.000417709
0.000477552
0.000408649
0.000426054
0.000458717
0.000438213
0.000393391
0.000467062
0.000401497
0.000443935
0.000515461
0.000439644
