0.000408411
0.000403404
0.000469208
0.000451326
0.000487566
0.000504732
0.000469685
0.000430584
0.000450373
0.000437498
0.000424385
0.000509024
0.000444174
0.000433683
0.000501871
0.000417233
0.000494480
0.000448704
0.000489235
0.000413656
0.000479221
0.000412464
0.000441790
0.000503778
0.000453234
0.000467539
0.000469446
0.000444412
0.000429153
0.000515223
0.000468493
0.000403166
0.000483513
0.000446558
0.000476360
0.000428200
0.000443697
0.000419855
0.000465393
0.000462055
0.000470638
0.000498295
0.000461578
0.000446320
0.000500917
0.000415325
0.000474215
0.000452995
0.000472307
0.000509739
0.000509977
0.000415802
0.000420570
0.000457764
0.000454664
0.000416517
0.000476599
0.000479698
0.000445127
0.000617027
0.000427961
0.000474930
0.000515699
0.000481129
0.000411749
0.000477552
0.000438929
0.000478745
0.000445127
0.000413179
0.000412703
0.000469923
0.000479698
0.000464916
0.000519514
0.000431538
0.000478983
0.000513315
0.000438213
0.000446558
0.000452280
0.000468731
0.000479221
0.000503778
0.000444651
0.000468731
0.000514269
0.000399113
0.000482082
0.000507116
0.000475407
0.000421286
0.000449419
0.000468254
0.000480890
0.000560999
0.000495434
0.000437737
0.000454426
0.000411272
