0.000300646
0.000390291
0.000286341
0.000326157
0.000324011
0.000330925
0.000342131
0.000368595
0.000314236
0.000352144
0.000401258
0.000325680
0.000345230
0.000365734
0.000398874
0.000392199
0.000379562
0.000360012
0.000346422
0.000355959
0.000313044
0.000368834
0.000364065
0.000340700
0.000418901
0.000378847
0.000325680
0.000365734
0.000308752
0.000363588
0.000310659
0.000312090
0.000291586
0.000329733
0.000376940
0.000376225
0.000388384
0.000320196
0.000292301
0.000331640
0.000329494
0.000316381
0.000343561
0.000390291
0.000396490
0.000392437
0.000329256
0.000368595
0.000396252
0.000407457
0.000386477
0.000431061
0.000389099
0.000392914
0.000404835
0.000340223
0.000334740
0.000375748
0.000403881
0.000403881
0.000447750
0.000309706
0.000362635
0.000401020
0.000376940
0.000395060
0.000401497
0.000376463
0.000415564
0.000437975
0.000402689
0.000402927
0.000408173
0.000403881
0.000316143
0.000404596
0.000380993
0.000393629
0.000375986
0.000372648
0.000356197
0.000384092
0.000365734
0.000328302
0.000314713
0.000372887
0.000387669
0.000366211
0.000380993
0.000400066
0.000398874
0.000308275
0.000377655
0.000316620
0.000325441
0.000375509
0.000375748
0.000372887
0.000369787
0.000380278
