0.018236399
0.010806084
0.011125088
0.011767149
0.010306597
0.011210918
0.010522127
0.010590076
0.010288477
0.010590553
0.010488033
0.010404348
0.010988951
0.011010885
0.010616779
0.010807037
0.010028362
0.010380268
0.010432720
0.029057503
0.011555672
0.010443449
0.011531591
0.023424149
0.021019936
0.017665386
0.010936022
0.021307230
0.010866642
0.018666267
0.011327744
0.008987188
0.010759830
0.010954618
0.019493580
0.010637283
0.017812014
0.010713339
0.009413481
0.015897512
0.010413885
0.014465094
0.010637999
0.012068987
0.010888577
0.010233164
0.010116816
0.031295776
0.011808395
0.018714666
0.010240793
0.011007071
0.020017624
0.011640549
0.011409998
0.021747351
0.011014938
0.010518789
0.010465860
0.010820627
0.012020826
0.011150360
0.011920691
0.011978388
0.011533976
0.019744635
0.011792660
0.010538578
0.010742426
0.010216475
0.010929823
0.011809587
0.012157917
0.011038065
0.011754990
0.010891676
0.011534691
0.016797066
0.011441469
0.010795593
0.010417223
0.009691000
0.019654274
0.011908293
0.011332273
0.011390448
0.012366533
0.018633366
0.010982990
0.010605335
0.010020971
0.009891510
0.011207819
0.010750771
0.010388613
0.021808147
0.011547565
0.011629581
0.010827303
0.011410236
