0.061779261
0.012475729
0.000170469
0.000255585
0.000225067
0.000334263
0.000348091
0.000322819
0.000369072
0.000321865
0.000356197
0.000319958
0.000328541
0.000339270
0.000331640
0.000318527
0.000350714
0.000337601
0.000345707
0.000333786
0.000333548
0.000299215
0.000319242
0.000354767
0.000295877
0.000226259
0.000244856
0.000289440
0.000224590
0.000278473
0.000281096
0.000243425
0.000244617
0.000235558
0.000291348
0.000237226
0.000401020
0.000313520
0.000336170
0.000631571
0.000633240
0.000219107
0.000164032
0.000320911
0.000510931
0.000202179
0.000241280
0.000191927
0.000173569
0.000261068
0.000234842
0.000228167
0.000351429
0.000312805
0.000265598
0.000301600
0.000327110
0.000316858
0.000388384
0.000340223
0.000337362
0.000254154
0.000226736
0.000305414
0.000246048
0.000324965
0.000289202
0.000315666
0.000308514
0.000331402
0.000478506
0.000306368
0.000251055
0.000296116
0.000327110
0.000282764
0.000331879
0.000277758
0.000237226
0.000293255
0.000274181
0.000316620
0.000371933
0.000305653
0.000271797
0.000346661
0.000260830
0.000287056
0.000252724
0.000359535
0.000231266
0.000265121
0.000378609
0.000271320
0.000242710
0.000348330
0.000323296
0.000336170
0.000332117
0.000268459
