0.001860857
0.001803398
0.001801014
0.001689911
0.001662970
0.001714468
0.001818657
0.001715183
0.001889229
0.001940489
0.002193451
0.001852274
0.001955509
0.001847267
0.001881599
0.001690626
0.001835585
0.001992226
0.002094269
0.001621246
0.001834154
0.001819849
0.001874685
0.001723766
0.001786470
0.001822233
0.001892805
0.001668453
0.001749754
0.001878738
0.001911163
0.012441158
0.001815081
0.001815796
0.001723766
0.001810312
0.001889706
0.001768589
0.001950741
0.001787424
0.001802921
0.001874208
0.001815319
0.001781940
0.001735449
0.001881599
0.001792431
0.012033224
0.001822233
0.001817942
0.001821995
0.001672029
0.001746416
0.001733780
0.001890421
0.001765490
0.001821518
0.001791000
0.001763344
0.001771688
0.001883030
0.001725435
0.001806736
0.001754284
0.001834154
0.001840115
0.001721859
0.001705647
0.001701832
0.001830816
0.001729965
0.001675606
0.001787186
0.001670837
0.001740694
0.001868725
0.001916647
0.001789331
0.001758814
0.001721144
0.001744270
0.001745224
0.001743793
0.001657724
0.001834869
0.001780510
0.001724005
0.001727819
0.001804590
0.001709938
0.001838684
0.001812220
0.001777411
0.001754761
0.001769066
0.001790285
0.001815319
0.001875639
0.001785040
0.001893282
