0.000415087
0.000401258
0.000388384
0.000406742
0.000338316
0.000376940
0.000392914
0.000330687
0.000440121
0.000391960
0.000399351
0.000385523
0.000339270
0.000440121
0.000411034
0.000379562
0.000370026
0.000406265
0.000400543
0.000396729
0.000394106
0.000382423
0.000365496
0.000442266
0.000271082
0.000395060
0.000398159
0.000402212
0.000405550
0.000396729
0.000392437
0.000427723
0.000398159
0.000425339
0.000446320
0.000357151
0.000354528
0.000325680
0.000362396
0.000384808
0.000365257
0.000334263
0.000365734
0.000372171
0.000364304
0.000365734
0.000362158
0.000323296
0.000398397
0.000362873
0.000365973
0.000367165
0.000367641
0.000405788
0.000364542
0.000380993
0.000370026
0.000346661
0.000393152
0.000448704
0.000347137
0.000298023
0.000324011
0.000380278
0.000368118
0.000366926
0.000382662
0.000376701
0.000395298
0.000365973
0.000353575
0.000373840
0.000367165
0.000397205
0.000355959
0.000367880
0.000374556
0.000400782
0.000399828
0.000376940
0.000364065
0.000399590
0.000370264
0.000396729
0.000365257
0.000368595
0.000354767
0.000359774
0.000364780
0.000371933
0.000370502
0.000365496
0.000362635
0.000399828
0.000355005
0.000365734
0.000374556
0.000350475
0.000409603
0.000334978
