0.001069069
0.001240253
0.001182318
0.001134396
0.001199484
0.001228333
0.001177311
0.001184225
0.001165152
0.001165867
0.001142979
0.001229286
0.001208544
0.001212120
0.001133680
0.001196384
0.001159906
0.001126289
0.001199484
0.001223564
0.001217604
0.001049280
0.001259565
0.001222134
0.001012087
0.001235008
0.001182318
0.001243830
0.001151323
0.001290560
0.001302004
0.001150370
0.001214504
0.001244783
0.001103640
0.001236677
0.001230478
0.001152039
0.001206636
0.001120329
0.001097679
0.001171589
0.001197338
0.001163721
0.001196623
0.001140833
0.001127720
0.001086473
0.001202583
0.001132250
0.001181841
0.001178026
0.001189947
0.001245499
0.001185417
0.001140356
0.001088142
0.001064539
0.001213551
0.001185417
0.001168728
0.001085281
0.001126766
0.001125574
0.001216888
0.001210213
0.001240969
0.001061201
0.001192570
0.000999212
0.001150131
0.001193523
0.001231194
0.001106977
0.001104593
0.001144886
0.001205683
0.001087904
0.001164198
0.001026154
0.001294613
0.001191378
0.001069307
0.001021624
0.001200914
0.000975370
0.001111031
0.001114607
0.001193762
0.001056910
0.001206875
0.001182556
0.001189470
0.001161575
0.001237154
0.001124382
0.001117229
0.001115799
0.001068592
0.001188517
