0.000335932
0.000361919
0.000294209
0.000299215
0.000291586
0.000315905
0.000348568
0.000333548
0.000335932
0.000299215
0.000319004
0.000300646
0.000330448
0.000333309
0.000305414
0.000331879
0.000331640
0.000333786
0.000368595
0.000340939
0.000321150
0.000350237
0.000334740
0.000331402
0.000370979
0.000335693
0.000335932
0.000335217
0.000322342
0.000347853
0.000353575
0.000313520
0.000380039
0.000306606
0.000344038
0.000365734
0.000343323
0.000358582
0.000337601
0.000319958
0.000300407
0.000341177
0.000300407
0.000344276
0.000345469
0.000383854
0.000404358
0.000331163
0.000365257
0.000317097
0.000361204
0.000339270
0.000338078
0.000342607
0.000349760
0.000342131
0.000304937
0.000337601
0.000320911
0.000428915
0.000315189
0.000334263
0.000318766
0.000347853
0.000335693
0.000336647
0.000305176
0.000319242
0.000317574
0.000332355
0.000333786
0.000316620
0.000320911
0.000329733
0.000322819
0.000321388
0.000321627
0.000320673
0.000316858
0.000317574
0.000319004
0.000301838
0.000320673
0.000315189
0.000315666
0.000332594
0.000319719
0.000320911
0.000340700
0.000303984
0.000321388
0.000319242
0.000318527
0.000317097
0.000315666
0.000318050
0.000319719
0.000324726
0.000316381
0.000309229
