0.000730038
0.000737429
0.000644684
0.000675917
0.000628710
0.000702143
0.000641346
0.000662804
0.000659943
0.000638723
0.000704765
0.000676632
0.000654459
0.000666142
0.000655651
0.000708580
0.000689268
0.000726223
0.000605345
0.000657320
0.000638008
0.000750542
0.000692606
0.000675917
0.000652075
0.000701189
0.000637293
0.000684023
0.000676394
0.000714064
0.000672579
0.000715494
0.000661373
0.000702858
0.000746965
0.000738859
0.000725269
0.000656366
0.000625849
0.000685930
0.000705719
0.000722170
0.000682116
0.000741720
0.000706434
0.000750303
0.000615835
0.000730276
0.000676394
0.000734568
0.000703096
0.000736475
0.000724316
0.000798225
0.000732422
0.000555277
0.000667334
0.000763416
0.000686646
0.000741482
0.000682831
0.000760317
0.000627041
0.000613689
0.000689268
0.000754595
0.000678539
0.000759363
0.000705957
0.000737190
0.000673532
0.000744581
0.000717878
0.000743151
0.000690937
0.000607252
0.000679493
0.000751495
0.000721216
0.000757217
0.000670671
0.000672102
0.000695705
0.000741720
0.000726223
0.000731468
0.000695705
0.000741959
0.000667095
0.000742197
0.000656366
0.000760317
0.000686884
0.000744581
0.000671625
0.000731468
0.000720263
0.000718594
0.000663280
0.000779152
