0.000328064
0.000365019
0.000288725
0.000355244
0.000324249
0.000327826
0.000388145
0.000282049
0.000325203
0.000319004
0.000326872
0.000293732
0.000308037
0.000329018
0.000377178
0.000400066
0.000360250
0.000316381
0.000351906
0.000318527
0.000291348
0.000326633
0.000313282
0.000306129
0.000382185
0.000389338
0.000308275
0.000293970
0.000358820
0.000304222
0.000282526
0.000320196
0.000291348
0.000462294
0.000358820
0.000298738
0.000286102
0.000306606
0.000283241
0.000286579
0.000319719
0.000307560
0.000232935
0.000304937
0.000291348
0.000363588
0.000305176
0.000282526
0.000269890
0.000307560
0.000336409
0.000311613
0.000313759
0.000323296
0.000352621
0.000305414
0.000275373
0.000262022
0.000274897
0.000293493
0.000301123
0.000306606
0.000261545
0.000314713
0.000318527
0.000292540
0.000384808
0.000314713
0.000321150
0.000281334
0.000275850
0.000311613
0.000306129
0.000330448
0.000295877
0.000265598
0.000268459
0.000312090
0.000410557
0.000283480
0.000277519
0.000279903
0.000276804
0.000331640
0.000340700
0.000347614
0.000285864
0.000292063
0.000299692
0.000435352
0.000307322
0.000325441
0.000311613
0.000332832
0.000278473
0.000326157
0.000324726
0.000300407
0.000326157
0.000285387
