0.014687300
0.005893230
0.005233765
0.014157295
0.005902052
0.005697012
0.005643606
0.005820274
0.005679846
0.006229639
0.005732059
0.005657673
0.005761385
0.005810261
0.005618572
0.015334845
0.005963564
0.005542994
0.005694389
0.005603313
0.005802631
0.005837679
0.018334150
0.006030560
0.006015539
0.006135941
0.005977869
0.006134033
0.005904913
0.005821705
0.005877495
0.006370306
0.006180763
0.006301403
0.014773607
0.018631458
0.013497591
0.005278587
0.005126238
0.005347013
0.005311489
0.005369663
0.005289555
0.005465984
0.005591869
0.005412579
0.005337715
0.005438089
0.005249500
0.005422354
0.005416632
0.005491734
0.005950689
0.005742788
0.005894184
0.005522251
0.005883217
0.005902767
0.005931139
0.005787373
0.014797449
0.006141186
0.005923271
0.005687952
0.005601883
0.005832911
0.005805492
0.005893469
0.005920887
0.005789518
0.005664110
0.018606186
0.005380630
0.005372524
0.005287886
0.005502939
0.005301237
0.005397081
0.005213261
0.018702030
0.005227327
0.005124569
0.005083561
0.005322218
0.005087137
0.005262852
0.005197287
0.005283356
0.005312920
0.005311489
0.005184174
0.005489588
0.005738735
0.005170822
0.005299807
0.005299807
0.005234003
0.005301237
0.005221605
0.005365610
