0.000269651
0.000301838
0.000278711
0.000298977
0.000293255
0.000327587
0.000346422
0.000317812
0.000303030
0.000297070
0.000289917
0.000321150
0.000314474
0.000312328
0.000288725
0.000283718
0.000320435
0.000296593
0.000313997
0.000299692
0.000325203
0.000309944
0.000297785
0.000293493
0.000325203
0.000293732
0.000385046
0.000261545
0.000285387
0.000319004
0.000307798
0.000298262
0.000304937
0.000306129
0.000325680
0.000300407
0.000313044
0.000355959
0.000333786
0.000304937
0.000298023
0.000288248
0.000289440
0.000294209
0.000266790
0.000288725
0.000253439
0.000348091
0.000299215
0.000269413
0.000278711
0.000242472
0.000371695
0.000246525
0.000237465
0.000257730
0.000223160
0.000226974
0.000245810
0.000225067
0.000202894
0.000208139
0.000223398
0.000246763
0.000299931
0.000299215
0.000292063
0.000299692
0.000264168
0.000341892
0.000276327
0.000283718
0.000239611
0.000278950
0.000283957
0.000274897
0.000282049
0.000323534
0.000312328
0.000353336
0.000266790
0.000260115
0.000336409
0.000481606
0.000223398
0.000191689
0.000448942
0.000255108
0.000232697
0.000181675
0.000205278
0.000226021
0.000245810
0.000255823
0.000190258
0.000259638
0.000231981
0.000213385
0.000204563
0.000352621
