0.000350475
0.000433207
0.000434875
0.000388384
0.000378132
0.000417948
0.000382185
0.000406265
0.000497580
0.000377178
0.000458717
0.000407934
0.000439882
0.000398397
0.000432491
0.000402212
0.000416040
0.000443459
0.000414610
0.000366211
0.000417709
0.000375986
0.000438452
0.000428438
0.000389338
0.000461102
0.000418901
0.000381947
0.000407457
0.000456095
0.000419855
0.000384331
0.000433445
0.000388861
0.000419140
0.000437498
0.000435114
0.000463009
0.000417709
0.000397444
0.000408411
0.000406981
0.000434875
0.000429869
0.000416756
0.000421762
0.000369549
0.000385523
0.000445843
0.000431299
0.000473261
0.000478745
0.000391245
0.000450373
0.000410080
0.000415325
0.000445604
0.000373125
0.000428438
0.000574112
0.000375271
0.000430584
0.000468731
0.000398636
0.000414848
0.000486851
0.000430584
0.000437021
0.000476837
0.000387669
0.000383139
0.000440121
0.000427008
0.000438213
0.000481606
0.000426292
0.000431538
0.000473499
0.000438213
0.000410795
0.000471592
0.000386953
0.000375509
0.000477076
0.000447989
0.000429869
0.000475883
0.000421524
0.000432014
0.000429153
0.000433445
0.000435352
0.000464439
0.000400782
0.000431061
0.000455141
0.000443935
0.000430346
0.000426292
0.000399113
