0.011795282
0.002168179
0.002472162
0.002295494
0.002347708
0.002187014
0.002366066
0.002410650
0.002311468
0.002201557
0.002334833
0.002424955
0.002391815
0.002137899
0.002249002
0.002570868
0.002697706
0.002697945
0.002388239
0.014104366
0.002614498
0.002405167
0.002350807
0.002549410
0.002787352
0.002273798
0.002264023
0.002506495
0.002319098
0.002437115
0.002427578
0.002702713
0.002551079
0.002571106
0.002469540
0.002395391
0.002169609
0.002269030
0.002336979
0.002429485
0.002217293
0.002334118
0.002238750
0.014075994
0.011990786
0.002295494
0.002285957
0.002214670
0.002334833
0.002316952
0.002509594
0.002383232
0.002639532
0.002505779
0.002710104
0.013465643
0.002262354
0.002426863
0.002653122
0.002537727
0.002344608
0.013753414
0.002648354
0.013313770
0.002131939
0.002532482
0.002140999
0.002292633
0.002196074
0.002181530
0.002431870
0.002254963
0.002685785
0.002502918
0.002281904
0.002038717
0.002507210
0.002373457
0.002552032
0.002564192
0.002321005
0.002769232
0.002229691
0.002198458
0.002421618
0.012882471
0.002328396
0.002682447
0.002475500
0.012209177
0.002177954
0.024691343
0.002321243
0.013575554
0.002276421
0.002275944
0.002286673
0.002500057
0.002479076
0.002560377
