0.004871607
0.004478693
0.004018784
0.004083633
0.004170895
0.003826618
0.003692865
0.003740788
0.003889322
0.004239798
0.003829479
0.013586760
0.004692554
0.004272938
0.004273415
0.003827095
0.016428471
0.013661385
0.005045891
0.004098892
0.003812551
0.005259752
0.004288673
0.004330158
0.004405975
0.004622459
0.004816294
0.004206657
0.003613234
0.004332542
0.013768673
0.004644156
0.003608704
0.003924131
0.003972054
0.004702568
0.004281521
0.004237890
0.004122496
0.004905462
0.005116224
0.004608870
0.004412889
0.004852533
0.005038261
0.004042149
0.004121542
0.004854918
0.004440069
0.004999876
0.004251480
0.004899025
0.004647970
0.004896641
0.004355907
0.004569769
0.004426003
0.004675150
0.004377604
0.004864454
0.004254818
0.004426956
0.004427671
0.004656792
0.004508018
0.004210472
0.004513502
0.004222631
0.004427195
0.012928247
0.004799604
0.004580259
0.004048109
0.012990475
0.005659819
0.004620552
0.004184723
0.004580736
0.004709244
0.005744696
0.004106045
0.004843235
0.004497051
0.004914999
0.004570484
0.004143238
0.003828287
0.004301548
0.004173994
0.004558802
0.004480124
0.005120039
0.003795862
0.013078451
0.003832579
0.012516737
0.004759789
0.004493713
0.004089117
0.004137754
