0.000792027
0.000683546
0.000793695
0.000796318
0.000766516
0.000781536
0.000813246
0.000789165
0.000800133
0.000767946
0.000765324
0.000777721
0.000705481
0.000762224
0.000766039
0.000810862
0.000787258
0.000787735
0.000782728
0.000803232
0.000730753
0.000805855
0.000800371
0.000799179
0.000672340
0.000804424
0.000735760
0.000817776
0.000741243
0.000722647
0.000771284
0.000780106
0.000776052
0.000807762
0.000783920
0.000788689
0.000772476
0.000793695
0.000821352
0.000753164
0.000758886
0.000802040
0.000787735
0.000769854
0.000758171
0.000781059
0.000729084
0.000762463
0.000741959
0.000766277
0.000767231
0.000767231
0.000759602
0.000778913
0.000773430
0.000782728
0.000767231
0.000780582
0.000756502
0.000758410
0.000741243
0.000777245
0.000763893
0.000763655
0.000732899
0.000768661
0.000776291
0.000787020
0.000771523
0.000766277
0.000774145
0.000756741
0.000735283
0.000775814
0.000764132
0.000781298
0.000754595
0.000766516
0.000740051
0.000751972
0.000751972
0.000771046
0.000758410
0.000773907
0.000729799
0.000803709
0.000755548
0.000790596
0.000743151
0.000769854
0.000766277
0.000803232
0.000761986
0.000777245
0.000735998
0.000784874
0.000757456
0.000794172
0.000754356
0.000791311
