0.000430346
0.000329256
0.000274658
0.000299931
0.000278711
0.000297546
0.000326157
0.000294685
0.000297308
0.000322580
0.000320435
0.000308990
0.000308752
0.000321627
0.000300407
0.000326395
0.000295639
0.000296593
0.000291824
0.000277519
0.000310183
0.000326157
0.000299931
0.000322819
0.000376463
0.000338793
0.000306606
0.000326633
0.000273466
0.000332832
0.000287056
0.000357628
0.000352144
0.000280857
0.000309467
0.000276089
0.000324488
0.000292778
0.000272751
0.000332355
0.000323057
0.000320911
0.000306129
0.000284433
0.000292778
0.000334501
0.000323534
0.000290871
0.000329733
0.000372410
0.000293255
0.000304699
0.000304461
0.000284195
0.000272989
0.000294209
0.000337601
0.000318527
0.000286579
0.000496387
0.000309944
0.000287533
0.000295639
0.000348330
0.000295877
0.000308990
0.000367641
0.000292540
0.000322580
0.000294447
0.000315428
0.000314713
0.000298262
0.000315189
0.000305891
0.000292540
0.000290155
0.000320435
0.000319481
0.000330925
0.000271797
0.000303268
0.000293016
0.000310183
0.000296116
0.000299454
0.000320196
0.000321865
0.000350952
0.000338078
0.000337839
0.000319242
0.000305176
0.000299931
0.000308990
0.000323534
0.000293255
0.000288010
0.000325918
0.000309467
