0.001339197
0.001290083
0.001262188
0.001358747
0.001341820
0.001476288
0.001388311
0.001477957
0.001380444
0.001330853
0.001297951
0.001514196
0.001351595
0.001398563
0.001514673
0.001410723
0.001298189
0.001409292
0.001395226
0.001342773
0.001348734
0.001432180
0.001422644
0.001291275
0.001332998
0.001592398
0.001205206
0.001424551
0.001622200
0.001125336
0.001307487
0.001425266
0.001439810
0.001465321
0.001332760
0.001414537
0.001488447
0.001461506
0.001379728
0.001409769
0.001414299
0.001497507
0.001454830
0.001323462
0.001369476
0.001459122
0.001338482
0.001420021
0.001407146
0.001430750
0.001394987
0.001372814
0.001499891
0.001420259
0.001425028
0.001396418
0.001482010
0.001371384
0.001444817
0.001417637
0.001467228
0.001292706
0.001372099
0.001417637
0.001403570
0.001513243
0.001374006
0.001391411
0.001446009
0.001358747
0.001444578
0.001364946
0.001419783
0.001456738
0.001455784
0.001404047
0.001389742
0.001419306
0.001417398
0.001269341
0.001354218
0.001411915
0.001462698
0.001415491
0.001446009
0.001386881
0.001395941
0.001384735
0.001406908
0.001307249
0.001338959
0.001371145
0.001489639
0.001463175
0.001459599
0.001367807
0.001465321
0.001392126
0.001388788
0.001348495
