0.000272036
0.000323534
0.000290871
0.000312567
0.000318527
0.000263691
0.000339508
0.000289202
0.000289679
0.000311852
0.000286102
0.000302315
0.000314236
0.000298977
0.000298977
0.000294209
0.000339746
0.000319958
0.000295401
0.000415564
0.000314474
0.000309229
0.000319242
0.000304937
0.000313520
0.000305414
0.000290632
0.000305414
0.000273466
0.000283241
0.000286818
0.000287294
0.000295401
0.000290871
0.000286579
0.000287294
0.000355482
0.000287294
0.000346184
0.000295401
0.000309944
0.000303984
0.000292301
0.000290632
0.000314713
0.000311136
0.000298500
0.000290871
0.000322342
0.000290394
0.000307083
0.000307798
0.000239134
0.000329256
0.000305176
0.000299215
0.000336409
0.000316381
0.000294209
0.000279903
0.000312090
0.000322580
0.000320673
0.000314474
0.000337124
0.000291109
0.000321627
0.000316858
0.000298500
0.000297070
0.000325918
0.000274658
0.000269413
0.000249386
0.000301361
0.000319004
0.000314236
0.000322580
0.000321627
0.000448227
0.000332117
0.000334740
0.000339746
0.000296593
0.000289917
0.000309467
0.000321150
0.000309944
0.000327826
0.000314951
0.000352859
0.000307560
0.000347137
0.000289917
0.000304222
0.000270367
0.000321150
0.000314951
0.000300407
0.000299215
