0.023024559
0.016843557
0.034023523
0.014762640
0.016331911
0.017675638
0.015596151
0.016975164
0.014637947
0.016470909
0.016170502
0.017672062
0.016575813
0.016569853
0.019807577
0.016940594
0.023632765
0.025064468
0.015760899
0.018076658
0.017422915
0.016247988
0.027827024
0.018108606
0.017533779
0.017307997
0.017716646
0.017701387
0.015962124
0.024239063
0.017731667
0.017419577
0.016826153
0.016488791
0.016509771
0.030895233
0.016647100
0.015187025
0.016800165
0.016342640
0.017253399
0.017680645
0.014683485
0.016603231
0.017528534
0.017130375
0.026886463
0.017733097
0.017162561
0.017411947
0.017961264
0.017562866
0.017483473
0.027708769
0.017165899
0.016543865
0.015358448
0.015824080
0.016298294
0.017841578
0.016300917
0.022375107
0.016215563
0.018478870
0.014808893
0.017343283
0.025480032
0.025634289
0.026368618
0.015157938
0.016623735
0.016670942
0.017695665
0.017158508
0.017951012
0.022271156
0.017102718
0.017440557
0.016676664
0.024513006
0.015917778
0.015017509
0.016403913
0.027740717
0.026875257
0.015072823
0.019343615
0.016700983
0.025128365
0.024981976
0.015478849
0.017710686
0.023679733
0.023548603
0.017037868
0.018155336
0.015512466
0.017418146
0.017317295
0.015612602
