0.000315189
0.000287056
0.000257492
0.000287056
0.000317335
0.000314713
0.000232220
0.000351191
0.000304222
0.000323296
0.000311852
0.000332117
0.000289202
0.000334501
0.000317335
0.000310659
0.000310898
0.000285149
0.000292778
0.000306606
0.000283241
0.000319004
0.000271797
0.000309229
0.000304222
0.000308752
0.000210047
0.000317097
0.000320673
0.000288963
0.000320435
0.000315428
0.000282049
0.000341892
0.000302792
0.000326157
0.000314236
0.000314474
0.000305176
0.000305414
0.000345945
0.000301838
0.000303745
0.000289917
0.000316620
0.000349760
0.000308037
0.000322580
0.000351906
0.000361681
0.000319004
0.000285625
0.000364542
0.000340462
0.000294209
0.000328064
0.000337362
0.000344038
0.000331640
0.000455379
0.000323772
0.000314236
0.000323772
0.000284910
0.000296354
0.000360727
0.000298262
0.000307798
0.000319242
0.000301123
0.000308514
0.000351906
0.000323057
0.000348330
0.000336647
0.000328779
0.000330210
0.000365973
0.000313044
0.000282288
0.000300169
0.000360489
0.000303507
0.000314236
0.000305176
0.000272512
0.000317335
0.000329494
0.000335693
0.000578880
0.000314236
0.000304461
0.000319242
0.000313044
0.000298977
0.000277758
0.000286341
0.000320911
0.000306845
0.000294924
