0.000278234
0.000547409
0.000343800
0.000279427
0.000298023
0.000307560
0.000274420
0.000312090
0.000293732
0.000552416
0.000293016
0.000309944
0.000304699
0.000301361
0.000303030
0.000328541
0.000306368
0.000293255
0.000284910
0.000291348
0.000261784
0.000261545
0.000351191
0.000263453
0.000283480
0.000325680
0.000305653
0.000300407
0.000303030
0.000290155
0.000314236
0.000317812
0.000296354
0.000207663
0.000279188
0.000272274
0.000261307
0.000271320
0.000293016
0.000318527
0.000554085
0.000248671
0.000278473
0.000269890
0.000372410
0.000272512
0.000277281
0.000257015
0.000251532
0.000364542
0.000294924
0.000288010
0.000270367
0.000273705
0.000267267
0.000296593
0.000303507
0.000352383
0.000292301
0.000247717
0.000214338
0.000273466
0.000249863
0.000267267
0.000570297
0.000222683
0.000172615
0.000129938
0.000223637
0.000207901
0.000209570
0.000212431
0.000314236
0.000224113
0.000172138
0.000220776
0.000247002
0.000192642
0.000179052
0.000218391
0.000185490
0.000219345
0.000236511
0.000237465
0.000249147
0.000240564
0.000200748
0.000290632
0.000185728
0.000189781
0.000269890
0.000310421
0.000344515
0.000294685
0.000296831
0.000305891
0.000306129
0.000293732
0.000340462
0.000296593
