0.014419317
0.008711576
0.008362532
0.008474112
0.007669926
0.008056641
0.008560419
0.008987188
0.008272886
0.008125782
0.008135796
0.013765097
0.008903027
0.012163401
0.008961678
0.008679867
0.007254601
0.007476807
0.008732557
0.016396523
0.008543015
0.007976055
0.008908272
0.008511066
0.008984089
0.008943319
0.017143965
0.008858442
0.008795738
0.015864372
0.008011103
0.008750916
0.007838011
0.008863449
0.008748055
0.008792400
0.008062601
0.008592367
0.008434772
0.008466482
0.009271383
0.009038687
0.008638382
0.008494139
0.008697033
0.006471157
0.008028030
0.008290529
0.007667065
0.009052277
0.016818285
0.007366896
0.008629084
0.008689642
0.008881569
0.008126259
0.007804394
0.007863760
0.008799553
0.009128809
0.007839918
0.008229971
0.008782864
0.008913040
0.008704424
0.008343220
0.008079767
0.008718252
0.008755922
0.008486271
0.008512974
0.016794205
0.007533550
0.008773327
0.008697510
0.008816957
0.007716179
0.008910656
0.009101868
0.009472609
0.008815527
0.009061575
0.008770466
0.008416414
0.008489132
0.008383989
0.008807182
0.009278774
0.016510248
0.008463383
0.007869482
0.008293152
0.008745670
0.009145021
0.008454561
0.008241892
0.008016586
0.007429838
0.007275581
0.008305788
