0.000401497
0.000287294
0.000264406
0.000349998
0.000338316
0.000335693
0.000325680
0.000316858
0.000297546
0.000333548
0.000300407
0.000334263
0.000297785
0.000333548
0.000373840
0.000331402
0.000327110
0.000300407
0.000333309
0.000303268
0.000319242
0.000333548
0.000293493
0.000354052
0.000318289
0.000312567
0.000287533
0.000357151
0.000302792
0.000368357
0.000302076
0.000299692
0.000326872
0.000326633
0.000286818
0.000297546
0.000285387
0.000318766
0.000300884
0.000301838
0.000300169
0.000328064
0.000299215
0.000321388
0.000302553
0.000313759
0.000335217
0.000318289
0.000334263
0.000311613
0.000363588
0.000328779
0.000306845
0.000334501
0.000300646
0.000318050
0.000299454
0.000299931
0.000299692
0.000416994
0.000285387
0.000312328
0.000297070
0.000297070
0.000296354
0.000346422
0.000295877
0.000264645
0.000305653
0.000302553
0.000297308
0.000314951
0.000297785
0.000294209
0.000296593
0.000308275
0.000267982
0.000285149
0.000296354
0.000294209
0.000295162
0.000273705
0.000245810
0.000264883
0.000298262
0.000344038
0.000246525
0.000267267
0.000305653
0.000298977
0.000299215
0.000294447
0.000298500
0.000304461
0.000328302
0.000292778
0.000303745
0.000302792
0.000306845
0.000326157
