0.000311375
0.000272274
0.000255823
0.000341177
0.000301600
0.000270605
0.000349998
0.000307798
0.000339746
0.000335217
0.000263929
0.000302076
0.000291348
0.000366926
0.000333309
0.000301838
0.000322819
0.000303030
0.000331163
0.000288725
0.000286579
0.000288010
0.000288486
0.000319242
0.000315189
0.000284910
0.000285149
0.000307560
0.000334263
0.000336409
0.000330210
0.000329256
0.000315189
0.000364065
0.000317812
0.000303507
0.000314713
0.000285387
0.000313282
0.000288248
0.000333071
0.000339508
0.000335455
0.000347853
0.000303745
0.000314236
0.000316858
0.000260592
0.000405312
0.000316858
0.000334263
0.000311852
0.000352621
0.000327587
0.000284433
0.000276327
0.000304222
0.000303984
0.000336885
0.000304937
0.000314236
0.000342369
0.000286341
0.000354052
0.000346899
0.000314474
0.000347853
0.000320673
0.000352859
0.000340462
0.000349760
0.000302553
0.000380278
0.000363588
0.000342131
0.000306845
0.000350237
0.000351191
0.000381708
0.000304699
0.000315905
0.000329733
0.000328779
0.000349760
0.000295877
0.000347376
0.000357151
0.000308514
0.000358105
0.000334263
0.000322819
0.000304461
0.000350952
0.000368357
0.000317097
0.000327826
0.000332355
0.000321627
0.000367880
0.000380039
