0.000275850
0.000559330
0.000335217
0.000254631
0.000296831
0.000268459
0.000244379
0.000273943
0.000266552
0.000530243
0.000256062
0.000278473
0.000286102
0.000309706
0.000309944
0.000276327
0.000278711
0.000264406
0.000265598
0.000260592
0.000236034
0.000251532
0.000344753
0.000257254
0.000305891
0.000293493
0.000276804
0.000280619
0.000284910
0.000263929
0.000278473
0.000297308
0.000270844
0.000207424
0.000266552
0.000255585
0.000262260
0.000262976
0.000293493
0.000289679
0.000547647
0.000255108
0.000246763
0.000236273
0.000329256
0.000290394
0.000252485
0.000233650
0.000261545
0.000329494
0.000285387
0.000289679
0.000263929
0.000268459
0.000265360
0.000292301
0.000284672
0.000311852
0.000310421
0.000251770
0.000218868
0.000248432
0.000249863
0.000252485
0.000541687
0.000219822
0.000178576
0.000155449
0.000259161
0.000207901
0.000222445
0.000225306
0.000304461
0.000229597
0.000165701
0.000221491
0.000255108
0.000212431
0.000184774
0.000277281
0.000188351
0.000226021
0.000233412
0.000200510
0.000254869
0.000253916
0.000201702
0.000276566
0.000181437
0.000190496
0.000258923
0.000288486
0.000338793
0.000298023
0.000304461
0.000293255
0.000288248
0.000272989
0.000337839
0.000305414
