0.000337601
0.000331879
0.000268459
0.000302792
0.000290155
0.000303745
0.000332594
0.000297546
0.000301600
0.000303268
0.000304222
0.000304699
0.000302076
0.000320435
0.000293255
0.000346422
0.000302553
0.000291824
0.000295877
0.000282049
0.000315666
0.000326633
0.000299931
0.000319481
0.000370264
0.000341654
0.000323296
0.000296116
0.000260592
0.000352144
0.000282049
0.000375748
0.000353098
0.000285625
0.000301600
0.000276089
0.000324726
0.000293016
0.000273943
0.000355005
0.000324011
0.000336170
0.000306129
0.000288010
0.000300407
0.000360727
0.000362873
0.000287533
0.000319719
0.000350714
0.000288963
0.000294447
0.000298500
0.000276327
0.000279427
0.000303268
0.000336409
0.000338554
0.000287533
0.000500202
0.000335932
0.000283003
0.000283718
0.000331402
0.000298738
0.000300646
0.000348806
0.000287294
0.000300646
0.000292778
0.000313759
0.000335693
0.000280380
0.000336170
0.000324726
0.000298977
0.000296354
0.000330925
0.000298262
0.000328302
0.000263214
0.000314713
0.000297546
0.000314951
0.000298500
0.000301123
0.000313520
0.000307560
0.000338554
0.000302315
0.000326395
0.000329256
0.000296593
0.000306606
0.000321865
0.000307322
0.000278473
0.000280857
0.000332117
0.000340700
