0.001341581
0.001203060
0.001284361
0.001309395
0.001333714
0.001408339
0.001416445
0.001519680
0.001274586
0.001210690
0.001301289
0.001471043
0.001333237
0.001333237
0.001552343
0.001437426
0.001271725
0.001425028
0.001387119
0.001364470
0.001273155
0.001376867
0.001420259
0.001260757
0.001269102
0.001535177
0.001185656
0.001425028
0.001566410
0.001087189
0.001295328
0.001331329
0.001451254
0.001446009
0.001327991
0.001426697
0.001473427
0.001441956
0.001411438
0.001380920
0.001404762
0.001482964
0.001435995
0.001287937
0.001360178
0.001430511
0.001334190
0.001437187
0.001403332
0.001405716
0.001373291
0.001358032
0.001477242
0.001430511
0.001451969
0.001367092
0.001505375
0.001361847
0.001445532
0.001437426
0.001511574
0.001288652
0.001359463
0.001384497
0.001401663
0.001462221
0.001377583
0.001406670
0.001457930
0.001366615
0.001427889
0.001376390
0.001406193
0.001445293
0.001467466
0.001392841
0.001402855
0.001417160
0.001395941
0.001252890
0.001337051
0.001423597
0.001458406
0.001417160
0.001463175
0.001421452
0.001369238
0.001402855
0.001406908
0.001311302
0.001361609
0.001376867
0.001436234
0.001453876
0.001436472
0.001367569
0.001396179
0.001381874
0.001304865
0.001350641
