0.011812925
0.002032042
0.002369881
0.002349854
0.002244949
0.002265930
0.002406597
0.002382517
0.002336740
0.002248287
0.002355337
0.002370119
0.002382994
0.002064228
0.002205372
0.002609015
0.002377748
0.002325058
0.002380371
0.014161348
0.002503395
0.002198219
0.002315283
0.002507687
0.002702475
0.002183676
0.002190113
0.002325773
0.002159595
0.002221823
0.002208233
0.002531767
0.002560377
0.002563238
0.002428532
0.002260923
0.001973629
0.002205610
0.002292871
0.002394915
0.002147675
0.002263784
0.002188921
0.014078140
0.011930943
0.002268076
0.002222776
0.002055407
0.002255440
0.002274275
0.002427816
0.002366543
0.002643585
0.002474308
0.002695560
0.013444185
0.002295971
0.002442598
0.002509594
0.002377033
0.002266645
0.013280869
0.002641439
0.013482809
0.002128363
0.002513409
0.002125740
0.002137899
0.002050161
0.002039433
0.002423763
0.002183199
0.002638340
0.002439737
0.002250195
0.001897335
0.002454042
0.002363205
0.002577305
0.002560616
0.002276659
0.002790213
0.002197742
0.002140284
0.002411604
0.012470007
0.002291203
0.002625942
0.002402067
0.012570381
0.002179623
0.013602734
0.002314806
0.013449669
0.002204657
0.002280951
0.002287149
0.002427578
0.002457619
0.002527714
