0.005168676
0.004832745
0.004366398
0.004440546
0.004544735
0.004165411
0.003713846
0.004070997
0.004213810
0.004571199
0.003864288
0.014536858
0.004333735
0.004284143
0.004253387
0.003862381
0.015656948
0.013728142
0.004679918
0.003770590
0.003481627
0.004915714
0.004672289
0.003970623
0.003999472
0.004262924
0.004826307
0.004213572
0.003971338
0.004350901
0.013403654
0.004618168
0.003951073
0.004321575
0.004332304
0.004332542
0.003925800
0.003877878
0.004158258
0.004922152
0.005472898
0.004608870
0.004408121
0.005176783
0.005038977
0.004406452
0.004104137
0.004846096
0.004424810
0.004950285
0.004232883
0.004873514
0.004622936
0.004902363
0.004366636
0.004542112
0.004376888
0.004752398
0.004383326
0.004863024
0.004282713
0.004058361
0.004500389
0.004710436
0.004569054
0.004231215
0.004525900
0.004237175
0.004472017
0.012988806
0.004472733
0.004626751
0.004094124
0.013037205
0.005666494
0.004208326
0.004181147
0.004191399
0.004325867
0.005318642
0.004095316
0.004834175
0.004452944
0.005243301
0.004552603
0.004468441
0.004176617
0.004297256
0.004141569
0.004169464
0.004091501
0.004797459
0.004135609
0.013240814
0.004174232
0.013204336
0.005151510
0.004852057
0.004109621
0.004527807
