0.000271559
0.000270128
0.000277042
0.000297308
0.000285387
0.000279665
0.000324965
0.000281096
0.000292301
0.000280619
0.000278234
0.000268698
0.000303268
0.000277281
0.000292301
0.000270367
0.000309229
0.000282526
0.000283241
0.000411510
0.000301361
0.000307322
0.000295162
0.000304461
0.000283480
0.000325680
0.000284910
0.000297070
0.000254631
0.000280380
0.000278950
0.000274658
0.000280619
0.000274897
0.000281096
0.000267982
0.000319719
0.000276327
0.000309229
0.000250340
0.000292540
0.000278950
0.000270605
0.000292063
0.000291109
0.000308990
0.000284910
0.000319481
0.000313282
0.000277996
0.000313997
0.000305176
0.000253916
0.000328064
0.000312090
0.000292540
0.000304699
0.000278473
0.000277281
0.000311852
0.000288963
0.000323057
0.000300884
0.000279188
0.000328064
0.000272751
0.000284195
0.000275850
0.000271320
0.000279188
0.000266314
0.000257254
0.000265598
0.000246286
0.000267744
0.000271082
0.000303268
0.000327110
0.000327349
0.000450134
0.000313282
0.000328302
0.000343323
0.000291109
0.000287056
0.000299692
0.000282764
0.000303507
0.000325918
0.000292063
0.000315189
0.000298500
0.000319958
0.000276089
0.000285149
0.000248909
0.000277042
0.000283241
0.000310183
0.000270844
