0.000272989
0.000269413
0.000265360
0.000294447
0.000269175
0.000285864
0.000305414
0.000291109
0.000274658
0.000274658
0.000271082
0.000298738
0.000288248
0.000286102
0.000283241
0.000255823
0.000314713
0.000272036
0.000280619
0.000284910
0.000296116
0.000276566
0.000282526
0.000269175
0.000314474
0.000272036
0.000345469
0.000259876
0.000264168
0.000299931
0.000286579
0.000277519
0.000269175
0.000277758
0.000301361
0.000276566
0.000277042
0.000378370
0.000305414
0.000268698
0.000284910
0.000283480
0.000263453
0.000273466
0.000257492
0.000267029
0.000235796
0.000352621
0.000274181
0.000242949
0.000263691
0.000252008
0.000371695
0.000225544
0.000235319
0.000254393
0.000226736
0.000226736
0.000246286
0.000216246
0.000197887
0.000189304
0.000214577
0.000225782
0.000258446
0.000271797
0.000266790
0.000258207
0.000238419
0.000321388
0.000271082
0.000258684
0.000234365
0.000283241
0.000287294
0.000277281
0.000286341
0.000299215
0.000313997
0.000311852
0.000243187
0.000261545
0.000340700
0.000462294
0.000209093
0.000168085
0.000429392
0.000234127
0.000232458
0.000195742
0.000235558
0.000246286
0.000266314
0.000268221
0.000201464
0.000215769
0.000221729
0.000208616
0.000195026
0.000310183
