0.000804186
0.000690222
0.000773907
0.000788450
0.000766754
0.000766516
0.000814199
0.000782013
0.000777721
0.000785589
0.000776052
0.000767469
0.000721693
0.000744820
0.000738859
0.000796080
0.000731468
0.000776052
0.000735283
0.000790596
0.000726938
0.000824928
0.000780106
0.000777245
0.000642776
0.000780344
0.000725985
0.000792027
0.000694990
0.000704050
0.000748634
0.000755310
0.000736952
0.000767469
0.000732899
0.000757933
0.000696421
0.000776052
0.000834703
0.000741243
0.000729799
0.000772715
0.000762224
0.000764132
0.000748158
0.000774622
0.000698805
0.000730991
0.000731945
0.000734806
0.000726700
0.000764608
0.000745296
0.000763416
0.000735044
0.000764370
0.000743151
0.000767946
0.000740051
0.000744820
0.000722647
0.000764132
0.000758171
0.000767946
0.000705719
0.000756025
0.000745296
0.000762939
0.000675678
0.000700951
0.000761986
0.000744581
0.000718355
0.000760078
0.000741720
0.000758171
0.000710011
0.000759125
0.000747442
0.000743628
0.000743389
0.000762701
0.000750065
0.000766039
0.000722170
0.000774145
0.000691175
0.000732422
0.000669479
0.000688314
0.000731707
0.000778675
0.000707388
0.000761271
0.000722408
0.000757456
0.000731707
0.000759125
0.000734568
0.000752449
