0.000344038
0.000396729
0.000384331
0.000356674
0.000373840
0.000403404
0.000356913
0.000355721
0.000414133
0.000372648
0.000462055
0.000383615
0.000429869
0.000337601
0.000343561
0.000373125
0.000316381
0.000376940
0.000316620
0.000309944
0.000351191
0.000349760
0.000439167
0.000338793
0.000362873
0.000458717
0.000373602
0.000296116
0.000372648
0.000399590
0.000363350
0.000323772
0.000371933
0.000329971
0.000342369
0.000393152
0.000364065
0.000400782
0.000363588
0.000337124
0.000339270
0.000369549
0.000370741
0.000366926
0.000354290
0.000361204
0.000356436
0.000359774
0.000375032
0.000323057
0.000408411
0.000411987
0.000287294
0.000385761
0.000314236
0.000348330
0.000348330
0.000344753
0.000367880
0.000494242
0.000345707
0.000364542
0.000402927
0.000327349
0.000351906
0.000400543
0.000328541
0.000371456
0.000409842
0.000330210
0.000321150
0.000366449
0.000361204
0.000375748
0.000414610
0.000368834
0.000368118
0.000411272
0.000370026
0.000339985
0.000401974
0.000324249
0.000328302
0.000411272
0.000362873
0.000374794
0.000408649
0.000348568
0.000364304
0.000371456
0.000368118
0.000370264
0.000399113
0.000329018
0.000368118
0.000389099
0.000376940
0.000327587
0.000409365
0.000402689
