0.000290394
0.000270367
0.000260353
0.000308990
0.000293732
0.000306606
0.000209332
0.000329971
0.000264645
0.000267744
0.000268459
0.000326395
0.000270844
0.000308990
0.000302792
0.000278711
0.000314951
0.000246763
0.000285864
0.000293732
0.000260592
0.000322580
0.000255108
0.000303268
0.000274420
0.000306606
0.000196218
0.000267029
0.000278234
0.000272751
0.000303984
0.000271559
0.000248671
0.000340223
0.000267982
0.000312805
0.000277042
0.000276566
0.000301600
0.000311852
0.000307322
0.000280142
0.000310421
0.000275850
0.000300407
0.000310183
0.000288725
0.000320911
0.000330210
0.000313282
0.000287533
0.000253201
0.000304461
0.000296593
0.000286341
0.000308037
0.000341892
0.000308037
0.000295877
0.000456095
0.000319242
0.000272989
0.000298500
0.000261784
0.000311613
0.000319719
0.000276327
0.000299454
0.000309229
0.000324249
0.000292540
0.000324965
0.000318050
0.000331163
0.000326633
0.000272751
0.000326872
0.000316858
0.000304699
0.000263214
0.000309706
0.000374079
0.000303984
0.000282526
0.000299692
0.000276566
0.000305414
0.000316858
0.000318766
0.000548363
0.000261545
0.000274181
0.000296116
0.000313282
0.000309706
0.000298738
0.000288010
0.000338316
0.000306845
0.000295401
