0.000409603
0.000272512
0.000265121
0.000340939
0.000301600
0.000262022
0.000329018
0.000319004
0.000349760
0.000348091
0.000264406
0.000309467
0.000289440
0.000369549
0.000339031
0.000309467
0.000324011
0.000319242
0.000330687
0.000290394
0.000289917
0.000285387
0.000288486
0.000320196
0.000314951
0.000284672
0.000273705
0.000308752
0.000344515
0.000342607
0.000342369
0.000356913
0.000342131
0.000379562
0.000319719
0.000315905
0.000341177
0.000285387
0.000314236
0.000287056
0.000346661
0.000338316
0.000338554
0.000376225
0.000315428
0.000329971
0.000315189
0.000273943
0.000418186
0.000325203
0.000342846
0.000339746
0.000351667
0.000325203
0.000282764
0.000306845
0.000319719
0.000313044
0.000342369
0.000321150
0.000310183
0.000346661
0.000259161
0.000344038
0.000345707
0.000316143
0.000336409
0.000316620
0.000348091
0.000344515
0.000329256
0.000300169
0.000380278
0.000350475
0.000337124
0.000276804
0.000305653
0.000346184
0.000381231
0.000303984
0.000308275
0.000300407
0.000298977
0.000374794
0.000273943
0.000372887
0.000382662
0.000308275
0.000357866
0.000334024
0.000348091
0.000303268
0.000346422
0.000374079
0.000316620
0.000326157
0.000332594
0.000296831
0.000363111
0.000324488
