0.000404358
0.000315428
0.000272751
0.000283241
0.000262976
0.000281811
0.000315189
0.000257730
0.000284910
0.000282764
0.000287294
0.000283003
0.000281811
0.000348806
0.000293732
0.000316620
0.000281572
0.000280142
0.000290632
0.000293493
0.000315666
0.000311136
0.000280619
0.000271797
0.000354052
0.000335693
0.000295877
0.000276089
0.000258923
0.000312805
0.000274420
0.000324011
0.000364780
0.000275373
0.000306845
0.000274658
0.000306368
0.000279903
0.000272036
0.000312090
0.000311375
0.000296354
0.000307083
0.000272512
0.000284195
0.000308514
0.000290632
0.000272751
0.000296116
0.000341415
0.000288963
0.000269413
0.000281572
0.000265837
0.000267982
0.000283718
0.000272036
0.000314713
0.000290155
0.000485659
0.000307083
0.000273705
0.000284433
0.000282288
0.000287771
0.000268221
0.000332355
0.000273466
0.000309229
0.000283957
0.000311136
0.000298262
0.000270128
0.000300407
0.000304937
0.000273228
0.000284672
0.000293255
0.000282288
0.000312805
0.000263453
0.000296831
0.000285149
0.000300407
0.000280380
0.000287294
0.000298262
0.000282049
0.000318289
0.000278473
0.000303745
0.000292540
0.000272036
0.000295639
0.000308037
0.000294924
0.000266075
0.000281334
0.000318050
0.000291109
