0.000251770
0.000534058
0.000304937
0.000242949
0.000267744
0.000255823
0.000236988
0.000273705
0.000253677
0.000520706
0.000253916
0.000278234
0.000271082
0.000272274
0.000276327
0.000260592
0.000276089
0.000257969
0.000255108
0.000255823
0.000227213
0.000267744
0.000330210
0.000245333
0.000303507
0.000289440
0.000278711
0.000268221
0.000306606
0.000262976
0.000278950
0.000283003
0.000266790
0.000198841
0.000257969
0.000259399
0.000233173
0.000252724
0.000248671
0.000278950
0.000531912
0.000247240
0.000253201
0.000233889
0.000312567
0.000257969
0.000244856
0.000233650
0.000226974
0.000322342
0.000272989
0.000284195
0.000256062
0.000261068
0.000252247
0.000273705
0.000278711
0.000287533
0.000277042
0.000255823
0.000179052
0.000242233
0.000257730
0.000248909
0.000530005
0.000230312
0.000171185
0.000105381
0.000341415
0.000231743
0.000205755
0.000207424
0.000285625
0.000240088
0.000147820
0.000157833
0.000231981
0.000192642
0.000164032
0.000173569
0.000163317
0.000205278
0.000223637
0.000174761
0.000232697
0.000226974
0.000184774
0.000272274
0.000161886
0.000163078
0.000251055
0.000269651
0.000304699
0.000270605
0.000277042
0.000293493
0.000283718
0.000272751
0.000314474
0.000257969
