0.001834154
0.002052069
0.002452374
0.002300024
0.002118826
0.001987696
0.002417564
0.002405643
0.002349377
0.002142668
0.002405167
0.002342701
0.002387762
0.002094507
0.002217054
0.002561331
0.002442598
0.002372503
0.002442598
0.014131069
0.002630472
0.002283096
0.002121687
0.002566099
0.002696037
0.002274275
0.002309084
0.002223492
0.002235889
0.002356768
0.002354383
0.002615213
0.002562284
0.002536535
0.002370119
0.002336502
0.001944780
0.002216816
0.002295256
0.002331734
0.002080202
0.002279282
0.002127647
0.013998032
0.011991501
0.002244949
0.002164125
0.002134800
0.002195358
0.002222061
0.002472162
0.002387524
0.002564669
0.002500057
0.002712727
0.013496161
0.002279520
0.002406120
0.002453804
0.002387762
0.002251148
0.013683319
0.002583027
0.013322353
0.002098560
0.002530575
0.002138853
0.002277851
0.002168655
0.002170563
0.002431154
0.002275944
0.002674103
0.002422810
0.002264977
0.002002001
0.002520084
0.002242804
0.002454042
0.002564192
0.002318621
0.002670050
0.002206802
0.002167940
0.002396822
0.012794495
0.002203226
0.002458334
0.002319574
0.012587309
0.002149582
0.013627291
0.002098560
0.013667822
0.002330780
0.002314806
0.002293587
0.002506733
0.002498388
0.002556324
