0.000738621
0.000640392
0.000772238
0.000771523
0.000715256
0.000772715
0.000812769
0.000721216
0.000741243
0.000759125
0.000743389
0.000766277
0.000715971
0.000735998
0.000728130
0.000788212
0.000718594
0.000738382
0.000727177
0.000784397
0.000729322
0.000801802
0.000759125
0.000773668
0.000633478
0.000780821
0.000717878
0.000791788
0.000663042
0.000724077
0.000753164
0.000705957
0.000747919
0.000762224
0.000732183
0.000766754
0.000700474
0.000769138
0.000697851
0.000712395
0.000721216
0.000751019
0.000729799
0.000687122
0.000685215
0.000764132
0.000617027
0.000687599
0.000696421
0.000670671
0.000705481
0.000760078
0.000696898
0.000744581
0.000704050
0.000750780
0.000709295
0.000753403
0.000726938
0.000737429
0.000707626
0.000751972
0.000699520
0.000718832
0.000681162
0.000735044
0.000714302
0.000738382
0.000633240
0.000668287
0.000743628
0.000741005
0.000648499
0.000744820
0.000687599
0.000746489
0.000654459
0.000747681
0.000671387
0.000718117
0.000678778
0.000747919
0.000713110
0.000745773
0.000699520
0.000762463
0.000633955
0.000680685
0.000617504
0.000649214
0.000665665
0.000768185
0.000665188
0.000756502
0.000671148
0.000741959
0.000696421
0.000741482
0.000714779
0.000750065
