0.001175642
0.001207113
0.001178265
0.001285315
0.001348972
0.001408100
0.001389980
0.001508951
0.001271963
0.001285553
0.001291275
0.001457930
0.001302719
0.001337290
0.001513243
0.001317501
0.001254797
0.001373529
0.001363039
0.001350880
0.001296043
0.001378775
0.001388311
0.001241922
0.001265526
0.001532078
0.001181841
0.001404047
0.001557589
0.001080513
0.001319885
0.001362085
0.001435041
0.001435041
0.001312017
0.001389027
0.001471519
0.001443863
0.001326084
0.001365423
0.001399755
0.001481056
0.001430035
0.001278639
0.001364470
0.001404285
0.001321554
0.001388788
0.001410961
0.001379490
0.001379251
0.001331329
0.001503706
0.001422405
0.001436234
0.001369476
0.001489878
0.001315832
0.001439333
0.001426220
0.001482010
0.001295328
0.001338959
0.001373529
0.001379013
0.001453400
0.001356602
0.001395464
0.001450062
0.001350403
0.001408577
0.001320124
0.001394272
0.001376629
0.001462221
0.001329184
0.001271248
0.001424313
0.001418352
0.001253366
0.001353264
0.001413584
0.001412630
0.001412392
0.001459837
0.001399279
0.001307487
0.001384735
0.001408577
0.001302242
0.001336813
0.001374722
0.001413584
0.001323462
0.001433849
0.001353979
0.001390934
0.001243830
0.001267433
0.001291037
