0.000277281
0.000262499
0.000221014
0.000260592
0.000276566
0.000275612
0.000197411
0.000303507
0.000261068
0.000264645
0.000257015
0.000299931
0.000259876
0.000289917
0.000277281
0.000273705
0.000277996
0.000246525
0.000255346
0.000274181
0.000255823
0.000281096
0.000241518
0.000277281
0.000274658
0.000272274
0.000184059
0.000267506
0.000263691
0.000259161
0.000277042
0.000260353
0.000245094
0.000283003
0.000261307
0.000278473
0.000257015
0.000276804
0.000276327
0.000270367
0.000303745
0.000266314
0.000276089
0.000262260
0.000268936
0.000300169
0.000267982
0.000285625
0.000296593
0.000278473
0.000267982
0.000234842
0.000267029
0.000267267
0.000281334
0.000283480
0.000300646
0.000279427
0.000270367
0.000421047
0.000270844
0.000254631
0.000280380
0.000253677
0.000263929
0.000274181
0.000249863
0.000274420
0.000270367
0.000271082
0.000259161
0.000289679
0.000268459
0.000265837
0.000298977
0.000258446
0.000284910
0.000285864
0.000268698
0.000241756
0.000269413
0.000301600
0.000269651
0.000273466
0.000265837
0.000232458
0.000267029
0.000285864
0.000271559
0.000566483
0.000249386
0.000274658
0.000296116
0.000294209
0.000295639
0.000276804
0.000282049
0.000299215
0.000280380
0.000304461
