0.007004738
0.008767605
0.008276463
0.008382559
0.008252621
0.007966280
0.007689238
0.008126020
0.007391214
0.007380486
0.007333755
0.006530523
0.008753061
0.015570879
0.008902073
0.007748365
0.007967234
0.008145809
0.008680105
0.016268492
0.008447647
0.007877111
0.008767843
0.008373737
0.008905172
0.008065462
0.016220093
0.008097172
0.008007765
0.013435364
0.007929087
0.007916451
0.008561373
0.008795738
0.008741140
0.007966995
0.008747339
0.009325027
0.008426428
0.008431435
0.009254932
0.009055614
0.008636951
0.008500814
0.008736610
0.014510632
0.007255077
0.008206129
0.007597208
0.008244038
0.015928984
0.008056164
0.008561134
0.007847548
0.008873224
0.008125305
0.007801771
0.007863522
0.007994175
0.009054661
0.008629799
0.008198500
0.007939577
0.007942915
0.007873297
0.009145975
0.008782864
0.008713245
0.008776188
0.008398533
0.008481741
0.018032789
0.008241653
0.007861614
0.008704185
0.008829355
0.008413553
0.008892536
0.008270264
0.008615971
0.008818388
0.009023428
0.008769274
0.008378983
0.007634401
0.008322477
0.008743525
0.008456945
0.015273809
0.008418322
0.007779121
0.008245230
0.007915974
0.008292913
0.008431911
0.008317232
0.007189512
0.008189917
0.008021355
0.007597685
