0.000351906
0.000285625
0.000264406
0.000280857
0.000295877
0.000329256
0.000313520
0.000286579
0.000271082
0.000300884
0.000273705
0.000300169
0.000272751
0.000306368
0.000331402
0.000304222
0.000286818
0.000269175
0.000303507
0.000271082
0.000289679
0.000299454
0.000241756
0.000311852
0.000288725
0.000281572
0.000245810
0.000318289
0.000270844
0.000327587
0.000269651
0.000271082
0.000298262
0.000296354
0.000255585
0.000269175
0.000247240
0.000283480
0.000274658
0.000273228
0.000271320
0.000297546
0.000272751
0.000293493
0.000273466
0.000271320
0.000307322
0.000287294
0.000291586
0.000279903
0.000322580
0.000287533
0.000260353
0.000302792
0.000276089
0.000289679
0.000270128
0.000269651
0.000271559
0.000391483
0.000251770
0.000286102
0.000265837
0.000267744
0.000265837
0.000320911
0.000265837
0.000236988
0.000283003
0.000267029
0.000268936
0.000286818
0.000271797
0.000269413
0.000266075
0.000279188
0.000243902
0.000252008
0.000267029
0.000266790
0.000267982
0.000251055
0.000222206
0.000241280
0.000267744
0.000308514
0.000220060
0.000241280
0.000275373
0.000268698
0.000269175
0.000268936
0.000265598
0.000271082
0.000295877
0.000232220
0.000268698
0.000267029
0.000271082
0.000325203
