0.000339508
0.000373602
0.000355244
0.000336647
0.000337362
0.000376701
0.000337601
0.000377417
0.000403643
0.000344038
0.000371456
0.000384569
0.000354767
0.000337362
0.000338316
0.000365973
0.000313997
0.000370026
0.000310659
0.000302076
0.000351191
0.000346661
0.000337362
0.000334501
0.000331640
0.000385046
0.000369072
0.000293493
0.000373363
0.000400305
0.000365734
0.000321150
0.000372648
0.000329256
0.000354052
0.000392675
0.000380278
0.000400782
0.000364780
0.000336647
0.000359297
0.000373125
0.000375032
0.000367880
0.000351667
0.000357866
0.000356913
0.000362158
0.000384331
0.000331640
0.000409365
0.000413179
0.000291586
0.000392199
0.000310183
0.000360250
0.000371456
0.000345230
0.000366449
0.000498772
0.000357151
0.000368834
0.000404596
0.000328541
0.000358582
0.000426292
0.000329971
0.000378370
0.000410318
0.000342607
0.000319004
0.000365734
0.000373125
0.000375271
0.000419378
0.000369787
0.000370979
0.000409126
0.000370026
0.000339746
0.000402451
0.000321150
0.000322580
0.000415564
0.000389814
0.000374794
0.000408649
0.000357389
0.000373363
0.000373125
0.000373363
0.000373363
0.000406742
0.000327826
0.000371695
0.000385046
0.000378132
0.000328064
0.000411749
0.000386477
