0.005151749
0.004848242
0.004351616
0.004450083
0.004549742
0.004200697
0.003987312
0.004085541
0.004189491
0.004601002
0.003364086
0.014124155
0.004709721
0.004262447
0.004243851
0.003835917
0.014976263
0.013656139
0.005051374
0.004096985
0.003828287
0.005239487
0.004653454
0.004320145
0.004378557
0.004647255
0.005191088
0.004204750
0.003950834
0.004336119
0.013710976
0.004259825
0.003606558
0.003922224
0.003969431
0.004328728
0.003909111
0.004194975
0.003777266
0.004903316
0.005456686
0.004593849
0.004394293
0.005174875
0.005032063
0.004387140
0.004074812
0.004843712
0.004420042
0.004618645
0.004246473
0.004530668
0.004271746
0.004434109
0.004297256
0.004511833
0.004383326
0.004345417
0.004383326
0.004506350
0.003975630
0.004434824
0.004440546
0.004633427
0.004512548
0.004209995
0.004479170
0.003854275
0.004379272
0.012820959
0.004807949
0.004257679
0.004079103
0.012587309
0.005287170
0.004144192
0.004182339
0.004521847
0.004344225
0.005325079
0.003731966
0.004803658
0.004090309
0.004909277
0.004534960
0.004143000
0.004148722
0.004293919
0.003793001
0.004511833
0.004385948
0.005131721
0.004131317
0.013230562
0.004161596
0.013168573
0.005148411
0.004837513
0.004106283
0.004513025
