0.023180962
0.015339613
0.034272909
0.013593674
0.017995358
0.017687798
0.017120838
0.016862869
0.016213179
0.014993668
0.017719269
0.017588139
0.016576767
0.016727448
0.025327921
0.017041445
0.022862673
0.023686171
0.015760660
0.025799751
0.017498493
0.016083241
0.015453339
0.017977238
0.017700672
0.017244339
0.017732143
0.016056299
0.017724991
0.026474237
0.017595768
0.017565489
0.016680241
0.016459465
0.016487360
0.030249119
0.016454220
0.016734362
0.016808271
0.016456127
0.017220259
0.017560244
0.016379356
0.016480446
0.017519712
0.017020941
0.025954723
0.015978098
0.017142296
0.015749454
0.017843962
0.016028404
0.017459631
0.024413586
0.017119884
0.016542673
0.015310526
0.015571356
0.016372204
0.017854929
0.016242266
0.012682199
0.016118765
0.023754835
0.016257763
0.017143488
0.024538517
0.025023222
0.026427746
0.016628742
0.016537666
0.016674280
0.017746449
0.017103672
0.017904997
0.026119232
0.017051220
0.017383814
0.016582012
0.025172472
0.015801668
0.016672611
0.016526222
0.028768539
0.021300077
0.016715050
0.024154186
0.016603231
0.023890257
0.025458097
0.017201662
0.016041279
0.025656939
0.025223494
0.017225981
0.018234253
0.015511990
0.017481089
0.015640497
0.017169237
