0.000284195
0.000280380
0.000270605
0.000296593
0.000285149
0.000293970
0.000317335
0.000292540
0.000271320
0.000273705
0.000272274
0.000305653
0.000298977
0.000290871
0.000279427
0.000266075
0.000289679
0.000280142
0.000290155
0.000284910
0.000293255
0.000281572
0.000276327
0.000272274
0.000297546
0.000279903
0.000328541
0.000255823
0.000269175
0.000285387
0.000274420
0.000272036
0.000269175
0.000274897
0.000302315
0.000288963
0.000268698
0.000284672
0.000288248
0.000264406
0.000273228
0.000267506
0.000245571
0.000252008
0.000250340
0.000253201
0.000221729
0.000329494
0.000260830
0.000248909
0.000365734
0.000230789
0.000377417
0.000218868
0.000237465
0.000246286
0.000218630
0.000221252
0.000234604
0.000210762
0.000187874
0.000185251
0.000207663
0.000216484
0.000250578
0.000264645
0.000265598
0.000279665
0.000244856
0.000300169
0.000296831
0.000257730
0.000232458
0.000293970
0.000298738
0.000305891
0.000302315
0.000294209
0.000273705
0.000298262
0.000236034
0.000261784
0.000332832
0.000494719
0.000232935
0.000192165
0.000439167
0.000265598
0.000243187
0.000181675
0.000206470
0.000248671
0.000266790
0.000260353
0.000182867
0.000201225
0.000169992
0.000160217
0.000190258
0.000297308
