-417.706442595
-417.706815243
-417.706871510
-417.706714869
-417.706469774
-417.706331015
-417.706398726
-417.706398964
-417.706858635
-417.707480431
-417.706720829
-417.706443310
-417.706541777
-417.706082582
-417.706001997
-417.706068754
-417.705626965
-417.705561638
-417.705743790
-417.695046425
-417.706146240
-417.706285715
-417.706282377
-417.706267595
-417.706101656
-417.706176996
-417.706556320
-417.706279516
-417.706943750
-417.707222939
-417.707034826
-417.707380056
-417.707711935
-417.707919121
-417.708112717
-417.707801819
-417.707870007
-417.707493782
-417.707516432
-417.707423449
-417.707401037
-417.708162785
-417.708226919
-417.708480835
-417.708553076
-417.708443642
-417.708679438
-417.708604336
-417.708869219
-417.708904266
-417.708060980
-417.708387136
-417.708348274
-417.707899332
-417.707798719
-417.707812548
-417.707075357
-417.705695868
-417.706023693
-417.706301689
-417.705829620
-417.706418991
-417.705916166
-417.706299305
-417.706657887
-417.706580162
-417.706712484
-417.706123590
-417.705902100
-417.706690550
-417.706291914
-417.706569433
-417.706402540
-417.706110001
-417.706269503
-417.706338644
-417.705820322
-417.705796242
-417.706677198
-417.706415892
-417.705900431
-417.706552744
-417.705678225
-417.706098080
-417.706348181
-417.706178188
-417.706620693
-417.706101179
-417.706675529
-417.707058907
-417.705888987
-417.706579685
-417.706235170
-417.705755711
-417.706264496
-417.706394672
-417.706029177
-417.706360579
-417.706243277
-417.706225395
