-417.707576752
-417.707622051
-417.708469629
-417.708469391
-417.709342003
-417.709561586
-417.710381031
-417.710144043
-417.710148335
-417.710026979
-417.709784031
-417.709779263
-417.709715605
-417.709981441
-417.709733725
-417.709997654
-417.710027695
-417.710316420
-417.710319757
-417.710301876
-417.710470676
-417.710470200
-417.710326195
-417.709839582
-417.709657669
-417.710261345
-417.711230993
-417.711141109
-417.711138964
-417.711158276
-417.711127281
-417.711138248
-417.711171865
-417.711141109
-417.710284233
-417.710703135
-417.710708141
-417.710711241
-417.710709095
-417.710716009
-417.711194277
-417.710577488
-417.710365534
-417.710182428
-417.709614038
-417.709830284
-417.708993673
-417.709370852
-417.709037781
-417.709274054
-417.709271908
-417.709261179
-417.709244967
-417.709203005
-417.709016323
-417.708993196
-417.708650112
-417.708484411
-417.706944466
-417.707005024
-417.707582951
-417.707570791
-417.707572699
-417.707554579
-417.707549095
-417.707507372
-417.708492994
-417.707396269
-417.707321644
-417.707580566
-417.708272934
-417.707506418
-417.707567692
-417.707538128
-417.706619263
-417.707579851
-417.707560539
-417.707357407
-417.707571745
-417.707251549
-417.707339764
-417.707521439
-417.706649780
-417.707538843
-417.706780672
-417.707881927
-417.707875490
-417.707535267
-417.707901955
-417.707265854
-417.707427263
-417.707560778
-417.707254410
-417.707566023
-417.707585573
-417.707658052
-417.706836700
-417.707569838
-417.708136559
-417.707453728
