-417.693723440
-417.700240612
-417.702019453
-417.700507164
-417.700392246
-417.700648546
-417.700135708
-417.700081110
-417.700584650
-417.701678514
-417.701106310
-417.694389105
-417.698929787
-417.694549561
-417.697987556
-417.698103905
-417.698720932
-417.698502779
-417.696718693
-417.689679623
-417.698164940
-417.699512005
-417.698735476
-417.698698759
-417.698347330
-417.698296785
-417.691026926
-417.699660540
-417.699620008
-417.691933155
-417.699698448
-417.700544357
-417.700116158
-417.701022863
-417.700361490
-417.700045824
-417.699823141
-417.699905157
-417.699792862
-417.701326370
-417.700495958
-417.700397730
-417.700299501
-417.700114012
-417.700140238
-417.694683790
-417.701366663
-417.699727058
-417.700999260
-417.700764894
-417.691900253
-417.701120138
-417.700333357
-417.699744463
-417.699211121
-417.699944973
-417.699754000
-417.700257778
-417.699585915
-417.699710369
-417.700359106
-417.700237513
-417.699550867
-417.699448586
-417.699836969
-417.700481892
-417.700045824
-417.700552702
-417.699755192
-417.701557636
-417.700079441
-417.691797256
-417.701000214
-417.700239420
-417.700274229
-417.701007843
-417.700633287
-417.701038837
-417.699882269
-417.699513912
-417.700284958
-417.701145411
-417.700120211
-417.700583220
-417.700829029
-417.700528860
-417.700504303
-417.700369835
-417.692099571
-417.699650049
-417.701857567
-417.700732231
-417.700375557
-417.699764729
-417.701247454
-417.700722218
-417.701057434
-417.701713324
-417.701699257
-417.700713396
