-417.695811272
-417.705174923
-417.704333782
-417.704139948
-417.703725338
-417.703624487
-417.703129053
-417.702983141
-417.702929974
-417.702271700
-417.701591730
-417.701060534
-417.700712204
-417.701025486
-417.700332165
-417.699281216
-417.698752165
-417.698218346
-417.698117256
-417.685940504
-417.696802139
-417.696611404
-417.696253777
-417.695407867
-417.695221663
-417.695592880
-417.695293665
-417.694560528
-417.694781303
-417.694123983
-417.693442583
-417.693201065
-417.692812443
-417.692255497
-417.691772699
-417.691311121
-417.691585302
-417.691808462
-417.691173315
-417.690557003
-417.690243006
-417.689591169
-417.689210892
-417.676867485
-417.678404093
-417.688084364
-417.687808037
-417.687500477
-417.687460899
-417.687626362
-417.686746597
-417.686336279
-417.686493874
-417.686492205
-417.686607361
-417.676414967
-417.689046383
-417.689247131
-417.689635992
-417.690708876
-417.692103386
-417.680929184
-417.692971945
-417.672167301
-417.696412563
-417.696448088
-417.698574781
-417.699270964
-417.700119734
-417.701280594
-417.701461315
-417.703325510
-417.703864574
-417.704849720
-417.705167770
-417.705558062
-417.704582691
-417.706069708
-417.705521822
-417.704989433
-417.704972029
-417.704789639
-417.705372334
-417.704887390
-417.705345869
-417.695544720
-417.704493999
-417.705434799
-417.705140829
-417.695291042
-417.704780579
-417.682933569
-417.705354929
-417.694250822
-417.704656601
-417.705410957
-417.705154896
-417.705073833
-417.705365419
-417.704845428
