-417.575526476
-417.624843359
-417.675449371
-417.707583904
-417.707616806
-417.707619429
-417.707880735
-417.707636833
-417.707829952
-417.708034754
-417.707583427
-417.707578182
-417.707950354
-417.707371712
-417.707587242
-417.707619429
-417.708131790
-417.707072020
-417.707571507
-417.707553148
-417.707552195
-417.707911253
-417.707577467
-417.708410978
-417.707722425
-417.707545996
-417.707035303
-417.707495213
-417.707148314
-417.707644463
-417.707907200
-417.707714558
-417.707566738
-417.707856417
-417.708201170
-417.708153486
-417.708206654
-417.708457470
-417.707851171
-417.707984447
-417.707664490
-417.707739592
-417.708264112
-417.707777977
-417.708258390
-417.708217144
-417.708323240
-417.708087444
-417.708257198
-417.708221197
-417.708376169
-417.708111763
-417.707646608
-417.707840443
-417.707995415
-417.708539248
-417.708426714
-417.708332300
-417.708310127
-417.708173275
-417.708324671
-417.708233595
-417.708427906
-417.708365917
-417.708032131
-417.707744837
-417.708379269
-417.708233595
-417.708387852
-417.707692623
-417.707983971
-417.708184481
-417.708209038
-417.707926273
-417.707408667
-417.707468510
-417.707579613
-417.707088709
-417.707455397
-417.707558632
-417.707715273
-417.708082438
-417.707533121
-417.708215952
-417.708115339
-417.707886934
-417.707537889
-417.707941055
-417.707120657
-417.707442999
-417.707450390
-417.707737446
-417.707586527
-417.707443237
-417.707726955
-417.707557678
-417.707579613
-417.707552910
-417.707744122
-417.707180977
