-417.707014561
-417.707085609
-417.707359076
-417.706776142
-417.707023382
-417.706667662
-417.706178188
-417.707006931
-417.707222462
-417.707345486
-417.706983089
-417.707006931
-417.707014322
-417.707428217
-417.707520247
-417.707902431
-417.707787037
-417.707775593
-417.707924366
-417.708176374
-417.708208561
-417.708332777
-417.708669901
-417.708836079
-417.709017277
-417.708970308
-417.709551573
-417.709520817
-417.709815741
-417.710259438
-417.710139513
-417.710420132
-417.710334063
-417.711036682
-417.710987806
-417.710523367
-417.710845470
-417.710626364
-417.710886717
-417.710930824
-417.711138487
-417.711122274
-417.711138487
-417.710619926
-417.709771872
-417.709529638
-417.709547043
-417.710136652
-417.709836960
-417.710222006
-417.710003376
-417.710004807
-417.710108280
-417.710249662
-417.710073709
-417.709971666
-417.709546566
-417.709832907
-417.709586143
-417.708552599
-417.707763433
-417.706966400
-417.706965446
-417.706992865
-417.706963301
-417.707001686
-417.707122803
-417.707351208
-417.706904650
-417.707413197
-417.706678152
-417.707441092
-417.707121849
-417.706032991
-417.706682682
-417.707356691
-417.707516432
-417.707464695
-417.706686735
-417.706062555
-417.706768751
-417.707334280
-417.706812382
-417.706947565
-417.707098007
-417.707295656
-417.706925631
-417.707654953
-417.707630157
-417.706988573
-417.706856489
-417.707003117
-417.706103802
-417.706946373
-417.706971884
-417.706933498
-417.707121611
-417.707542658
-417.706909418
-417.706977129
