-417.702859402
-417.703526735
-417.704120874
-417.704001904
-417.703397274
-417.704571009
-417.704040289
-417.704338074
-417.704345703
-417.704383612
-417.705308914
-417.695101738
-417.704675436
-417.705127954
-417.704596996
-417.704613686
-417.691186428
-417.695015192
-417.703461885
-417.704914093
-417.704633236
-417.702613115
-417.702889681
-417.703094482
-417.703198433
-417.702971697
-417.702465773
-417.704559088
-417.704936266
-417.705018282
-417.695369482
-417.704479218
-417.704469919
-417.704092979
-417.703511953
-417.703084946
-417.703526974
-417.703105927
-417.703402996
-417.703420877
-417.703377008
-417.704439878
-417.704384565
-417.704106092
-417.703955889
-417.704872370
-417.704304218
-417.703266382
-417.703819036
-417.703146696
-417.703514576
-417.703171015
-417.704266787
-417.703744888
-417.703855038
-417.703577518
-417.703034163
-417.703388453
-417.703706264
-417.703241825
-417.703687191
-417.704028368
-417.703923225
-417.703510046
-417.703738928
-417.704752445
-417.703402758
-417.704299212
-417.703579903
-417.695946693
-417.703227043
-417.703537464
-417.704357147
-417.694870710
-417.702368259
-417.703886032
-417.703822374
-417.703460217
-417.703054667
-417.702661514
-417.704084396
-417.703225136
-417.703223467
-417.702795744
-417.703916073
-417.703553915
-417.704185486
-417.703771114
-417.704014778
-417.703550100
-417.703973293
-417.702937365
-417.703978777
-417.695214510
-417.703663588
-417.694967985
-417.703269958
-417.703192711
-417.703944445
-417.703593731
