-417.686249733
-417.692527533
-417.675971746
-417.687182426
-417.690836668
-417.690695763
-417.690918922
-417.691272974
-417.693289280
-417.692922831
-417.689523935
-417.689380884
-417.690846443
-417.693038464
-417.682184219
-417.691184998
-417.684305668
-417.691697598
-417.690218210
-417.681861639
-417.691867352
-417.693375587
-417.679830313
-417.690175056
-417.691485643
-417.693414450
-417.692031860
-417.691362143
-417.691093445
-417.684561491
-417.693707943
-417.691880941
-417.691024303
-417.692114830
-417.694707155
-417.679492235
-417.692314148
-417.694278002
-417.691083431
-417.693162680
-417.691945076
-417.693567514
-417.692421198
-417.692883015
-417.692910910
-417.692663908
-417.683996677
-417.691179991
-417.691501141
-417.693480253
-417.692221642
-417.691664934
-417.692027330
-417.680969715
-417.691736460
-417.691991329
-417.692486525
-417.693941116
-417.692580223
-417.691156149
-417.692502260
-417.685514927
-417.692438841
-417.682646751
-417.694426298
-417.691895485
-417.683078289
-417.684862614
-417.682698250
-417.692205667
-417.693410158
-417.693228960
-417.692378283
-417.693133831
-417.692747116
-417.682757378
-417.691763163
-417.692267179
-417.691671133
-417.682352781
-417.692950964
-417.692460775
-417.691409349
-417.683929205
-417.681973457
-417.692374229
-417.682351828
-417.692988873
-417.683358431
-417.683001757
-417.692196608
-417.690186262
-417.683482647
-417.685220242
-417.694142818
-417.692607641
-417.692124844
-417.691252708
-417.692221642
-417.693187952
