-417.707693338
-417.707757711
-417.707949400
-417.707951307
-417.708184719
-417.707394361
-417.707601786
-417.707635641
-417.707067966
-417.706830025
-417.706862211
-417.706843853
-417.706847191
-417.706833124
-417.706551790
-417.706540585
-417.706584930
-417.706735611
-417.706727982
-417.706226349
-417.706226826
-417.706223488
-417.706490517
-417.706408978
-417.706242323
-417.706990242
-417.707287073
-417.707727194
-417.707692385
-417.707403898
-417.707287073
-417.707306623
-417.707459211
-417.707423449
-417.708055496
-417.708046913
-417.708098650
-417.708477020
-417.708055735
-417.708074808
-417.708114862
-417.707934141
-417.708356619
-417.708159685
-417.708346367
-417.708315134
-417.708314896
-417.708595037
-417.708731413
-417.709330559
-417.708600521
-417.707736492
-417.707829952
-417.707806110
-417.707852602
-417.707805634
-417.707839012
-417.707901716
-417.707744598
-417.707647562
-417.707920074
-417.707740545
-417.707745314
-417.707738161
-417.707457304
-417.707924128
-417.708261013
-417.707782984
-417.707258701
-417.707746267
-417.708045959
-417.707594633
-417.707656384
-417.706861734
-417.707396269
-417.707859039
-417.707783222
-417.707798004
-417.707753897
-417.707658529
-417.707749605
-417.707760096
-417.707423210
-417.707735300
-417.707671404
-417.707916737
-417.708203077
-417.707895994
-417.708196640
-417.707589865
-417.707371950
-417.707293272
-417.707540512
-417.707486153
-417.707253456
-417.707623243
-417.707582951
-417.707886934
-417.707414865
-417.707159281
