-417.706063986
-417.706551790
-417.706161022
-417.706169605
-417.706172705
-417.706134796
-417.705854654
-417.705877066
-417.705922365
-417.705960989
-417.705692768
-417.706220150
-417.706735134
-417.707338572
-417.707347870
-417.707331419
-417.707381487
-417.707392454
-417.707344055
-417.707308531
-417.707537413
-417.707512140
-417.707925320
-417.707948685
-417.708289862
-417.708658695
-417.709097862
-417.708809614
-417.709339619
-417.709397078
-417.709069014
-417.709395647
-417.709428072
-417.709561110
-417.709133148
-417.709396601
-417.709147692
-417.708611488
-417.708607912
-417.708632231
-417.709203959
-417.709364176
-417.709373236
-417.709031582
-417.709053040
-417.709249496
-417.708884716
-417.709447145
-417.709774971
-417.709751844
-417.709467411
-417.709155560
-417.709199905
-417.709026575
-417.709000349
-417.707904339
-417.706432104
-417.706053734
-417.706192970
-417.706071377
-417.706114769
-417.705745935
-417.706051111
-417.705718994
-417.706980705
-417.706063271
-417.706102371
-417.706066847
-417.706138372
-417.705649137
-417.706059933
-417.705666542
-417.706104279
-417.705877542
-417.705901146
-417.706324339
-417.705885172
-417.706391335
-417.706401587
-417.706084251
-417.705898523
-417.705596447
-417.705809832
-417.705756903
-417.706106424
-417.706385374
-417.705867052
-417.706257820
-417.705849648
-417.706110001
-417.705829859
-417.705207109
-417.706089973
-417.705171824
-417.706087828
-417.706233978
-417.706125736
-417.706419945
-417.706083298
-417.706070662
