-417.706960678
-417.706816435
-417.707153797
-417.707329750
-417.706988335
-417.707817078
-417.707135201
-417.708067417
-417.706816435
-417.707722425
-417.707001448
-417.707755566
-417.707128525
-417.707158327
-417.707427502
-417.706491947
-417.706604958
-417.707401276
-417.707151651
-417.707436800
-417.707406282
-417.707690716
-417.706522703
-417.707654476
-417.707404137
-417.707132578
-417.707006693
-417.706373215
-417.707459688
-417.707539320
-417.707509518
-417.707164526
-417.707396984
-417.707164526
-417.707196236
-417.707734585
-417.707093716
-417.707012892
-417.707120657
-417.707105398
-417.707556009
-417.707679749
-417.707155704
-417.706988811
-417.707387447
-417.707281113
-417.707290173
-417.707154512
-417.706911325
-417.708032370
-417.706922770
-417.707058191
-417.707528353
-417.707112551
-417.707358122
-417.707159519
-417.707139015
-417.706572294
-417.707313061
-417.706719637
-417.706844568
-417.706986904
-417.707121611
-417.706214190
-417.707380056
-417.707515240
-417.706893921
-417.707288027
-417.707160950
-417.706977606
-417.706959248
-417.707715511
-417.706904888
-417.707199097
-417.707269907
-417.706337929
-417.707264185
-417.706604719
-417.707099676
-417.707305908
-417.707125425
-417.708065748
-417.706997871
-417.707419634
-417.707074881
-417.707123995
-417.707383156
-417.707141399
-417.707374811
-417.707548857
-417.707112074
-417.707155228
-417.707088947
-417.707147360
-417.707634687
-417.707461119
-417.706930161
-417.707289219
-417.707124710
-417.707432985
