0.061747551
0.012411356
0.000146151
0.000227213
0.000202179
0.000250816
0.000273228
0.000266075
0.000272512
0.000250101
0.000274658
0.000278234
0.000260830
0.000253201
0.000268459
0.000251055
0.000254631
0.000266075
0.000318289
0.000257254
0.000277996
0.000258207
0.000256300
0.000279427
0.000251055
0.000191212
0.000154018
0.000176668
0.000158072
0.000205040
0.000186682
0.000171661
0.000155926
0.000181675
0.000197887
0.000171423
0.000384092
0.000273943
0.000278234
0.000477552
0.000490427
0.000158787
0.000120163
0.000257254
0.000448704
0.000166655
0.000184059
0.000181437
0.000123501
0.000174999
0.000225544
0.000176907
0.000266075
0.000255108
0.000212431
0.000274897
0.000301361
0.000290871
0.000281334
0.000316620
0.000277281
0.000230312
0.000200510
0.000229597
0.000209808
0.000272036
0.000249147
0.000277758
0.000263453
0.000292778
0.000176907
0.000266790
0.000227213
0.000273466
0.000264645
0.000233889
0.000318527
0.000208139
0.000229836
0.000282764
0.000191927
0.000272751
0.000324965
0.000304222
0.000203371
0.000280142
0.000225067
0.000242472
0.000228405
0.000257730
0.000197649
0.000210047
0.000292063
0.000287771
0.000216722
0.000259638
0.000224352
0.000303984
0.000296354
0.000238657
