0.018226385
0.010006666
0.011312246
0.011895895
0.011443853
0.010277510
0.010473013
0.010603428
0.010330677
0.010660172
0.010540247
0.011456728
0.011056900
0.011123180
0.011729956
0.011778593
0.011176586
0.010460377
0.010572195
0.030531645
0.010656357
0.010432720
0.010579824
0.023445845
0.019927502
0.018018246
0.010123253
0.020371914
0.012079000
0.018817186
0.010379553
0.009680033
0.011914015
0.010991335
0.019639492
0.011790752
0.018226862
0.009955883
0.010529757
0.015973568
0.010545731
0.007622719
0.011706114
0.012132406
0.010959864
0.010285854
0.011257887
0.027761936
0.011809826
0.019522667
0.010319233
0.011278868
0.020244122
0.010783672
0.010691166
0.020910501
0.011025429
0.011441708
0.016167402
0.011760235
0.012137651
0.011213303
0.010959387
0.011042356
0.010650873
0.018941164
0.012043476
0.009644032
0.010962486
0.011136532
0.011021137
0.011862278
0.011202097
0.011080742
0.010815382
0.012043476
0.011655569
0.016937494
0.011630297
0.010965347
0.011313200
0.010816097
0.020823717
0.011960983
0.012421846
0.012294054
0.011580229
0.018614531
0.010982990
0.010716677
0.011017323
0.009932995
0.012180805
0.011718273
0.010449886
0.021808147
0.010598898
0.010699511
0.010971069
0.010521173
