0.014580250
0.005865335
0.005173922
0.014157295
0.005327702
0.005264521
0.005209684
0.005349874
0.005272388
0.005795956
0.005274773
0.005191088
0.005269051
0.005314589
0.005120039
0.014959574
0.005431414
0.005095482
0.005224705
0.005137682
0.005285263
0.005443573
0.018195868
0.005566835
0.005562067
0.005677938
0.005445004
0.005579472
0.005421877
0.005344629
0.005342007
0.005861759
0.005560875
0.005789042
0.014311075
0.018158197
0.013967276
0.005256653
0.005102158
0.005345106
0.005278826
0.005352974
0.005282879
0.005413771
0.005579948
0.005397081
0.005315065
0.005395412
0.005238533
0.005401611
0.005392790
0.005478859
0.005422592
0.005295753
0.005427599
0.005009174
0.005342245
0.005461216
0.005455494
0.005358458
0.014456511
0.005599976
0.005403280
0.005246639
0.005106688
0.005350828
0.005328417
0.005434036
0.005360365
0.005315781
0.005177498
0.018168926
0.005319118
0.005326271
0.005251884
0.005481720
0.005314589
0.005368471
0.005212784
0.018572569
0.005189657
0.005110025
0.005066395
0.005301714
0.005072832
0.005244017
0.005209208
0.005282879
0.005312920
0.005276680
0.005184174
0.005489588
0.005738020
0.005199909
0.005273819
0.005287886
0.005210161
0.005277395
0.005225658
0.005365610
