0.000728130
0.000746489
0.000636578
0.000669718
0.000617981
0.000668526
0.000639200
0.000672817
0.000642300
0.000659227
0.000684261
0.000662804
0.000597477
0.000671148
0.000637293
0.000631094
0.000695705
0.000727654
0.000605106
0.000644922
0.000634670
0.000686884
0.000696659
0.000680923
0.000622034
0.000645399
0.000622034
0.000605822
0.000580549
0.000631332
0.000605106
0.000643730
0.000632524
0.000617743
0.000718355
0.000679255
0.000643969
0.000602245
0.000602961
0.000664234
0.000617027
0.000661373
0.000630856
0.000656843
0.000621080
0.000663042
0.000550508
0.000645161
0.000609636
0.000657558
0.000607967
0.000660419
0.000640869
0.000732899
0.000638008
0.000503778
0.000613689
0.000675917
0.000608921
0.000650644
0.000606775
0.000664949
0.000608206
0.000592947
0.000599623
0.000674009
0.000608444
0.000660658
0.000635624
0.000627279
0.000601768
0.000678539
0.000636101
0.000666618
0.000630379
0.000538588
0.000624657
0.000689030
0.000636339
0.000682592
0.000613451
0.000669956
0.000608921
0.000653028
0.000638247
0.000623226
0.000626326
0.000652313
0.000603676
0.000664949
0.000592232
0.000673294
0.000607491
0.000657797
0.000620842
0.000650883
0.000642776
0.000632286
0.000602722
0.000708103
