0.000284910
0.000300407
0.000272036
0.000279427
0.000283003
0.000278711
0.000304937
0.000297785
0.000295401
0.000328064
0.000268936
0.000296593
0.000276089
0.000306129
0.000237942
0.000246048
0.000286102
0.000298023
0.000305653
0.000287533
0.000254869
0.000277281
0.000273466
0.000297546
0.000243664
0.000313520
0.000263929
0.000282764
0.000304937
0.000267506
0.000297308
0.000289440
0.000265121
0.000296116
0.000217199
0.000309229
0.000300407
0.000280857
0.000285625
0.000267982
0.000298262
0.000250340
0.000309706
0.000297308
0.000286102
0.000297546
0.000285149
0.000297785
0.000349522
0.000291109
0.000268459
0.000259399
0.000300407
0.000312567
0.000284195
0.000275135
0.000522614
0.000262976
0.000287056
0.000268459
0.000268459
0.000278234
0.000286579
0.000282288
0.000262022
0.000261068
0.000256300
0.000330210
0.000285864
0.000298023
0.000297070
0.000282764
0.000329256
0.000252008
0.000278950
0.000283480
0.000336409
0.000277281
0.000253916
0.000285864
0.000293255
0.000294209
0.000297546
0.000281811
0.000295401
0.000298023
0.000297546
0.000263929
0.000274658
0.000229597
0.000262737
0.000287294
0.000296354
0.000291109
0.000278234
0.000296116
0.000298023
0.000287771
0.000263929
0.000269651
