0.000258446
0.000274658
0.000262499
0.000260830
0.000274420
0.000289202
0.000262260
0.000251293
0.000262022
0.000261068
0.000254869
0.000255346
0.000288725
0.000264168
0.000309944
0.000290155
0.000294924
0.000266075
0.000274658
0.000247240
0.000301838
0.000286102
0.000281096
0.000287533
0.000292063
0.000303030
0.000279665
0.000284910
0.000288010
0.000324726
0.000333309
0.000282526
0.000339270
0.000283480
0.000295162
0.000280857
0.000291348
0.000300407
0.000323772
0.000344992
0.000247955
0.000300169
0.000285387
0.000285625
0.000270844
0.000291824
0.000318527
0.000317335
0.000332355
0.000325203
0.000301600
0.000314236
0.000303030
0.000311375
0.000307798
0.000297546
0.000298738
0.000296831
0.000298023
0.000315905
0.000307083
0.000274181
0.000281811
0.000283241
0.000275612
0.000313282
0.000325680
0.000298023
0.000310659
0.000294924
0.000283241
0.000287056
0.000309467
0.000317335
0.000324011
0.000262976
0.000280619
0.000288486
0.000293970
0.000288963
0.000306129
0.000313759
0.000292301
0.000282288
0.000326157
0.000298262
0.000310421
0.000300646
0.000299454
0.000341892
0.000296116
0.000295877
0.000282288
0.000283480
0.000309706
0.000321388
0.000329018
0.000284910
0.000302315
0.000269890
