0.003088951
0.003630400
0.002926111
0.003011465
0.003309011
0.003677845
0.003301382
0.003558874
0.003432035
0.003332615
0.003647566
0.003526688
0.003560305
0.003777981
0.003350973
0.003101587
0.003134727
0.003398418
0.003692150
0.003004313
0.003029585
0.012924910
0.003566980
0.003570080
0.003406525
0.003184080
0.002967834
0.002872944
0.003688097
0.002918720
0.002952814
0.003338337
0.003349543
0.003490925
0.003495932
0.003107071
0.003484964
0.003196716
0.003513575
0.003429890
0.003437757
0.003538609
0.003227711
0.003474474
0.003094196
0.003656149
0.003195763
0.003164291
0.003400087
0.003245831
0.003485203
0.003665447
0.003313541
0.003355980
0.003510714
0.003641844
0.003232479
0.003717661
0.003515005
0.003210068
0.003108025
0.012759447
0.003230572
0.012651443
0.003471136
0.003665447
0.003407955
0.002935886
0.002965212
0.003837347
0.003602505
0.003455400
0.003075600
0.003702164
0.003242493
0.002918959
0.002969980
0.003876448
0.003480911
0.002977610
0.002889633
0.012648106
0.004123926
0.003096819
0.002928972
0.012484789
0.003257036
0.002985239
0.003213167
0.003402710
0.003699780
0.003396511
0.003547907
0.003309488
0.003543139
0.003165960
0.003003836
0.003463507
0.003426552
0.003520012
