0.000415087
0.000353098
0.000316143
0.000351191
0.000333548
0.000311375
0.000329733
0.000300407
0.000371456
0.000327826
0.000329018
0.000326633
0.000333786
0.000375032
0.000313997
0.000331402
0.000300646
0.000345707
0.000359535
0.000331640
0.000329494
0.000330925
0.000298262
0.000373840
0.000259876
0.000329494
0.000333071
0.000335217
0.000336885
0.000329733
0.000329256
0.000427961
0.000340223
0.000359297
0.000374794
0.000313044
0.000307083
0.000288725
0.000322580
0.000324726
0.000288486
0.000288010
0.000287056
0.000323534
0.000302553
0.000303984
0.000289202
0.000291348
0.000332594
0.000302076
0.000286818
0.000303745
0.000301600
0.000344753
0.000300407
0.000313997
0.000308990
0.000301600
0.000330210
0.000414371
0.000269890
0.000238419
0.000226259
0.000304937
0.000288486
0.000289679
0.000315666
0.000313044
0.000316620
0.000288963
0.000288725
0.000292063
0.000287056
0.000319719
0.000302076
0.000286818
0.000293493
0.000338316
0.000335932
0.000300646
0.000287056
0.000312090
0.000290155
0.000316381
0.000287056
0.000288725
0.000289202
0.000278234
0.000319242
0.000305176
0.000303268
0.000286102
0.000287771
0.000318766
0.000288725
0.000286341
0.000305414
0.000302792
0.000328064
0.000273705
