0.001755238
0.001762152
0.001752138
0.001643658
0.001603127
0.001652002
0.001757860
0.001665354
0.001906395
0.001870394
0.002178669
0.001875162
0.001879454
0.001865387
0.001818419
0.001621962
0.001742601
0.001926184
0.002018929
0.001556635
0.001765490
0.001755714
0.001858950
0.001660585
0.001737595
0.001768112
0.001811504
0.001600742
0.001676083
0.001819372
0.001855373
0.012338161
0.001746655
0.001807213
0.001677036
0.001792431
0.001896620
0.001736403
0.001898050
0.001786232
0.001760960
0.001873493
0.001798868
0.001744270
0.001701832
0.001881123
0.001770496
0.012050629
0.001832247
0.001771688
0.001773596
0.001676559
0.001762152
0.001704216
0.001884699
0.001779795
0.001820803
0.001787901
0.001768827
0.001746893
0.001906872
0.001734972
0.001780748
0.001785994
0.001797438
0.001810312
0.001681089
0.001702309
0.001701117
0.001804829
0.001726389
0.001670837
0.001720428
0.001660347
0.001739740
0.001861334
0.001904488
0.001794577
0.001756191
0.001639605
0.001753092
0.001782417
0.001750469
0.001673222
0.001839399
0.001770496
0.001716614
0.001730442
0.001800299
0.001635313
0.001825571
0.001798391
0.001730204
0.001787901
0.001764774
0.001791716
0.001774549
0.001827002
0.001753092
0.001862049
