0.000296593
0.000349283
0.000274181
0.000336885
0.000303984
0.000292540
0.000340700
0.000273943
0.000293970
0.000313520
0.000292301
0.000262499
0.000278711
0.000301600
0.000289679
0.000292301
0.000337124
0.000289917
0.000343561
0.000298738
0.000284195
0.000295401
0.000306606
0.000279665
0.000309706
0.000307798
0.000279903
0.000282764
0.000346184
0.000280142
0.000278473
0.000292301
0.000280380
0.000334024
0.000257969
0.000288010
0.000279903
0.000277758
0.000261307
0.000276327
0.000287771
0.000292301
0.000225782
0.000282764
0.000278234
0.000363111
0.000280619
0.000282764
0.000269890
0.000281096
0.000308275
0.000306845
0.000264168
0.000291586
0.000328302
0.000293970
0.000275373
0.000262260
0.000248909
0.000259399
0.000278234
0.000282049
0.000250340
0.000290871
0.000319719
0.000281096
0.000357151
0.000309229
0.000289202
0.000281572
0.000275850
0.000284433
0.000279427
0.000302315
0.000265837
0.000267029
0.000249147
0.000283957
0.000369787
0.000278473
0.000275373
0.000276327
0.000273228
0.000295162
0.000320911
0.000299931
0.000278234
0.000291824
0.000288725
0.000426769
0.000280619
0.000293016
0.000292540
0.000299215
0.000264645
0.000293970
0.000291586
0.000279903
0.000277996
0.000276089
