0.000282764
0.000294209
0.000275612
0.000228167
0.000248432
0.000254154
0.000294447
0.000298977
0.000276327
0.000280142
0.000300407
0.000280857
0.000295162
0.000278711
0.000258684
0.000279903
0.000298977
0.000297546
0.000298023
0.000288010
0.000279903
0.000293016
0.000282288
0.000279903
0.000303745
0.000281572
0.000267267
0.000279903
0.000256538
0.000311136
0.000287294
0.000235558
0.000262260
0.000248671
0.000288963
0.000282764
0.000287771
0.000252962
0.000280380
0.000280142
0.000264883
0.000283480
0.000276566
0.000290871
0.000307322
0.000286818
0.000301838
0.000278711
0.000282049
0.000277042
0.000285625
0.000281096
0.000301123
0.000255346
0.000291586
0.000300884
0.000262499
0.000305176
0.000302315
0.000326872
0.000265121
0.000277281
0.000300169
0.000311136
0.000297308
0.000298500
0.000259638
0.000278950
0.000278473
0.000311613
0.000295639
0.000295877
0.000303030
0.000290394
0.000302076
0.000281572
0.000272751
0.000279665
0.000265598
0.000279188
0.000299215
0.000258446
0.000282049
0.000264645
0.000263214
0.000297070
0.000299931
0.000280857
0.000277042
0.000261784
0.000278473
0.000264645
0.000297070
0.000267267
0.000252962
0.000296831
0.000298500
0.000305414
0.000266790
0.000286818
