0.000328541
0.000320911
0.000376225
0.000352383
0.000386477
0.000401735
0.000373840
0.000337601
0.000357866
0.000359535
0.000335217
0.000391483
0.000353098
0.000358820
0.000386000
0.000327349
0.000398874
0.000361443
0.000395060
0.000322580
0.000396729
0.000324488
0.000343561
0.000384331
0.000353813
0.000353575
0.000408173
0.000345230
0.000352621
0.000418901
0.000375271
0.000343084
0.000383854
0.000358820
0.000377178
0.000429630
0.000406742
0.000411749
0.000401020
0.000397921
0.000429630
0.000439882
0.000400782
0.000389099
0.000422478
0.000374079
0.000385046
0.000406027
0.000383854
0.000423193
0.000424623
0.000371456
0.000399113
0.000411749
0.000398874
0.000369310
0.000423670
0.000388145
0.000381231
0.000564098
0.000390053
0.000385284
0.000422955
0.000397921
0.000407934
0.000426769
0.000351906
0.000391245
0.000406265
0.000410795
0.000379801
0.000382185
0.000385046
0.000382662
0.000427008
0.000329494
0.000381947
0.000416994
0.000369310
0.000396252
0.000420570
0.000377893
0.000385046
0.000416040
0.000359297
0.000380754
0.000417233
0.000382662
0.000388861
0.000423193
0.000383377
0.000367880
0.000401258
0.000387192
0.000383615
0.000464439
0.000385761
0.000345945
0.000362158
0.000398874
