0.000306606
0.000267267
0.000252724
0.000262976
0.000277758
0.000298977
0.000298738
0.000295162
0.000299454
0.000309706
0.000275373
0.000285625
0.000266314
0.000285149
0.000256777
0.000260115
0.000318766
0.000259161
0.000247717
0.000275373
0.000257015
0.000282049
0.000280857
0.000257969
0.000288486
0.000275373
0.000257730
0.000287771
0.000258684
0.000258923
0.000283241
0.000275373
0.000293255
0.000257730
0.000267982
0.000274897
0.000323534
0.000282288
0.000255108
0.000237703
0.000265121
0.000268459
0.000216007
0.000297308
0.000268936
0.000259399
0.000275135
0.000258923
0.000275850
0.000267029
0.000255108
0.000251770
0.000259876
0.000277996
0.000293493
0.000262260
0.000266790
0.000281334
0.000250816
0.000272751
0.000277519
0.000274897
0.000232697
0.000252008
0.000275373
0.000263929
0.000271797
0.000278950
0.000263214
0.000276327
0.000279665
0.000283957
0.000280857
0.000282526
0.000264645
0.000273466
0.000313759
0.000278473
0.000274897
0.000272989
0.000270367
0.000270367
0.000266552
0.000253916
0.000297308
0.000255585
0.000259638
0.000284910
0.000253916
0.000277996
0.000259876
0.000283241
0.000283003
0.000274420
0.000241995
0.000261068
0.000278711
0.000298500
0.000256300
0.000251770
