0.131389618
0.082088232
0.031498194
0.000182390
0.000203848
0.000301838
0.000281096
0.000318527
0.000302076
0.000261307
0.000311613
0.000311852
0.000312328
0.000370264
0.000312567
0.000297546
0.000346184
0.000297308
0.000295162
0.000316143
0.000317812
0.000293493
0.000316381
0.000318289
0.000288963
0.000261545
0.000241518
0.000208855
0.000507355
0.000269651
0.000241280
0.000247240
0.000233412
0.000246048
0.000291109
0.000291109
0.000257015
0.000263214
0.000291109
0.000300407
0.000243902
0.000296116
0.000274658
0.000250340
0.000280857
0.000264883
0.000280142
0.000298500
0.000301600
0.000302076
0.000295401
0.000296116
0.000300884
0.000299692
0.000331402
0.000259876
0.000277758
0.000295401
0.000293970
0.000297785
0.000297070
0.000278473
0.000284433
0.000280619
0.000341415
0.000271797
0.000273943
0.000300407
0.000274897
0.000243902
0.000281572
0.000278473
0.000264645
0.000298262
0.000300169
0.000310659
0.000334501
0.000284195
0.000295639
0.000294685
0.000315905
0.000292301
0.000295639
0.000277758
0.000278234
0.000280142
0.000294209
0.000273705
0.000274420
0.000292063
0.000308514
0.000294685
0.000296593
0.000294924
0.000290632
0.000275135
0.000302315
0.000295401
0.000282764
0.000253201
