0.000470638
0.000514984
0.000505209
0.000548601
0.000464201
0.000539541
0.000508785
0.000501633
0.000515699
0.000464678
0.000492334
0.000556946
0.000459433
0.000478506
0.000501871
0.000480175
0.000480175
0.000510931
0.000495672
0.000478745
0.000490904
0.000475883
0.000466108
0.000446081
0.000491858
0.000501871
0.000519514
0.000482798
0.000478745
0.000475168
0.000461578
0.000482559
0.000503778
0.000469923
0.000456810
0.000518560
0.000435591
0.000443935
0.000478029
0.000471115
0.000467777
0.000513554
0.000480175
0.000488281
0.000516176
0.000519276
0.000482559
0.000478268
0.000428915
0.000447035
0.000539303
0.000443697
0.000466108
0.000526428
0.000452280
0.000434160
0.000492811
0.000438213
0.000453472
0.000646114
0.000484943
0.000474453
0.000510216
0.000475883
0.000502110
0.000544786
0.000484943
0.000496626
0.000521183
0.000479937
0.000495911
0.000515699
0.000515461
0.000459671
0.000509739
0.000491142
0.000488997
0.000508308
0.000500917
0.000446081
0.000528574
0.000451088
0.000491381
0.000506163
0.000474930
0.000485420
0.000516891
0.000469923
0.000473499
0.000473738
0.000466585
0.000436068
0.000506639
0.000501394
0.000421286
0.000514030
0.000479698
0.000455618
0.000531435
0.000482321
