0.000290155
0.000292540
0.000252247
0.000254869
0.000315905
0.000352859
0.000292063
0.000261784
0.000280142
0.000281572
0.000311136
0.000282526
0.000264406
0.000284672
0.000307322
0.000264168
0.000265598
0.000275850
0.000279903
0.000440359
0.000264883
0.000251293
0.000239611
0.000278950
0.000257492
0.000280619
0.000274897
0.000274420
0.000274181
0.000279903
0.000252247
0.000257730
0.000279903
0.000268221
0.000277996
0.000293255
0.000281334
0.000297546
0.000274897
0.000285149
0.000247478
0.000275612
0.000273466
0.000261784
0.000275373
0.000278473
0.000248671
0.000276566
0.000257254
0.000308752
0.000327110
0.000273228
0.000248909
0.000268936
0.000279665
0.000276327
0.000275135
0.000264883
0.000360012
0.000261068
0.000263691
0.000387907
0.000264406
0.000284910
0.000254869
0.000256777
0.000272512
0.000293016
0.000334263
0.000271797
0.000289440
0.000258446
0.000255346
0.000275135
0.000270128
0.000319242
0.000277996
0.000269413
0.000291586
0.000328541
0.000306129
0.000277281
0.000327587
0.000307560
0.000285864
0.000311852
0.000300407
0.000309229
0.000333548
0.000298023
0.000297785
0.000313282
0.000289202
0.000309229
0.000310183
0.000297308
0.000316143
0.000317812
0.000298977
0.000317335
