0.002213478
0.002187490
0.012789011
0.001879930
0.002195835
0.001642466
0.001929522
0.002269268
0.011838198
0.002033949
0.002000809
0.002079248
0.002228022
0.002158165
0.002032518
0.002184868
0.002123117
0.002018452
0.002023935
0.002236366
0.002347946
0.002130508
0.002165079
0.002196550
0.001873016
0.002150297
0.002410173
0.002229691
0.002348661
0.002276182
0.002074242
0.002310514
0.002234459
0.002472162
0.001946449
0.002249718
0.002429724
0.011758089
0.002396107
0.002203941
0.002158880
0.002245665
0.002305269
0.002196074
0.002321959
0.002311230
0.002223969
0.002243757
0.002309561
0.002117634
0.002245665
0.002216578
0.002249718
0.002444506
0.002221107
0.002095938
0.002341747
0.002308130
0.002196789
0.002210855
0.002226353
0.002235651
0.002359152
0.002563238
0.012321949
0.002220154
0.002498627
0.002208948
0.002037764
0.002317667
0.002199173
0.002354383
0.002235889
0.002147198
0.002239943
0.002085209
0.002229929
0.002180576
0.002085924
0.002135515
0.002254486
0.012632847
0.002323389
0.002093554
0.002048731
0.002172470
0.002251148
0.002194166
0.002111673
0.002002478
0.002386332
0.002253532
0.002292633
0.002215862
0.002138615
0.002046585
0.002212763
0.002323866
0.002056360
0.002324104
