0.000345945
0.000329971
0.000335932
0.000360489
0.000370026
0.000352621
0.000369787
0.000372171
0.000339031
0.000352859
0.000355959
0.000373602
0.000409365
0.000320911
0.000327587
0.000360250
0.000357389
0.000348806
0.000354052
0.000324249
0.000329018
0.000347614
0.000320911
0.000382662
0.000324249
0.000366211
0.000354290
0.000370979
0.000293016
0.000370979
0.000423908
0.000352621
0.000335932
0.000410318
0.000348330
0.000355482
0.000362635
0.000337362
0.000364304
0.000367403
0.000324249
0.000373125
0.000428200
0.000292301
0.000328779
0.000333071
0.000326872
0.000374556
0.000370502
0.000330210
0.000292063
0.000428438
0.000308752
0.000330210
0.000362158
0.000283957
0.000375032
0.000338793
0.000345469
0.000485420
0.000366449
0.000305176
0.000307798
0.000303030
0.000302553
0.000309706
0.000314713
0.000301600
0.000368834
0.000331879
0.000311852
0.000297785
0.000324249
0.000324965
0.000314713
0.000319958
0.000303030
0.000337124
0.000313759
0.000325918
0.000305414
0.000304699
0.000306368
0.000317097
0.000313282
0.000313520
0.000358582
0.000321627
0.000302553
0.000285864
0.000301123
0.000339270
0.000305414
0.000305891
0.000316858
0.000353813
0.000355482
0.000323057
0.000326872
0.000374556
