0.013709307
0.008053064
0.007483959
0.015347481
0.007460356
0.006968975
0.007749796
0.007669687
0.015417099
0.016442299
0.006992579
0.007269382
0.007749796
0.007313490
0.007798433
0.016671181
0.007135630
0.007126093
0.015139818
0.008522034
0.007294416
0.007289648
0.007555485
0.008532763
0.007674217
0.007469893
0.007705688
0.007936001
0.007483721
0.015860558
0.007795572
0.007891417
0.007956743
0.007025003
0.007485628
0.007487297
0.008432627
0.008028746
0.007313728
0.007467270
0.007793665
0.007641077
0.007543802
0.007459879
0.017077208
0.007422924
0.007822514
0.007611752
0.006956339
0.007049561
0.007253647
0.007485867
0.007409334
0.008224010
0.007312298
0.006680012
0.007442951
0.007975101
0.008179665
0.008194685
0.007374287
0.007668495
0.007369041
0.007680893
0.007432938
0.007710695
0.007965803
0.007384777
0.016206026
0.006897926
0.007864237
0.007392168
0.007533789
0.007481098
0.008302689
0.007705688
0.007260084
0.007418156
0.008809328
0.007557392
0.008053064
0.007513523
0.008003235
0.007531404
0.007698059
0.007976055
0.008541346
0.008080959
0.015576363
0.007470608
0.007475853
0.007376909
0.007057667
0.007552624
0.007768393
0.007668495
0.007595301
0.007347822
0.007547140
0.007495165
