0.000379324
0.000316620
0.000325203
0.000345469
0.000307322
0.000343800
0.000318050
0.000324249
0.000350952
0.000343561
0.000316143
0.000326633
0.000327826
0.000365019
0.000316620
0.000346184
0.000340223
0.000313520
0.000360966
0.000340939
0.000360727
0.000327826
0.000341892
0.000359058
0.000287533
0.000325203
0.000313520
0.000303745
0.000346184
0.000312567
0.000323296
0.000324965
0.000370264
0.000352383
0.000317574
0.000325680
0.000355005
0.000310183
0.000345230
0.000317335
0.000318527
0.000344753
0.000353098
0.000352383
0.000316620
0.000314713
0.000314713
0.000332117
0.000347853
0.000297070
0.000340939
0.000324249
0.000314474
0.000419140
0.000342607
0.000312328
0.000344276
0.000311375
0.000355244
0.000511169
0.000391960
0.000357389
0.000351667
0.000391245
0.000383615
0.000360966
0.000361443
0.000362158
0.000392914
0.000357866
0.000370502
0.000359297
0.000357151
0.000389099
0.000421286
0.000429392
0.000412941
0.000404596
0.000421047
0.000344753
0.000365257
0.000347376
0.000354528
0.000389099
0.000387192
0.000372648
0.000355959
0.000356436
0.000383377
0.000345707
0.000352621
0.000360250
0.000533104
0.000392199
0.000367880
0.000403881
0.000386953
0.000347614
0.000390768
0.000353813
