0.023493290
0.014786243
0.014700890
0.024799347
0.024452925
0.020287991
0.013317585
0.014553785
0.015421867
0.014363766
0.014937162
0.015284777
0.015405416
0.026546478
0.015376568
0.015116453
0.021662951
0.015381575
0.015202761
0.015436888
0.014347315
0.024650335
0.012833595
0.013520956
0.021053791
0.014326811
0.014707804
0.015388012
0.014725208
0.015234947
0.015040636
0.022514343
0.014019251
0.014847755
0.015693903
0.014683485
0.015539885
0.032309532
0.015295267
0.013998747
0.015017509
0.023719311
0.015126705
0.023109198
0.014460325
0.014962196
0.018442631
0.021002531
0.014790058
0.015117168
0.015439749
0.015388489
0.024351358
0.021317244
0.021101952
0.012449503
0.015085459
0.015089035
0.015406609
0.014933825
0.014712811
0.014160395
0.013255596
0.023592710
0.015848160
0.014767408
0.015237331
0.014761448
0.021033049
0.014620543
0.015327930
0.015410423
0.014345884
0.023172617
0.015325308
0.022651911
0.015391827
0.014445782
0.014861345
0.015133619
0.016286850
0.014432430
0.013143063
0.015573025
0.013954163
0.021367073
0.014214516
0.014338970
0.015132904
0.013178110
0.026316881
0.014974356
0.014607668
0.013266563
0.021511078
0.015335321
0.014812946
0.013910055
0.015684366
0.022427082
