0.000788927
0.000785351
0.000803232
0.000843287
0.000779152
0.000808001
0.000835896
0.000755548
0.000809908
0.000808477
0.000809193
0.000793219
0.000739813
0.000819445
0.000799179
0.000730515
0.000779390
0.000813246
0.000742674
0.000781059
0.000763655
0.000809669
0.000766039
0.000814438
0.000548840
0.000797272
0.000780582
0.000795841
0.000754356
0.000791550
0.000761509
0.000816345
0.000758410
0.000789881
0.000766516
0.000841141
0.000814199
0.000760555
0.000790358
0.000785351
0.000764847
0.000787258
0.000778198
0.000840425
0.000724554
0.000758410
0.000762939
0.000833035
0.000796556
0.000786781
0.000758648
0.000778675
0.000849485
0.000776768
0.000797272
0.000813723
0.000762463
0.000801325
0.000756502
0.000812769
0.000800848
0.000772953
0.000752687
0.000811815
0.000758886
0.000791311
0.000823736
0.000808477
0.000853539
0.000803471
0.000807524
0.000830412
0.000785112
0.000799894
0.000764370
0.000767231
0.000724077
0.000785589
0.000793695
0.000783205
0.000781775
0.000814199
0.000796795
0.000807762
0.000801563
0.000730515
0.000768185
0.000813007
0.000810385
0.000844479
0.000749350
0.000877142
0.000811577
0.000750303
0.000801086
0.000781536
0.000771284
0.000799417
0.000791788
0.000761509
