0.000262976
0.000407934
0.000409365
0.000317335
0.000273466
0.000291824
0.000284433
0.000289440
0.000281334
0.000295401
0.000323534
0.000274181
0.000297785
0.000292778
0.000311136
0.000292301
0.000279665
0.000291109
0.000293970
0.000299215
0.000317812
0.000309229
0.000291824
0.000324488
0.000274420
0.000304461
0.000294924
0.000310659
0.000301361
0.000302792
0.000303268
0.000290155
0.000282526
0.000270128
0.000264883
0.000296831
0.000281096
0.000309706
0.000336409
0.000300407
0.000277281
0.000294924
0.000302076
0.000321388
0.000292540
0.000280142
0.000530243
0.000283480
0.000281811
0.000305176
0.000317097
0.000266314
0.000293255
0.000290394
0.000302792
0.000275612
0.000312567
0.000270844
0.000282526
0.000350475
0.000316858
0.000313282
0.000313997
0.000303030
0.000280380
0.000291586
0.000302076
0.000296116
0.000302076
0.000279188
0.000278234
0.000285149
0.000250101
0.000288486
0.000282288
0.000285625
0.000277519
0.000337839
0.000264645
0.000308752
0.000302792
0.000312328
0.000317097
0.000284672
0.000247002
0.000283480
0.000295877
0.000262260
0.000278711
0.000254869
0.000280142
0.000279665
0.000319004
0.000250101
0.000298738
0.000301600
0.000284195
0.000306368
0.000300646
0.000267029
