0.004034281
0.004213095
0.004023075
0.004159212
0.003691912
0.004173279
0.003969669
0.004009485
0.004103899
0.004041910
0.003928661
0.004132986
0.004444838
0.004347563
0.003875017
0.004069805
0.004155874
0.004772663
0.003905773
0.003996134
0.003684998
0.004569292
0.004013777
0.003956318
0.003922701
0.004613638
0.004001856
0.004344225
0.004034758
0.003771067
0.014082432
0.012526751
0.004235983
0.003689051
0.013456345
0.004079580
0.003524303
0.003576517
0.004188538
0.004412413
0.003877163
0.004155159
0.004426003
0.004461527
0.003807306
0.003505230
0.003669024
0.004206419
0.003644705
0.003953934
0.003630877
0.004220247
0.004081011
0.003890038
0.004236221
0.004230261
0.003407001
0.003571510
0.004064798
0.004104137
0.004029989
0.004335642
0.003930092
0.003918648
0.004209995
0.004298449
0.004149437
0.003777981
0.003731251
0.004220486
0.004267931
0.004549742
0.004095554
0.003730059
0.004443169
0.004208565
0.003880739
0.003767014
0.003823519
0.004055262
0.003739119
0.003648758
0.004172564
0.004032612
0.003905296
0.004063845
0.004146814
0.004538059
0.003837585
0.004384041
0.003962040
0.004125595
0.003923655
0.003858566
0.004206657
0.004257441
0.004022360
0.004053593
0.004155874
0.004108667
