0.000280857
0.000271559
0.000265598
0.000279188
0.000283003
0.000270844
0.000340700
0.000302553
0.000305176
0.000293255
0.000277519
0.000294685
0.000277042
0.000262260
0.000314236
0.000290871
0.000292063
0.000290871
0.000308990
0.000297785
0.000290632
0.000287056
0.000291348
0.000284672
0.000299454
0.000291348
0.000290871
0.000296354
0.000305891
0.000298023
0.000292540
0.000287771
0.000308990
0.000283003
0.000290394
0.000308990
0.000301361
0.000319719
0.000306845
0.000305414
0.000292540
0.000293016
0.000304222
0.000306606
0.000308514
0.000267982
0.000314236
0.000307798
0.000292063
0.000295877
0.000304937
0.000292301
0.000270844
0.000295401
0.000296354
0.000302315
0.000299215
0.000316620
0.000278234
0.000363111
0.000288486
0.000261784
0.000312567
0.000294685
0.000261784
0.000286579
0.000285625
0.000307083
0.000228882
0.000277758
0.000234604
0.000270128
0.000258207
0.000322580
0.000270367
0.000282764
0.000308037
0.000281811
0.000281811
0.000288963
0.000286579
0.000255585
0.000283241
0.000267506
0.000285864
0.000246286
0.000302792
0.000285149
0.000308514
0.000504732
0.000288248
0.000266790
0.000282288
0.000223398
0.000271559
0.000258684
0.000274420
0.000280142
0.000291348
0.000274420
