0.001819611
0.002197981
0.001952887
0.001817226
0.001834393
0.001899958
0.002036095
0.001767635
0.001765251
0.001767635
0.002097845
0.001833677
0.001864195
0.001824141
0.001840830
0.001869202
0.001924515
0.001893520
0.001996040
0.002037287
0.001896620
0.002031565
0.002073526
0.001918554
0.002041817
0.001886129
0.001945019
0.001945734
0.001952887
0.002084494
0.002048969
0.001861334
0.001941204
0.001816273
0.001767159
0.001945257
0.001909971
0.001964569
0.002211571
0.001965046
0.001837015
0.013609171
0.002098322
0.002041101
0.001987457
0.001900911
0.001867533
0.001896858
0.001870632
0.001863956
0.001827955
0.001866102
0.002079725
0.002019405
0.002098560
0.001979113
0.001988173
0.001800060
0.001870632
0.001968145
0.002010822
0.001887798
0.001821756
0.001826048
0.001846075
0.001913309
0.002251625
0.001964569
0.001816511
0.002115488
0.001829863
0.001886129
0.002044439
0.001828671
0.001826525
0.011812210
0.001992464
0.001980543
0.001866817
0.001899242
0.001906157
0.001914263
0.001832724
0.001785040
0.002029419
0.002122164
0.001940012
0.001922607
0.002022982
0.001784086
0.002058506
0.001985788
0.001983881
0.001944780
0.001866579
0.001765013
0.002098083
0.002340555
0.001857519
0.001959324
