0.000274181
0.000298023
0.000280619
0.000273943
0.000287533
0.000291824
0.000298262
0.000320673
0.000302792
0.000275612
0.000338554
0.000299454
0.000296831
0.000351667
0.000262499
0.000272989
0.000303030
0.000285149
0.000302553
0.000214577
0.000289917
0.000374317
0.000372410
0.000299215
0.000322104
0.000370741
0.000385523
0.000302792
0.000399351
0.000308752
0.000296116
0.000297546
0.000353098
0.000352144
0.000300169
0.000298738
0.000352383
0.000339270
0.000352144
0.000352383
0.000272751
0.000270844
0.000343561
0.000378370
0.000308990
0.000302076
0.000309944
0.000313520
0.000295162
0.000292540
0.000304699
0.000298977
0.000296354
0.000295401
0.000292301
0.000316858
0.000291824
0.000299931
0.000312090
0.000311136
0.000314951
0.000282049
0.000280857
0.000284195
0.000263929
0.000263691
0.000276804
0.000312567
0.000308037
0.000313997
0.000296593
0.000296354
0.000309229
0.000297308
0.000297546
0.000295162
0.000272274
0.000317335
0.000334263
0.000349522
0.000301838
0.000359535
0.000300169
0.000329494
0.000364542
0.000300169
0.000322819
0.000314474
0.000292778
0.000312090
0.000295639
0.000249147
0.000313520
0.000295877
0.000285149
0.000270128
0.000292301
0.000269651
0.000315189
0.000237942
