0.000280142
0.000256777
0.000291586
0.000253201
0.000274181
0.000298738
0.000287533
0.000249147
0.000304461
0.000288725
0.000289679
0.000320196
0.000303268
0.000330687
0.000288725
0.000292540
0.000302792
0.000301600
0.000267982
0.000267267
0.000288010
0.000288486
0.000293255
0.000289679
0.000274897
0.000259399
0.000277281
0.000250101
0.000285149
0.000300169
0.000266790
0.000305176
0.000380516
0.000292301
0.000294685
0.000290632
0.000264406
0.000297308
0.000290871
0.000256538
0.000291824
0.000322104
0.000289202
0.000309467
0.000259638
0.000253439
0.000240803
0.000469685
0.000276566
0.000275373
0.000334024
0.000295401
0.000303030
0.000309706
0.000295401
0.000268459
0.000305891
0.000295401
0.000309706
0.000288963
0.000313997
0.000315666
0.000302315
0.000299215
0.000314713
0.000287056
0.000287294
0.000309944
0.000326633
0.000286102
0.000268221
0.000241518
0.000238180
0.000265360
0.000335932
0.000291824
0.000346422
0.000325203
0.000265598
0.000266075
0.000318050
0.000344753
0.000346184
0.000283003
0.000235319
0.000256300
0.000266075
0.000345707
0.000269175
0.000523567
0.000269175
0.000284433
0.000262022
0.000267506
0.000252485
0.000271559
0.000352383
0.000311852
0.000315428
0.000271559
