0.000274181
0.000279903
0.000554800
0.000243187
0.000253677
0.000183105
0.000274658
0.000230074
0.000179529
0.000201225
0.000163794
0.000186443
0.000164986
0.000201464
0.000268221
0.000344753
0.000269890
0.000343323
0.000375748
0.000325918
0.000320911
0.000321150
0.000313282
0.000332355
0.000321627
0.000310183
0.000277519
0.000328541
0.000312805
0.000276327
0.000292301
0.000297546
0.000268221
0.000294685
0.000299215
0.000273705
0.000269890
0.000263929
0.000263214
0.000297546
0.000295401
0.000262976
0.000276566
0.000263691
0.000277996
0.000261545
0.000260830
0.000286818
0.000262737
0.000274181
0.000293732
0.000273705
0.000262022
0.000269651
0.000309467
0.000494003
0.000210762
0.000198364
0.000220299
0.000267982
0.000178576
0.000273466
0.000242949
0.000206709
0.000158310
0.000182867
0.000165701
0.000195980
0.000181437
0.000190973
0.000194550
0.000255585
0.000293732
0.000216246
0.000218630
0.000255346
0.000207901
0.000248671
0.000236750
0.000247240
0.000206470
0.000212908
0.000221252
0.000160933
0.000217676
0.000261068
0.000230312
0.000268698
0.000304222
0.000227451
0.000226021
0.000226021
0.000204802
0.000216484
0.000190258
0.000219584
0.000184536
0.000419617
0.000329494
0.000451326
