0.004290819
0.003897429
0.003415108
0.003479719
0.003853083
0.003762007
0.003507376
0.003595352
0.004175663
0.004435539
0.003364801
0.003412008
0.015823364
0.004395247
0.003308773
0.003448248
0.003682613
0.004232407
0.015695810
0.013942480
0.002879858
0.002911806
0.003318548
0.003309250
0.003245831
0.003357410
0.003372908
0.003356457
0.003238440
0.003240347
0.003350258
0.003381252
0.003532171
0.003393412
0.003549576
0.003175497
0.003489494
0.002708673
0.003333569
0.003327608
0.003445148
0.003604174
0.004026413
0.003953218
0.003368378
0.013009548
0.004214525
0.003560781
0.003415823
0.004178047
0.003722906
0.003571749
0.003453255
0.013817072
0.004292965
0.003255844
0.003536224
0.004068613
0.003729343
0.004054546
0.003568172
0.003990412
0.003804922
0.004071951
0.003700256
0.012900352
0.003786802
0.003904581
0.003729105
0.003966808
0.003736734
0.003458261
0.003320932
0.003856182
0.003590345
0.003459454
0.003307343
0.003523827
0.003323317
0.003795862
0.003664970
0.003203154
0.003245354
0.004137993
0.003745794
0.003225803
0.003309250
0.003844023
0.003499508
0.003815174
0.003547907
0.003513813
0.003474474
0.003844738
0.003541470
0.003304958
0.003251314
0.003596067
0.003484726
0.003502131
