0.000349998
0.000319004
0.000286579
0.000299931
0.000298262
0.000289202
0.000275850
0.000339031
0.000276566
0.000291586
0.000358582
0.000355244
0.000275373
0.000355244
0.000274897
0.000274658
0.000284672
0.000352621
0.000277281
0.000355005
0.000309229
0.000274658
0.000287533
0.000274658
0.000348091
0.000277758
0.000275373
0.000251770
0.000362396
0.000257730
0.000276327
0.000288248
0.000274658
0.000306845
0.000303030
0.000339985
0.000289917
0.000293732
0.000277758
0.000279188
0.000273705
0.000278950
0.000369310
0.000278473
0.000289202
0.000287294
0.000275373
0.000255108
0.000328541
0.000283957
0.000310183
0.000313044
0.000290155
0.000289202
0.000328541
0.000322819
0.000308752
0.000277281
0.000300169
0.000359058
0.000278950
0.000308752
0.000272036
0.000284195
0.000351191
0.000309706
0.000371695
0.000348806
0.000307560
0.000355959
0.000351667
0.000338078
0.000283957
0.000283718
0.000313520
0.000376701
0.000375986
0.000311136
0.000308514
0.000346899
0.000372887
0.000330925
0.000284195
0.000322342
0.000309229
0.000377893
0.000309706
0.000354767
0.000274420
0.000330925
0.000290871
0.000344276
0.000290632
0.000269175
0.000326872
0.000329494
0.000309706
0.000288963
0.000321865
0.000307560
