0.001180410
0.001356363
0.001321554
0.001228094
0.001288652
0.001151085
0.001219511
0.001270533
0.001181602
0.001228571
0.001261950
0.001260996
0.001269102
0.001221895
0.001201630
0.001185417
0.001159191
0.001159430
0.001214027
0.001200914
0.001355410
0.001173735
0.001259089
0.001246691
0.001178265
0.001182079
0.001202822
0.001232862
0.001149416
0.001147985
0.001216650
0.001150846
0.001219988
0.001204491
0.001175165
0.001248837
0.001242161
0.001101017
0.001190424
0.001260996
0.001223803
0.001095057
0.001266241
0.001198769
0.001156092
0.001232386
0.001225948
0.001191616
0.001212120
0.001127720
0.001167774
0.001197338
0.001177311
0.001237154
0.001206636
0.001129627
0.001182556
0.001241922
0.001235723
0.001320362
0.001173735
0.012310982
0.001309395
0.001263857
0.001151562
0.012420654
0.001076460
0.001227379
0.001213789
0.001202106
0.001241207
0.001225710
0.001222372
0.001231432
0.001200199
0.001211882
0.001278877
0.001266956
0.001331091
0.001309633
0.001263857
0.012260914
0.001457691
0.001213789
0.001166105
0.001201868
0.001225471
0.001199722
0.001277447
0.001156092
0.001179934
0.001181364
0.001203537
0.001175642
0.001199961
0.001217604
0.001133680
0.001027346
0.001209974
0.001296282
