0.014514685
0.015629530
0.006406307
0.006351709
0.006595373
0.007177591
0.006468773
0.006644726
0.007449627
0.016125441
0.015071869
0.006378412
0.006389856
0.006714821
0.006563902
0.025678396
0.007047415
0.016676903
0.005711555
0.006002903
0.014525414
0.014886618
0.006533384
0.006162882
0.006771326
0.014832973
0.006936312
0.006702900
0.007016897
0.006829500
0.015655041
0.006981611
0.007293701
0.007215261
0.007172585
0.006851196
0.013318539
0.007440090
0.006517172
0.006604433
0.006541252
0.006427765
0.006078959
0.006280422
0.005902290
0.005744457
0.005788803
0.006375790
0.015270948
0.006622553
0.005908012
0.006556511
0.006057739
0.005972147
0.005934238
0.006181717
0.006137609
0.006308794
0.005975962
0.006564379
0.006382227
0.006394148
0.006343842
0.006510258
0.014743567
0.006985188
0.006562710
0.007391214
0.006581783
0.006284714
0.006306648
0.016697168
0.006758213
0.006969690
0.006330490
0.006918430
0.006429434
0.006736755
0.006619930
0.006906509
0.006568670
0.006461620
0.006364107
0.006837606
0.006824255
0.006481886
0.006795406
0.006807327
0.006628275
0.006698132
0.006968498
0.006539822
0.006455660
0.016219854
0.005905867
0.006383657
0.006349802
0.006524801
0.006508112
0.005958080
