0.000655413
0.000681877
0.000661373
0.000590801
0.000761986
0.000676870
0.000679731
0.000709057
0.000613213
0.000651121
0.000615358
0.000678301
0.000626802
0.000622034
0.000597954
0.000568867
0.000538349
0.000648260
0.000599623
0.000707150
0.000630856
0.000633240
0.000604868
0.000663757
0.000676632
0.000658035
0.000594378
0.000658274
0.000584364
0.000689507
0.000685930
0.000657320
0.000626326
0.000640154
0.000666857
0.000649929
0.000718355
0.000679970
0.000689745
0.000712633
0.000620127
0.000689268
0.000615835
0.000680208
0.000630856
0.000628233
0.000662804
0.000705957
0.000626087
0.000682831
0.000636578
0.000618458
0.000612736
0.000667572
0.000649691
0.000692844
0.000656366
0.000645638
0.000693798
0.000636101
0.000600100
0.000754118
0.000745535
0.000602484
0.000740051
0.000752449
0.000720978
0.000749826
0.000732660
0.000737429
0.000705719
0.000748396
0.000673294
0.000763893
0.000638247
0.000714779
0.000684977
0.000755310
0.000695229
0.000738621
0.000623941
0.000739336
0.000755548
0.000764847
0.000689507
0.000760794
0.000674963
0.000697851
0.000618458
0.000777245
0.000729322
0.000755548
0.000645876
0.000761986
0.000698090
0.000734806
0.000771284
0.000752687
0.000673532
0.000816822
