0.000413418
0.000404596
0.000457525
0.000347137
0.000427008
0.000457525
0.000432014
0.000422716
0.000465155
0.000345230
0.000391245
0.000457048
0.000410318
0.000417709
0.000515938
0.000422478
0.000385523
0.000423431
0.000446558
0.000468969
0.000417709
0.000420332
0.000428677
0.000426769
0.000527143
0.000400782
0.000440121
0.000465631
0.000439882
0.000435352
0.000387907
0.000390768
0.000439882
0.000404596
0.000471354
0.000455379
0.000433445
0.000430346
0.000496626
0.000374079
0.000467777
0.000453949
0.000436783
0.000425339
0.000501156
0.000421047
0.000484467
0.000454426
0.000411987
0.000422955
0.000475883
0.000454187
0.000479698
0.000497103
0.000350714
0.000371218
0.000457287
0.000392437
0.000473499
0.000726223
0.000376701
0.000403881
0.000436783
0.000391245
0.000395536
0.000449657
0.000395298
0.000420332
0.000411749
0.000411272
0.000374556
0.000406504
0.000385523
0.000392199
0.000411987
0.000392199
0.000380039
0.000406742
0.000370264
0.000386238
0.000426769
0.000394821
0.000347614
0.000437975
0.000412941
0.000393391
0.000404835
0.000408649
0.000376701
0.000459433
0.000374079
0.000404596
0.000406981
0.000386477
0.000435829
0.000445843
0.000411749
0.000348091
0.000385761
0.000363827
