0.074433088
0.074203730
0.073782682
0.074025393
0.073995352
0.073996544
0.073769569
0.074095488
0.073778152
0.074022293
0.074019670
0.063468218
0.074003935
0.073843718
0.074008703
0.073735237
0.074001789
0.073742390
0.073737383
0.074090719
0.073761225
0.074029922
0.073748112
0.074036837
0.074019670
0.073792934
0.073773146
0.074008226
0.073991776
0.063349724
0.073804617
0.073782682
0.074030638
0.073780060
0.074003935
0.073746204
0.074075460
0.073791265
0.074012041
0.074021816
0.074010134
0.074017048
0.074031591
0.073752642
0.073761225
0.073733807
0.074047327
0.073739767
0.074019432
0.074047565
0.073712349
0.074055910
0.074009657
0.074046850
0.073760271
0.073772192
0.074021339
0.074048281
0.074034214
0.073765278
0.053253412
0.001307487
0.001564980
0.001392603
0.001538515
0.001276255
0.001532793
0.001310110
0.001283884
0.001279593
0.001546144
0.001287222
0.001548767
0.001562595
0.001280069
0.073783159
0.074063778
0.073766947
0.074036598
0.073698044
0.073764086
0.073997498
0.073859692
0.073778152
0.074071884
0.073795557
0.022670031
0.001671791
0.001418352
0.001406670
0.001676798
0.001691818
0.001419067
0.001657963
0.001395941
0.001658678
0.001411915
0.001439571
0.001402140
0.001655817
0.001647472
0.001340866
0.001356363
0.001378775
0.001354694
0.001345396
0.001343012
0.001345634
0.001338482
0.001369953
0.001356602
0.001338959
0.001348257
0.001341343
0.001347303
0.001347780
0.073578358
0.073733568
0.073709488
0.074094057
