0.012271643
0.010867834
0.010679007
0.010663509
0.010592222
0.010586500
0.010656118
0.010675192
0.010674238
0.010662556
0.010661125
0.010597944
0.010664701
0.010675430
0.010610580
0.010664940
0.010596514
0.010675669
0.010660887
0.010712862
0.010607719
0.010765314
0.010674953
0.010673046
0.010656357
0.010630131
0.010596514
0.010661125
0.010674715
0.010618687
0.010598898
0.010669231
0.010582447
0.010677576
0.010658264
0.010664701
0.010594130
0.010599136
0.010666132
0.010655165
0.010592222
0.010657549
0.010657787
0.010596037
0.010581493
0.010651588
0.010586023
0.010587454
0.010653734
0.010665417
0.010682821
0.010590792
0.010592699
0.010594130
0.010654211
0.010657549
0.010653734
0.010585070
0.010648251
0.010653973
0.010580778
0.010596514
0.010659933
0.010595798
0.010658026
0.010610342
0.010679960
0.010683775
0.010614634
0.010612249
0.010674953
0.010677338
0.010611296
0.010676861
0.010595083
0.010677099
0.010603666
0.010614634
0.010609865
0.010706663
0.010673761
0.010604620
0.010678530
0.010613680
0.010671854
0.010613918
0.010681152
0.010599613
0.010676146
0.010674000
0.010674715
0.010605574
0.010676146
0.010592222
0.010678291
0.010611534
0.010614872
0.010621548
0.010695696
0.010605097
0.010675907
0.010605812
0.010608196
0.010607958
0.010592699
0.010601759
0.010599375
0.010606527
0.010605335
0.010605812
0.010608912
0.010601282
0.010595560
0.010604143
0.010591269
0.010580540
0.010588884
0.010590792
0.010577202
0.010896683
