0.080807924
0.000095129
0.000140429
0.000178337
0.000120401
0.000119686
0.000123262
0.000130415
0.000115871
0.000121355
0.000120878
0.000117064
0.000123024
0.000116825
0.000122309
0.000172853
0.000162601
0.000122786
0.000114679
0.000119209
0.000214100
0.000129938
0.000130415
0.000120401
0.000117064
0.000116110
0.000168324
0.000159740
0.000193119
0.000126362
0.000122547
0.000117779
0.000115871
0.000114441
0.000114679
0.000114202
0.000116348
0.000113964
0.000116110
0.000118017
0.000125408
0.000115871
0.000114679
0.000115395
0.000122309
0.000124693
0.000136137
0.000142813
0.000128746
0.000115395
0.000128746
0.000118017
0.000131369
0.000132084
0.000212193
0.000124454
0.000133276
0.000211716
0.000125170
0.000115395
0.000150681
0.000120163
0.000185728
0.000124454
0.000116110
0.000114679
0.000114441
0.000113249
0.000121355
0.000113487
0.000120878
0.000117302
0.000114202
0.000115395
0.000117540
0.000113249
0.000113010
0.000113249
0.000114441
0.000113487
0.000116348
0.000113487
0.000112534
0.000115633
0.000114441
0.000113487
0.000115395
0.000121832
0.000113487
0.000112057
0.000126362
0.000119686
0.000116110
0.000113964
0.000114918
0.000113487
0.000113726
0.000113010
0.000113249
0.000120401
0.000134945
0.000120401
0.000119448
0.000120401
0.000121355
0.000121355
0.000119925
0.000119209
0.000127792
0.000119448
0.000127077
0.000128508
0.000128984
0.000126839
0.000120163
0.000121117
0.000120878
0.000120878
0.000119686
0.000426054
