0.000192165
0.000197172
0.000143290
0.000131130
0.000127077
0.000125408
0.000127316
0.000128269
0.000126839
0.000125170
0.000127316
0.000125170
0.000130415
0.000139475
0.000131845
0.000128031
0.000128508
0.000127316
0.000125170
0.000124454
0.000126123
0.000128031
0.000133276
0.000126362
0.000124216
0.000126123
0.000127316
0.000127316
0.000124454
0.000124454
0.000123024
0.000132799
0.000131130
0.000125885
0.000126123
0.000178576
0.000140429
0.000139713
0.000136852
0.000137806
0.000137329
0.000139713
0.000139236
0.000149965
0.000137568
0.000145197
0.000138760
0.000138998
0.000137091
0.000137568
0.000137329
0.000138760
0.000146151
0.000139713
0.000138044
0.000139475
0.000140429
0.000145912
0.000137806
0.000138283
0.000136852
0.000140190
0.000143766
0.000211716
0.000199318
0.000140190
0.000141621
0.000140429
0.000145674
0.000142097
0.000138521
0.000142574
0.000140190
0.000144005
0.000138283
0.000144720
0.000139713
0.000137568
0.000221491
0.000148535
0.000138760
0.000144958
0.000145435
0.000138760
0.000147820
0.000138760
0.000138998
0.000140429
0.000135899
0.000137091
0.000145912
0.000140905
0.000146627
0.000140667
0.000139713
0.000138521
0.000145197
0.000138283
0.000137568
0.000138283
0.000138044
0.000137568
0.000137806
0.000138521
0.000137329
0.000142097
0.000136137
0.000137806
0.000136852
0.000137091
0.000140667
0.000138283
0.000142574
0.000137091
0.000136375
0.000138283
0.000138760
0.000138760
0.000137568
0.000425577
