0.004691124
0.155082703
0.063606024
0.002530098
0.003106594
0.003080606
0.002554893
0.002563715
0.003102303
0.143738031
0.200661182
0.266438484
0.317044020
0.421011209
0.449755430
0.508116484
0.567040205
0.682434082
0.807507277
0.941020250
0.915166378
0.816268682
0.760427952
0.661530018
0.561755419
0.462073565
0.356810331
0.257667303
0.152377129
0.189917326
0.255242825
0.328347921
0.423897743
0.512556791
0.595673084
0.611273527
0.523045063
0.424212933
0.324557543
0.284456015
0.240713120
0.184224606
0.253017426
0.297761679
0.213065863
0.121559381
0.022638798
0.167860985
0.226674318
0.290981054
0.377258301
0.435747147
0.522786617
0.582813025
0.679453850
0.763091087
0.848515272
0.814556599
0.726150990
0.630550623
0.532714605
0.434784889
0.336822510
0.238890886
0.140926361
0.042960644
0.167729616
0.226513386
0.297580481
0.379395962
0.454653025
0.504186630
0.610019684
0.719988585
0.786675692
0.888902426
1.013700962
0.952720165
0.854973078
0.757050514
0.658840656
0.561109066
0.462909222
0.376680851
0.278844357
0.181210756
0.091450453
0.167212248
0.226327419
0.279733419
0.340828657
0.380544901
0.402768135
0.444112301
0.502333879
0.564435482
0.676126242
0.784803867
0.899543285
0.950394869
0.966907024
0.898533344
0.841788769
0.757559061
0.659866571
0.561924934
0.463965654
0.365965605
0.267770529
0.170040369
0.072041035
0.023527384
0.154424667
0.200373173
0.263240337
0.338187218
0.421774864
0.493018389
0.506661892
0.543747425
