0.000252485
0.000267982
0.000266790
0.000182867
0.000179768
0.000177860
0.000241280
0.000215530
0.000184059
0.000181198
0.000182867
0.000178099
0.000247717
0.000203609
0.000185251
0.000186205
0.000185966
0.000178099
0.000245810
0.000206470
0.000186443
0.000180483
0.000186443
0.000177383
0.000178814
0.000271320
0.000190973
0.000182867
0.000180244
0.000178576
0.000177622
0.000203371
0.000253439
0.000177622
0.000183105
0.000177860
0.000178576
0.000245094
0.000175953
0.000178576
0.000178576
0.000244856
0.000175714
0.000177383
0.000175714
0.000178576
0.000181913
0.000182152
0.000250816
0.000176430
0.000178099
0.000176907
0.000179052
0.000249624
0.000175238
0.000177860
0.000181675
0.000177145
0.000176191
0.000176430
0.000174999
0.000243425
0.000175476
0.000175714
0.000177860
0.000257254
0.000175476
0.000191689
0.000180244
0.000177860
0.000177860
0.000244379
0.000185251
0.000177622
0.000174046
0.000177145
0.000180721
0.000244141
0.000174761
0.000181198
0.000175953
0.000176191
0.000176191
0.000241518
0.000177622
0.000179052
0.000182152
0.000179529
0.000175953
0.000243902
0.000174761
0.000182867
0.000177145
0.000174761
0.000241280
0.000176907
0.000178814
0.000177860
0.000173807
0.000177383
0.000175476
0.000172853
0.000172853
0.000173092
0.000172853
0.000175238
0.000180006
0.000174522
0.000174046
0.000173569
0.000175238
0.000174284
0.000176907
0.000173569
0.000173569
0.000174522
0.000179052
0.000173569
0.000172615
0.000466108
