0.000169039
0.000193834
0.000144243
0.000130892
0.000135422
0.000125885
0.000129700
0.000127554
0.000126839
0.000126600
0.000126600
0.000125647
0.000139713
0.000127316
0.000124693
0.000126123
0.000131369
0.000127077
0.000137091
0.000128508
0.000127316
0.000134230
0.000133038
0.000126839
0.000131845
0.000124454
0.000126839
0.000124931
0.000125170
0.000122786
0.000125885
0.000125408
0.000129461
0.000126600
0.000130415
0.000129700
0.000124931
0.000125885
0.000123262
0.000124216
0.000125647
0.000125170
0.000125408
0.000123501
0.000123978
0.000123501
0.000126839
0.000125885
0.000124693
0.000123262
0.000124216
0.000125885
0.000133276
0.000126600
0.000155210
0.000129700
0.000137329
0.000124693
0.000124693
0.000123501
0.000125408
0.000125885
0.000130177
0.000125170
0.000123978
0.000125885
0.000124454
0.000125647
0.000122786
0.000122786
0.000123024
0.000124216
0.000126123
0.000124216
0.000123262
0.000129461
0.000124216
0.000123501
0.000123978
0.000123739
0.000123024
0.000124216
0.000131369
0.000124931
0.000123739
0.000124931
0.000126600
0.000127077
0.000123978
0.000123024
0.000123024
0.000124693
0.000131369
0.000125885
0.000124931
0.000124216
0.000124931
0.000124216
0.000122786
0.000188828
0.000125408
0.000131845
0.000128031
0.000123739
0.000123262
0.000123501
0.000124216
0.000124216
0.000122786
0.000122547
0.000122786
0.000123262
0.000128269
0.000125170
0.000123262
0.000129223
0.000170231
0.000123739
0.000124454
0.000469446
