0.000199556
0.000219107
0.000165462
0.000146389
0.000152111
0.000146389
0.000144482
0.000180483
0.000157118
0.000148058
0.000145912
0.000143290
0.000142813
0.000241518
0.000157118
0.000147581
0.000143290
0.000145674
0.000145435
0.000180721
0.000154734
0.000145912
0.000144720
0.000143528
0.000144720
0.000168085
0.000152826
0.000179291
0.000148535
0.000145674
0.000145435
0.000237703
0.000153303
0.000147820
0.000153780
0.000148058
0.000142574
0.000220299
0.000155687
0.000146389
0.000145674
0.000144482
0.000149012
0.000185251
0.000154257
0.000149012
0.000146151
0.000144482
0.000204563
0.000168800
0.000152111
0.000144958
0.000145197
0.000147343
0.000145197
0.000167370
0.000150919
0.000147820
0.000147581
0.000145197
0.000146627
0.000166416
0.000152111
0.000147581
0.000150442
0.000216246
0.000145912
0.000168800
0.000151634
0.000146627
0.000146151
0.000144243
0.000143290
0.000168085
0.000154734
0.000148058
0.000144482
0.000143290
0.000144005
0.000166893
0.000153065
0.000144958
0.000144243
0.000200510
0.000144958
0.000168800
0.000151396
0.000152826
0.000206470
0.000153542
0.000158787
0.000170946
0.000152111
0.000148535
0.000150442
0.000146389
0.000143290
0.000168085
0.000151873
0.000147343
0.000203133
0.000144482
0.000153542
0.000167131
0.000151873
0.000153065
0.000165701
0.000146627
0.000144958
0.000168085
0.000157356
0.000143766
0.000144243
0.000181198
0.000154972
0.000144958
0.000142097
0.000142813
0.000142336
0.000425816
