0.000205755
0.000227928
0.000161409
0.000214815
0.000152111
0.000144720
0.000144720
0.000171661
0.000155926
0.000148058
0.000146627
0.000144482
0.000142813
0.000171185
0.000159740
0.000149250
0.000145435
0.000145435
0.000146151
0.000173092
0.000153065
0.000149727
0.000146389
0.000148296
0.000151873
0.000170946
0.000153780
0.000155210
0.000145674
0.000147343
0.000142813
0.000170231
0.000153303
0.000149250
0.000154018
0.000146627
0.000200033
0.000168085
0.000153542
0.000148773
0.000146389
0.000144482
0.000144005
0.000168324
0.000158072
0.000147581
0.000147820
0.000148296
0.000146627
0.000168562
0.000157356
0.000148296
0.000146627
0.000143290
0.000149965
0.000170708
0.000152349
0.000162840
0.000147820
0.000146627
0.000164509
0.000179768
0.000153065
0.000151873
0.000147343
0.000144958
0.000143766
0.000171423
0.000152349
0.000205278
0.000145674
0.000148535
0.000150442
0.000169992
0.000161409
0.000149965
0.000148296
0.000147343
0.000146866
0.000171185
0.000151396
0.000146866
0.000144958
0.000151873
0.000146866
0.000169516
0.000152826
0.000149727
0.000144482
0.000144958
0.000142336
0.000169992
0.000152111
0.000149250
0.000149488
0.000144005
0.000144243
0.000169039
0.000152588
0.000149012
0.000146151
0.000144005
0.000152588
0.000167131
0.000158072
0.000140429
0.000138760
0.000138044
0.000137806
0.000159502
0.000143766
0.000139236
0.000137568
0.000150442
0.000144958
0.000138044
0.000136852
0.000136614
0.000135899
0.000438452
