0.000429630
0.000404596
0.000262260
0.000324726
0.000244856
0.000243425
0.000258923
0.000351191
0.000251532
0.000246525
0.000324965
0.000246048
0.000246763
0.000281811
0.000253916
0.000322819
0.000245571
0.000318527
0.000244856
0.000271559
0.000261307
0.000249863
0.000326872
0.000245571
0.000242472
0.000350475
0.000263929
0.000259638
0.000250816
0.000245810
0.000242949
0.000264406
0.000328302
0.000246286
0.000317335
0.000250816
0.000244617
0.000268221
0.000252247
0.000320673
0.000252724
0.000245571
0.000242472
0.000345230
0.000252962
0.000248909
0.000246763
0.000243664
0.000335455
0.000267506
0.000334740
0.000250578
0.000244379
0.000241280
0.000242710
0.000342607
0.000255585
0.000252962
0.000319958
0.000242233
0.000245094
0.000262737
0.000326872
0.000246525
0.000253916
0.000318766
0.000246286
0.000267744
0.000327349
0.000248194
0.000246286
0.000245094
0.000245571
0.000270367
0.000253916
0.000324249
0.000244379
0.000253201
0.000248432
0.000361681
0.000250578
0.000248671
0.000246763
0.000334978
0.000248194
0.000267982
0.000255108
0.000327587
0.000245094
0.000243187
0.000316620
0.000263691
0.000248671
0.000244379
0.000252724
0.000316858
0.000250101
0.000265598
0.000254393
0.000322819
0.000244141
0.000237942
0.000237226
0.000262260
0.000248671
0.000241756
0.000242710
0.000239372
0.000238657
0.000269890
0.000247955
0.000240564
0.000241995
0.000238419
0.000244379
0.000238895
0.000241518
0.000249863
0.000241995
0.000565052
