0.018033743
0.006835938
0.006888151
0.005712509
0.005740643
0.006777763
0.006850481
0.006796598
0.016269207
0.005713940
0.006771803
0.005875587
0.005744696
0.006864071
0.005754948
0.006822348
0.005770922
0.005696058
0.005755424
0.006841183
0.005741358
0.006857395
0.006832361
0.006834507
0.005754948
0.006115913
0.006822586
0.005726337
0.006857872
0.005723953
0.006857872
0.006850004
0.005758286
0.006827116
0.006845951
0.005707741
0.005743742
0.005749226
0.433852911
0.871931553
0.776261568
0.680682898
0.585116386
0.489514351
0.393894672
0.298342228
0.203047991
0.565692186
0.813288450
0.802838326
0.707180500
0.611603260
1.010165453
1.261824131
1.184767008
1.089347839
0.993735313
0.898181915
0.803318977
0.708386421
0.616620302
0.521574020
0.430788755
0.335787535
0.240116358
0.150493860
0.054550171
0.422935009
0.567808628
0.720642805
0.624954224
0.529376745
0.433734894
0.337806940
0.668061018
0.582905769
0.486746788
0.391212940
0.295512199
0.200082779
0.105283499
0.403473139
0.898331404
1.067056179
1.121629477
1.205222368
1.112570047
1.029943943
0.934256077
0.838186741
0.742890835
0.647306204
0.569139004
0.479490280
0.389571190
0.300197124
0.212354660
0.116701365
0.020990133
0.438323975
0.727349281
0.709307671
0.671580791
0.836534500
0.741025686
0.645216942
0.601032734
0.506192207
0.411508560
0.316629648
0.221085548
0.126108170
0.030510902
0.004931211
0.004960775
0.004944324
0.004945993
0.004940271
0.004955053
0.005266905
