0.000205517
0.000284433
0.000156879
0.000154495
0.000146866
0.000167131
0.000157118
0.000147820
0.000148773
0.000141382
0.000141621
0.000167131
0.000149250
0.000151634
0.000141859
0.000143290
0.000143528
0.000170946
0.000152588
0.000145435
0.000141144
0.000142813
0.000143051
0.000142574
0.000139952
0.000140429
0.000147820
0.000141621
0.000140667
0.000153065
0.000149488
0.000143051
0.000142813
0.000147343
0.000138521
0.000139713
0.000140905
0.000141382
0.000141859
0.000139713
0.000140190
0.000143290
0.000142336
0.000149965
0.000144005
0.000141859
0.000142574
0.000140429
0.000139236
0.000138760
0.000140667
0.000140429
0.000141859
0.000143051
0.000153542
0.000140429
0.000140429
0.000139236
0.000140429
0.000139952
0.000139713
0.000139475
0.000140190
0.000146151
0.000140429
0.000139713
0.000200510
0.000142336
0.000139713
0.000139952
0.000140429
0.000140190
0.000139713
0.000144958
0.000140667
0.000139952
0.000140667
0.000140190
0.000142097
0.000140429
0.000139713
0.000140190
0.000140429
0.000147104
0.000141144
0.000141621
0.000142097
0.000142097
0.000141382
0.000138998
0.000138521
0.000140429
0.000140905
0.000145674
0.000147581
0.000140667
0.000140429
0.000140429
0.000141144
0.000139475
0.000138760
0.000139236
0.000139952
0.000149965
0.000139952
0.000141382
0.000139713
0.000138044
0.000139475
0.000139236
0.000138998
0.000139713
0.000147820
0.000137091
0.000138998
0.000137568
0.000139713
0.000138283
0.000142097
0.000426531
