0.001861095
0.002224922
0.002001524
0.001854658
0.001873970
0.001938581
0.002086401
0.001812935
0.001806498
0.001808167
0.002140284
0.001887083
0.001903057
0.001933336
0.001920938
0.001969576
0.002027750
0.001976728
0.002060413
0.002094269
0.001975298
0.002100229
0.002145529
0.002002239
0.002117157
0.001975775
0.002015591
0.002024889
0.002031326
0.002150059
0.002125740
0.001944065
0.002059698
0.001881361
0.001832724
0.002018452
0.001976490
0.002035856
0.002304316
0.002048016
0.001934767
0.013661861
0.002117634
0.002094507
0.002033710
0.001948833
0.001983643
0.001918077
0.001867294
0.001869440
0.001796007
0.001861334
0.002106667
0.002003431
0.002115488
0.001985788
0.001985550
0.001800776
0.001868248
0.001966000
0.002073765
0.001861334
0.001814842
0.001818895
0.001865149
0.001882553
0.002197504
0.001969814
0.001830101
0.002127886
0.001840353
0.001985312
0.002068281
0.001819611
0.001953840
0.011848927
0.002043962
0.002035141
0.001932621
0.001965523
0.001992941
0.001867294
0.001889706
0.001954794
0.002083302
0.002258778
0.002004862
0.001955271
0.002104282
0.001859188
0.002099037
0.002013683
0.002019405
0.001957417
0.001935482
0.001837254
0.002188921
0.002371550
0.001978874
0.002004862
