0.000277519
0.000269890
0.000578880
0.000264168
0.000218153
0.000164270
0.000299692
0.000229597
0.000240088
0.000202894
0.000166655
0.000198126
0.000135899
0.000211954
0.000258207
0.000334501
0.000286102
0.000319242
0.000320196
0.000321627
0.000326395
0.000325203
0.000322342
0.000330448
0.000319719
0.000339031
0.000295162
0.000301123
0.000302553
0.000308990
0.000306845
0.000418901
0.000275373
0.000303984
0.000310898
0.000291586
0.000294447
0.000289917
0.000287771
0.000329733
0.000320196
0.000288486
0.000295401
0.000276327
0.000285864
0.000282764
0.000282526
0.000284195
0.000268698
0.000289917
0.000288725
0.000268221
0.000257730
0.000272036
0.000327587
0.000507832
0.000205278
0.000202417
0.000244379
0.000293732
0.000186443
0.000171900
0.000192881
0.000190735
0.000145912
0.000164747
0.000159264
0.000163078
0.000171900
0.000189066
0.000192642
0.000259638
0.000223637
0.000157833
0.000160217
0.000163078
0.000151396
0.000208378
0.000203848
0.000151634
0.000200987
0.000231743
0.000212669
0.000157356
0.000238895
0.000263214
0.000222921
0.000212431
0.000242710
0.000221252
0.000216484
0.000217438
0.000206232
0.000206470
0.000196695
0.000220060
0.000198603
0.000400782
0.000295639
0.000529289
