0.000339746
0.000320196
0.000301361
0.000292778
0.000328779
0.000308514
0.000314951
0.000354052
0.000297785
0.000284910
0.000384808
0.000275612
0.000283480
0.000311375
0.000293016
0.000256538
0.000310659
0.000287533
0.000290394
0.000404596
0.000288725
0.000321627
0.000320673
0.000315428
0.000287056
0.000316620
0.000319958
0.000323057
0.000289679
0.000289679
0.000308037
0.000334501
0.000306845
0.000301838
0.000271082
0.000315905
0.000325441
0.000316858
0.000324249
0.000318289
0.000308752
0.000290871
0.000304222
0.000305176
0.000320196
0.000295162
0.000320673
0.000289440
0.000320435
0.000316381
0.000321627
0.000289440
0.000320435
0.000326157
0.000318050
0.000321865
0.000318050
0.000323534
0.000323296
0.000303745
0.000309467
0.000311136
0.000271797
0.000285149
0.000288486
0.000272512
0.000305176
0.000271320
0.000347376
0.000288486
0.000314951
0.000379324
0.000320911
0.000293255
0.000298977
0.000285387
0.000298977
0.000306129
0.000322104
0.000315189
0.000295877
0.000298500
0.000301123
0.000321150
0.000319242
0.000303745
0.000312805
0.000313997
0.000308514
0.000329733
0.000303984
0.000353336
0.000307798
0.000320673
0.000300169
0.000255823
0.000356674
0.000401258
0.000367403
0.000277758
