0.033976316
0.013892889
0.013108492
0.012721062
0.014177561
0.012434483
0.013397694
0.011998177
0.022613287
0.013676167
0.011849165
0.013420105
0.027951717
0.011654615
0.013219833
0.013869047
0.021537066
0.012447357
0.012008429
0.012254953
0.033096790
0.022386789
0.013667345
0.021329165
0.024301767
0.022509813
0.012548447
0.021162271
0.011392117
0.012393475
0.012920856
0.012160063
0.013114452
0.013195992
0.014529705
0.012736559
0.012663126
0.021920919
0.012724161
0.011698961
0.011564970
0.012764454
0.022037029
0.022329569
0.012590170
0.022311926
0.025921583
0.012728930
0.012779951
0.022462130
0.021067142
0.013267517
0.012787580
0.032291412
0.020749092
0.011682749
0.011034727
0.013235807
0.024774551
0.013741970
0.011557817
0.013294697
0.014532804
0.021868229
0.012711287
0.013426542
0.013711691
0.012218237
0.013046741
0.013102055
0.013875484
0.011675358
0.013792992
0.013751507
0.012646675
0.022440672
0.012294769
0.016673565
0.012695312
0.012660265
0.012332201
0.012023687
0.012630463
0.014188051
0.022534847
0.018083811
0.012433767
0.012961626
0.013360023
0.013176918
0.022097349
0.011932135
0.012675524
0.012207985
0.012346506
0.013576031
0.012214661
0.013823271
0.014126062
0.013423920
