0.000304937
0.000285149
0.000316858
0.000260830
0.000295162
0.000334978
0.000303984
0.000263453
0.000316143
0.000318050
0.000316858
0.000341654
0.000331879
0.000330687
0.000320196
0.000307322
0.000318766
0.000319481
0.000351906
0.000295877
0.000314951
0.000316620
0.000336409
0.000326633
0.000316620
0.000287771
0.000352383
0.000256300
0.000312805
0.000324965
0.000294924
0.000333309
0.000337362
0.000317812
0.000320673
0.000315666
0.000293255
0.000329733
0.000317097
0.000283241
0.000326872
0.000356436
0.000303030
0.000334024
0.000270128
0.000268936
0.000262022
0.000492334
0.000306129
0.000282764
0.000329018
0.000298977
0.000303030
0.000309706
0.000309229
0.000268459
0.000319242
0.000310421
0.000312090
0.000310898
0.000322580
0.000317574
0.000328541
0.000311852
0.000339746
0.000302076
0.000298977
0.000337601
0.000328064
0.000314713
0.000286102
0.000287294
0.000269651
0.000346661
0.000323296
0.000334501
0.000321865
0.000331640
0.000348091
0.000333309
0.000347376
0.000317574
0.000323296
0.000335455
0.000317812
0.000302553
0.000352383
0.000346184
0.000338316
0.000525713
0.000367165
0.000354052
0.000346899
0.000350952
0.000272274
0.000361681
0.000348330
0.000310183
0.000322580
0.000270844
