0.000373125
0.000352621
0.000303507
0.000306368
0.000292063
0.000317097
0.000297785
0.000334263
0.000281572
0.000317812
0.000350237
0.000335932
0.000300646
0.000338078
0.000299692
0.000280619
0.000293255
0.000381470
0.000301123
0.000333548
0.000322104
0.000298500
0.000320196
0.000281811
0.000316858
0.000286102
0.000293255
0.000278950
0.000310421
0.000270367
0.000283718
0.000303507
0.000293255
0.000334740
0.000324249
0.000334978
0.000307322
0.000295401
0.000283241
0.000286341
0.000281096
0.000293970
0.000345469
0.000291348
0.000305653
0.000303507
0.000301361
0.000293732
0.000378847
0.000311613
0.000351191
0.000314713
0.000358582
0.000288725
0.000345469
0.000330210
0.000365734
0.000279903
0.000398874
0.000331163
0.000349283
0.000370264
0.000341654
0.000274658
0.000327110
0.000364542
0.000360012
0.000362873
0.000341415
0.000354290
0.000329256
0.000339031
0.000290394
0.000295877
0.000366449
0.000342369
0.000333548
0.000354767
0.000352621
0.000328541
0.000370264
0.000327826
0.000344276
0.000349283
0.000352383
0.000359297
0.000367880
0.000357151
0.000310183
0.000324249
0.000290871
0.000345230
0.000373602
0.000353336
0.000327587
0.000344515
0.000349283
0.000355959
0.000437021
0.000309229
