0.000828266
0.000668764
0.000749588
0.000771046
0.000843287
0.000768661
0.000769854
0.000768185
0.000739336
0.000739336
0.000697613
0.000762224
0.000716448
0.000701427
0.000695229
0.000659466
0.000616074
0.000745535
0.000684977
0.000759125
0.000713110
0.000770330
0.000719070
0.000777245
0.000731468
0.000770092
0.000659227
0.000728846
0.000667334
0.000752449
0.000687838
0.000763416
0.000671864
0.000699282
0.000726461
0.000688791
0.000779152
0.000702143
0.000780344
0.000766516
0.000730515
0.000753641
0.000693321
0.000742197
0.000695229
0.000714064
0.000689507
0.000733852
0.000699043
0.000759125
0.000688553
0.000729561
0.000687122
0.000763893
0.000712395
0.000745296
0.000730753
0.000748396
0.000729322
0.000682116
0.000646353
0.000795126
0.000787020
0.000749111
0.000788689
0.000833035
0.000793934
0.000844240
0.000808716
0.000788450
0.000776529
0.000814915
0.000780582
0.000779390
0.000737190
0.000795841
0.000781298
0.000809669
0.000790834
0.000809431
0.000735521
0.000795841
0.000796556
0.000815153
0.000769138
0.000797510
0.000763178
0.000800610
0.000736713
0.000803232
0.000765324
0.000800133
0.000726938
0.000809431
0.000730276
0.000778675
0.000789881
0.000762939
0.000686407
0.000854731
