0.000298738
0.000312567
0.000328302
0.000315666
0.000310659
0.000302315
0.000304937
0.000304699
0.000319719
0.000321388
0.000348091
0.000308752
0.000310183
0.000324726
0.000273466
0.000278950
0.000323296
0.000292540
0.000320673
0.000273705
0.000319958
0.000400543
0.000385523
0.000349522
0.000391483
0.000414371
0.000414848
0.000315666
0.000427246
0.000313759
0.000342846
0.000312328
0.000348330
0.000326633
0.000347853
0.000346661
0.000349760
0.000303984
0.000346422
0.000347614
0.000284433
0.000299692
0.000425100
0.000384092
0.000319004
0.000351667
0.000412703
0.000395775
0.000347853
0.000387669
0.000376463
0.000327110
0.000355959
0.000405312
0.000298738
0.000345707
0.000345230
0.000366688
0.000414371
0.000396013
0.000333786
0.000312567
0.000314236
0.000315666
0.000293016
0.000283957
0.000292063
0.000348806
0.000303030
0.000330210
0.000360250
0.000370979
0.000366211
0.000369549
0.000347614
0.000345945
0.000295877
0.000329018
0.000372648
0.000356436
0.000365973
0.000355959
0.000313759
0.000360489
0.000356674
0.000316143
0.000355244
0.000344753
0.000356913
0.000346661
0.000312805
0.000282526
0.000348091
0.000315428
0.000318527
0.000298500
0.000324965
0.000294447
0.000351429
0.000252247
