0.063591480
0.013423920
0.000272274
0.000247002
0.000268459
0.000261545
0.000267744
0.000188828
0.000279427
0.000200510
0.000273466
0.000270367
0.000352859
0.000247002
0.000231743
0.000348568
0.000310183
0.000299931
0.000357628
0.000329256
0.000235319
0.000265598
0.000247955
0.000346899
0.000277996
0.000340939
0.000253201
0.000286579
0.000228405
0.000204802
0.000226498
0.000211000
0.000209570
0.000166655
0.000202417
0.000190020
0.000196218
0.000165462
0.000275373
0.000253201
0.000221968
0.000205040
0.000241756
0.000292778
0.000237465
0.000190258
0.000208616
0.000259161
0.000205755
0.000205994
0.000260115
0.000252485
0.000216246
0.000297785
0.000232458
0.000215054
0.000191927
0.000241995
0.000247478
0.000226736
0.000233173
0.000207901
0.000257492
0.000218868
0.000249386
0.000366926
0.000235558
0.000232458
0.000368357
0.000207424
0.000204563
0.000228643
0.000304699
0.000225544
0.000211954
0.000209332
0.000231981
0.000225067
0.000326872
0.000291586
0.000228167
0.000212908
0.000252724
0.000312805
0.000155210
0.000349760
0.000205517
0.000211954
0.000213385
0.000254154
0.000423193
0.000279665
0.000263929
0.000255585
0.000318050
0.000326395
0.000363111
0.000302792
0.000309706
0.000325918
