0.000472069
0.000502586
0.000521660
0.000480175
0.000621557
0.000547886
0.000521660
0.000541449
0.000530481
0.000452042
0.000511646
0.000567675
0.000479937
0.000534058
0.000577450
0.000508547
0.000524998
0.000549316
0.000496387
0.000563622
0.000559330
0.000533581
0.000560999
0.000546932
0.000576019
0.000452042
0.000510216
0.000550032
0.000550747
0.000498772
0.000508785
0.000504732
0.000530481
0.000524044
0.000563145
0.000591755
0.000538826
0.000532627
0.000538826
0.000512123
0.000589848
0.000541687
0.000551939
0.000494480
0.000600338
0.000553608
0.000598192
0.000544310
0.000533342
0.000550747
0.000519753
0.000493288
0.000518560
0.000561953
0.000495911
0.000477552
0.000546932
0.000507832
0.000589848
0.000761986
0.000514507
0.000516176
0.000566721
0.000500679
0.000509024
0.000557899
0.000496864
0.000533342
0.000535727
0.000506878
0.000499964
0.000540495
0.000487566
0.000493288
0.000519276
0.000492096
0.000494957
0.000586510
0.000467777
0.000480652
0.000535965
0.000494242
0.000449896
0.000540972
0.000525951
0.000490189
0.000487328
0.000508785
0.000497580
0.000545025
0.000516176
0.000515699
0.000533819
0.000477076
0.000468493
0.000545979
0.000496864
0.000514746
0.000486135
0.000462532
