0.000344992
0.000427961
0.000371456
0.000330448
0.000343084
0.000328064
0.000360727
0.000320673
0.000340462
0.000334501
0.000330925
0.000345230
0.000370979
0.000327349
0.000364065
0.000334263
0.000392437
0.000318050
0.000354528
0.000289917
0.000340700
0.000343323
0.000339031
0.000311375
0.000394106
0.000377417
0.000340462
0.000361443
0.000389338
0.000375271
0.000381470
0.000295162
0.000376940
0.000301361
0.000363588
0.000293732
0.000385761
0.000373840
0.000356436
0.000310659
0.000340462
0.000370741
0.000303507
0.000387907
0.000403166
0.000303268
0.000392199
0.000349760
0.000331879
0.000382900
0.000379324
0.000302076
0.000376940
0.000429153
0.000347137
0.000380754
0.000378609
0.000367880
0.000380278
0.000475168
0.000390291
0.000407457
0.000379086
0.000351906
0.000374079
0.000367641
0.000328541
0.000353098
0.000295162
0.000343323
0.000366211
0.000333786
0.000361443
0.000358105
0.000323296
0.000322580
0.000312328
0.000310421
0.000317335
0.000363111
0.000322342
0.000294924
0.000333309
0.000305176
0.000343561
0.000329018
0.000317097
0.000366926
0.000335693
0.000304222
0.000325680
0.000367641
0.000360012
0.000320196
0.000355959
0.000380993
0.000401497
0.000342131
0.000335932
0.000309944
