0.004271269
0.003924608
0.003431320
0.003472090
0.003861904
0.003765821
0.003504992
0.003609657
0.004173756
0.004428625
0.003363848
0.003417015
0.015775204
0.004370213
0.003321648
0.003439188
0.003707886
0.004231930
0.015735149
0.013944149
0.002983093
0.002988815
0.003406286
0.003388882
0.003338337
0.003420353
0.003438711
0.003457069
0.003310442
0.003273487
0.003402710
0.003459930
0.003584385
0.003462791
0.003562450
0.003186226
0.003553391
0.012521505
0.003576517
0.003364801
0.003488064
0.003648043
0.004241467
0.004169464
0.003596783
0.013235092
0.004246473
0.003583193
0.003443718
0.004013062
0.003546476
0.003409624
0.003293276
0.013798237
0.004282713
0.003278255
0.003539562
0.004071951
0.003728151
0.004056454
0.003581762
0.004007339
0.003818750
0.004085541
0.003724575
0.012898922
0.003808975
0.003929138
0.003738165
0.003976583
0.003752470
0.003504276
0.003393412
0.003913164
0.003670216
0.003519058
0.003375053
0.003553152
0.003405333
0.003869057
0.003738403
0.003438950
0.003315687
0.004357338
0.003826857
0.003306866
0.003413916
0.003883362
0.003597260
0.003877401
0.003635645
0.003719330
0.003561735
0.003915310
0.003636599
0.003365040
0.003337145
0.003823042
0.003542662
0.003352880
