0.132331848
0.082996845
0.032632589
0.000254869
0.000266314
0.000360966
0.000376463
0.000369072
0.000397444
0.000349760
0.000400543
0.000296593
0.000308275
0.000316620
0.000388145
0.000298738
0.000377655
0.000368118
0.000339746
0.000306368
0.000322342
0.000298023
0.000316858
0.000354767
0.000295877
0.000226259
0.000244856
0.000289440
0.000224590
0.000278473
0.000281096
0.000243425
0.000244617
0.000235558
0.000291348
0.000237226
0.000401020
0.000313759
0.000336170
0.000562191
0.000610828
0.000219345
0.000164986
0.000315189
0.000488997
0.000205755
0.000219345
0.000248194
0.000210762
0.000292063
0.000315905
0.000267267
0.000308275
0.000311613
0.000236750
0.000365019
0.000395775
0.000378370
0.000346899
0.000336885
0.000364780
0.000254393
0.000226736
0.000286341
0.000226974
0.000320911
0.000288248
0.000316858
0.000306606
0.000332355
0.000196934
0.000308037
0.000250101
0.000300646
0.000329494
0.000320435
0.000354290
0.000275850
0.000245094
0.000300884
0.000272989
0.000357628
0.000379324
0.000332117
0.000329018
0.000318289
0.000304937
0.000281572
0.000255585
0.000403881
0.000296593
0.000342846
0.000311136
0.000277519
0.000242710
0.000348330
0.000323296
0.000336170
0.000332355
0.000334740
