0.000303984
0.000276566
0.000269890
0.000267267
0.000300884
0.000300646
0.000266075
0.000299215
0.000308037
0.000272751
0.000342607
0.000303268
0.000291109
0.000304222
0.000308514
0.000336885
0.000353098
0.000266075
0.000277758
0.000255823
0.000291348
0.000291348
0.000283957
0.000292063
0.000292301
0.000373125
0.000363111
0.000283480
0.000282764
0.000319481
0.000310898
0.000299215
0.000320673
0.000285625
0.000297546
0.000280619
0.000309467
0.000322342
0.000325680
0.000324011
0.000264168
0.000283718
0.000287771
0.000304699
0.000273228
0.000273943
0.000314236
0.000376225
0.000349998
0.000348568
0.000298262
0.000309229
0.000307798
0.000313282
0.000311375
0.000298023
0.000298500
0.000304461
0.000295162
0.000310898
0.000328779
0.000277758
0.000287771
0.000300407
0.000278234
0.000313759
0.000322819
0.000300407
0.000312567
0.000312567
0.000298262
0.000290155
0.000327110
0.000298023
0.000304937
0.000263214
0.000280857
0.000291109
0.000294924
0.000306845
0.000323057
0.000309944
0.000307798
0.000300884
0.000319242
0.000323057
0.000291109
0.000321865
0.000305414
0.000321627
0.000301838
0.000321150
0.000284195
0.000300407
0.000312805
0.000322580
0.000322342
0.000290871
0.000321388
0.000269890
