0.001880407
0.001850605
0.001826525
0.001719952
0.001693249
0.001750231
0.001851797
0.001749516
0.001917124
0.001972437
0.002216816
0.001883030
0.001993418
0.001878738
0.001911640
0.001720905
0.001863956
0.002027988
0.002096176
0.001629591
0.001843214
0.001829863
0.001883507
0.001734972
0.001796007
0.001834631
0.001911402
0.001677036
0.001771927
0.001890898
0.001927614
0.012442350
0.001822472
0.001821995
0.001731873
0.001818180
0.001901865
0.001776218
0.001992702
0.001813173
0.001829386
0.001904726
0.001840115
0.001804113
0.001761913
0.001911402
0.001816511
0.012078285
0.001851797
0.001845360
0.001854658
0.001703978
0.001782179
0.001762867
0.001917362
0.001792431
0.001851559
0.001821518
0.001793861
0.001798868
0.001923800
0.001753330
0.001838207
0.001785040
0.001857758
0.001864910
0.001747847
0.001733780
0.001729965
0.001855850
0.001758099
0.001702309
0.001815081
0.001696110
0.001768351
0.001894236
0.001942873
0.001818895
0.001782894
0.001733780
0.001749754
0.001754761
0.001751184
0.001664400
0.001844645
0.001793861
0.001732111
0.001757383
0.001815796
0.001726389
0.001851082
0.001821995
0.001791000
0.001785755
0.001796007
0.001817465
0.001848936
0.001908302
0.001816034
0.001900434
