0.000369072
0.000366211
0.000286579
0.000354052
0.000328302
0.000380754
0.000370979
0.000284433
0.000364542
0.000313997
0.000362396
0.000272036
0.000309467
0.000307322
0.000326633
0.000323772
0.000357389
0.000302315
0.000329494
0.000298023
0.000292063
0.000306845
0.000331879
0.000304461
0.000314474
0.000333786
0.000306368
0.000296831
0.000351191
0.000301361
0.000300884
0.000317574
0.000315428
0.000365257
0.000283003
0.000301838
0.000284910
0.000305653
0.000263929
0.000286579
0.000315666
0.000304937
0.000235319
0.000307083
0.000307083
0.000375032
0.000309706
0.000286579
0.000295877
0.000306845
0.000338316
0.000315428
0.000310659
0.000325441
0.000331163
0.000319958
0.000282049
0.000269651
0.000282288
0.000275850
0.000302553
0.000309467
0.000262976
0.000314236
0.000343800
0.000293255
0.000390053
0.000317097
0.000360489
0.000324965
0.000306129
0.000315428
0.000370026
0.000309229
0.000272989
0.000283480
0.000276804
0.000316143
0.000375986
0.000283718
0.000279903
0.000282764
0.000275850
0.000326395
0.000349045
0.000403166
0.000288248
0.000320673
0.000288486
0.000426292
0.000307798
0.000325680
0.000312328
0.000372887
0.000285387
0.000325203
0.000323534
0.000300884
0.000325918
0.000282049
