0.015482187
0.006356001
0.005654097
0.013731956
0.005996466
0.005331755
0.005260229
0.005394936
0.005371332
0.005969048
0.005346060
0.005264759
0.005354166
0.005344629
0.005228758
0.015121222
0.005480528
0.005615234
0.005750895
0.005658150
0.005935431
0.005890846
0.018615723
0.006122828
0.006111622
0.006225824
0.006020546
0.005657434
0.005478621
0.005398273
0.005386353
0.005948067
0.005649328
0.005845308
0.014873743
0.018481255
0.013518095
0.005759954
0.005636930
0.005876303
0.005834579
0.005815983
0.005830288
0.005970001
0.006168604
0.005864382
0.005857468
0.005921364
0.005750895
0.005910873
0.005946875
0.005981684
0.005515099
0.005348206
0.005467176
0.005081654
0.005439997
0.005534887
0.005507469
0.005429983
0.014391184
0.005666494
0.005467176
0.005307436
0.005212784
0.005401850
0.005389214
0.005497456
0.005382061
0.005399704
0.005211830
0.018233538
0.005389214
0.005401134
0.005311966
0.005554676
0.005325794
0.005459785
0.005247593
0.018721342
0.005237818
0.005202055
0.005115509
0.005373716
0.005137682
0.005286932
0.005254030
0.005330563
0.005336523
0.005372286
0.005228996
0.005532980
0.005763054
0.005242348
0.005313396
0.005344152
0.005269289
0.005347490
0.005259514
0.005384207
