0.000347137
0.000393867
0.000287056
0.000382423
0.000331640
0.000334263
0.000365019
0.000377893
0.000316381
0.000376701
0.000417948
0.000331402
0.000368357
0.000399590
0.000385523
0.000422478
0.000401974
0.000395536
0.000367403
0.000396490
0.000339985
0.000360966
0.000387907
0.000364065
0.000472546
0.000389814
0.000327587
0.000396967
0.000324726
0.000380754
0.000313997
0.000318050
0.000309706
0.000340462
0.000428438
0.000392675
0.000427723
0.000372410
0.000315428
0.000332594
0.000332832
0.000326872
0.000350714
0.000376225
0.000375986
0.000387669
0.000344753
0.000345945
0.000393629
0.000408411
0.000406027
0.000408649
0.000389576
0.000374317
0.000404835
0.000321627
0.000361443
0.000375748
0.000409126
0.000407457
0.000447273
0.000329494
0.000355005
0.000384092
0.000356436
0.000392675
0.000401497
0.000375748
0.000416994
0.000439882
0.000401258
0.000402689
0.000405550
0.000404119
0.000331163
0.000408649
0.000393391
0.000419617
0.000364780
0.000395060
0.000357151
0.000393391
0.000391483
0.000344515
0.000320911
0.000373363
0.000408888
0.000392914
0.000390530
0.000386238
0.000381470
0.000318766
0.000390530
0.000400782
0.000330925
0.000388145
0.000393152
0.000397682
0.000414848
0.000344515
