0.000410557
0.000390530
0.000358582
0.000354052
0.000272036
0.000316143
0.000391483
0.000394344
0.000338554
0.000365257
0.000345230
0.000367403
0.000338554
0.000395536
0.000305891
0.000394583
0.000381231
0.000344515
0.000414610
0.000391722
0.000359058
0.000370502
0.000396967
0.000396013
0.000405788
0.000402451
0.000368834
0.000344753
0.000348091
0.000355005
0.000367880
0.000338554
0.000363827
0.000313044
0.000367403
0.000365734
0.000343323
0.000358820
0.000339985
0.000343084
0.000302792
0.000359058
0.000300646
0.000367880
0.000365496
0.000383854
0.000404358
0.000352859
0.000365257
0.000317097
0.000361204
0.000343323
0.000343800
0.000342607
0.000369072
0.000356913
0.000327110
0.000363827
0.000345945
0.000401020
0.000321865
0.000344515
0.000345707
0.000355005
0.000342607
0.000343323
0.000335217
0.000329494
0.000338793
0.000339270
0.000347853
0.000344992
0.000341654
0.000337124
0.000333309
0.000343084
0.000330687
0.000331163
0.000318289
0.000357866
0.000379086
0.000327826
0.000336885
0.000318527
0.000333786
0.000363350
0.000357628
0.000358105
0.000363111
0.000305653
0.000354290
0.000397921
0.000339746
0.000319242
0.000319481
0.000345945
0.000330210
0.000331879
0.000319481
0.000337601
