0.000736475
0.000732422
0.000627756
0.000673532
0.000640392
0.000725031
0.000658274
0.000693321
0.000698805
0.000672579
0.000698090
0.000711441
0.000629663
0.000696898
0.000647545
0.000667334
0.000665665
0.000695229
0.000590801
0.000637531
0.000650644
0.000736952
0.000657320
0.000702620
0.000676870
0.000720263
0.000628710
0.000709295
0.000681400
0.000726938
0.000689745
0.000727892
0.000673294
0.000677347
0.000755787
0.000743866
0.000726700
0.000658035
0.000640392
0.000696421
0.000699759
0.000724792
0.000687361
0.000733614
0.000699043
0.000744820
0.000613689
0.000723839
0.000683308
0.000746012
0.000695944
0.000736952
0.000719070
0.000795603
0.000722408
0.000553846
0.000673532
0.000756025
0.000682116
0.000738621
0.000678539
0.000753164
0.000628948
0.000633478
0.000700951
0.000765324
0.000688791
0.000762701
0.000715256
0.000733852
0.000674725
0.000752211
0.000715733
0.000741243
0.000701666
0.000591755
0.000687122
0.000753164
0.000722647
0.000757456
0.000677109
0.000689268
0.000698328
0.000745296
0.000723124
0.000735760
0.000698805
0.000745773
0.000689507
0.000745535
0.000658989
0.000756979
0.000704765
0.000751972
0.000682592
0.000734806
0.000717878
0.000716209
0.000667572
0.000778198
