0.000362635
0.000295162
0.000360966
0.000357389
0.000340700
0.000360489
0.000375271
0.000371456
0.000306845
0.000304937
0.000293493
0.000309944
0.000296116
0.000295401
0.000281811
0.000285864
0.000319958
0.000277281
0.000260592
0.000306368
0.000260830
0.000293493
0.000296116
0.000264883
0.000311613
0.000298262
0.000266552
0.000311375
0.000282526
0.000284672
0.000294924
0.000378132
0.000298262
0.000280380
0.000287771
0.000298977
0.000331163
0.000299454
0.000283003
0.000266314
0.000314474
0.000298262
0.000220299
0.000329256
0.000297070
0.000267744
0.000298023
0.000279188
0.000295877
0.000269651
0.000268936
0.000272989
0.000286818
0.000297308
0.000313520
0.000287056
0.000271559
0.000288486
0.000251770
0.000282049
0.000289440
0.000279188
0.000236034
0.000252247
0.000294209
0.000267982
0.000317574
0.000285387
0.000275373
0.000296116
0.000286102
0.000306129
0.000290394
0.000297785
0.000268459
0.000296354
0.000342131
0.000289917
0.000303030
0.000292778
0.000279903
0.000282049
0.000281096
0.000285387
0.000319719
0.000284672
0.000288010
0.000294924
0.000270605
0.000296354
0.000331879
0.000304699
0.000293493
0.000281096
0.000332832
0.000283480
0.000306368
0.000309229
0.000278473
0.000263691
