0.000289679
0.000332594
0.000288010
0.000278473
0.000297070
0.000355959
0.000368118
0.000357628
0.000356436
0.000381470
0.000334024
0.000353098
0.000307083
0.000314474
0.000281334
0.000253916
0.000327826
0.000330210
0.000395536
0.000333548
0.000284195
0.000306368
0.000282049
0.000364065
0.000250578
0.000313044
0.000276327
0.000282049
0.000329494
0.000264645
0.000324011
0.000299454
0.000268221
0.000324011
0.000224113
0.000313997
0.000307798
0.000304222
0.000285625
0.000272751
0.000327349
0.000261068
0.000313759
0.000322819
0.000308752
0.000325918
0.000308275
0.000326395
0.000351667
0.000290871
0.000287771
0.000258684
0.000329018
0.000321627
0.000305653
0.000277996
0.000533819
0.000283957
0.000315666
0.000321627
0.000327826
0.000285149
0.000293970
0.000286818
0.000311375
0.000261307
0.000331640
0.000366211
0.000308990
0.000357866
0.000306368
0.000295162
0.000332594
0.000279427
0.000283957
0.000293493
0.000393152
0.000290394
0.000253916
0.000315428
0.000302553
0.000319719
0.000304222
0.000310421
0.000352144
0.000336409
0.000321865
0.000264883
0.000300884
0.000250816
0.000305653
0.000301838
0.000309229
0.000306129
0.000299215
0.000355244
0.000309944
0.000313997
0.000271797
0.000296116
