0.001062632
0.001239061
0.001180887
0.001132011
0.001201153
0.001227140
0.001178026
0.001184464
0.001163483
0.001167059
0.001149178
0.001229763
0.001206160
0.001211882
0.001131296
0.001198530
0.001161098
0.001126051
0.001199484
0.001223564
0.001217604
0.001101017
0.001259804
0.001222372
0.001012087
0.001235008
0.001182318
0.001243830
0.001161337
0.001290560
0.001302242
0.001150370
0.001216650
0.001260042
0.001122713
0.001260519
0.001247644
0.001167059
0.001214266
0.001121759
0.001121521
0.001187563
0.001214743
0.001176834
0.001202106
0.001152277
0.001143456
0.001096249
0.001213789
0.001147509
0.001196623
0.001194954
0.001206636
0.001262665
0.001209974
0.001151085
0.001103878
0.001086950
0.001230001
0.001193285
0.001183987
0.001096725
0.001144171
0.001133680
0.001223803
0.001224279
0.001262426
0.001068830
0.001215935
0.001015186
0.001159430
0.001199484
0.001250505
0.001115084
0.001117468
0.001147032
0.001213551
0.001099110
0.001181126
0.001044512
0.001305819
0.001204967
0.001120329
0.001114368
0.001216888
0.000990629
0.001117706
0.001123905
0.001199484
0.001070738
0.001220226
0.001196146
0.001204252
0.001173258
0.001257420
0.001136065
0.001131058
0.001126766
0.001076221
0.001205683
