0.000329971
0.000354052
0.000277519
0.000335932
0.000309229
0.000298738
0.000370026
0.000272751
0.000297546
0.000313520
0.000298262
0.000262499
0.000283957
0.000301600
0.000318289
0.000299454
0.000341654
0.000293016
0.000364542
0.000298262
0.000293016
0.000302553
0.000330925
0.000284433
0.000311136
0.000333548
0.000286818
0.000288486
0.000353813
0.000301123
0.000299692
0.000296593
0.000285864
0.000368834
0.000256777
0.000288010
0.000304699
0.000283480
0.000262260
0.000283718
0.000291109
0.000296354
0.000234842
0.000303984
0.000282526
0.000366211
0.000283241
0.000285625
0.000296831
0.000285387
0.000315666
0.000307322
0.000264406
0.000294924
0.000327587
0.000293016
0.000282288
0.000261784
0.000254393
0.000258446
0.000299692
0.000281572
0.000257969
0.000289917
0.000320435
0.000285387
0.000385761
0.000311852
0.000293493
0.000322819
0.000306129
0.000288486
0.000297308
0.000302315
0.000265837
0.000269175
0.000253439
0.000283957
0.000372410
0.000278711
0.000283241
0.000301838
0.000282764
0.000299931
0.000342369
0.000348091
0.000287533
0.000292540
0.000330448
0.000427246
0.000283480
0.000298262
0.000310659
0.000334740
0.000269651
0.000297785
0.000298500
0.000284195
0.000298023
0.000275850
