0.000285387
0.000328064
0.000285149
0.000307798
0.000289917
0.000285149
0.000309229
0.000299454
0.000299454
0.000352621
0.000293255
0.000301838
0.000279665
0.000308990
0.000255823
0.000245810
0.000285625
0.000323296
0.000311613
0.000290871
0.000260592
0.000282049
0.000277281
0.000324726
0.000243425
0.000312805
0.000269175
0.000283241
0.000329494
0.000267029
0.000323296
0.000293493
0.000264406
0.000321865
0.000216722
0.000312328
0.000303745
0.000300884
0.000289440
0.000273228
0.000323534
0.000255346
0.000309706
0.000301838
0.000289679
0.000322104
0.000284910
0.000323057
0.000358105
0.000290871
0.000267744
0.000260830
0.000326872
0.000318050
0.000292301
0.000276089
0.000527143
0.000283718
0.000315428
0.000273705
0.000272512
0.000284910
0.000293970
0.000282764
0.000291109
0.000260830
0.000274897
0.000354767
0.000290394
0.000301838
0.000306606
0.000289679
0.000337839
0.000252247
0.000286341
0.000289440
0.000340223
0.000277281
0.000254393
0.000305653
0.000300884
0.000298738
0.000302792
0.000289202
0.000301600
0.000304937
0.000316620
0.000314236
0.000282288
0.000229597
0.000270367
0.000288248
0.000301600
0.000298262
0.000298977
0.000305414
0.000304461
0.000293970
0.000263453
0.000293016
