0.001813173
0.001782894
0.001784086
0.001693726
0.001664639
0.001679897
0.001807213
0.001697540
0.001904249
0.001920223
0.002169609
0.001873970
0.001908541
0.001868248
0.001867056
0.001686811
0.001795053
0.001957655
0.002056599
0.001617670
0.001825094
0.001816988
0.001890659
0.001731634
0.001801729
0.001824379
0.001861811
0.001634359
0.001733541
0.001875401
0.001910686
0.012258291
0.001764297
0.001836061
0.001722097
0.001827002
0.001896620
0.001766443
0.001930237
0.001786232
0.001785755
0.001875401
0.001807690
0.001783133
0.001720190
0.001883745
0.001770973
0.012050629
0.001832724
0.001828432
0.001794100
0.001685858
0.001765728
0.001737595
0.001868248
0.001761198
0.001812935
0.001782656
0.001760483
0.001744032
0.001907110
0.001727104
0.001775265
0.001784801
0.001792431
0.001816988
0.001730919
0.001706123
0.001709938
0.001812696
0.001728773
0.001674175
0.001728296
0.001668692
0.001733065
0.001868963
0.001905918
0.001791954
0.001757145
0.001707792
0.001702070
0.001750231
0.001702309
0.001636744
0.001800776
0.001724958
0.001676559
0.001674414
0.001762629
0.001690626
0.001778364
0.001750946
0.001755714
0.001780033
0.001743078
0.001757860
0.001798630
0.001873732
0.001753330
0.001892567
