0.000283003
0.000336885
0.000275612
0.000244856
0.000248194
0.000272512
0.000304461
0.000299215
0.000333548
0.000279903
0.000308037
0.000279665
0.000274420
0.000278234
0.000258446
0.000279427
0.000299692
0.000307322
0.000320673
0.000264168
0.000279188
0.000291824
0.000281811
0.000279665
0.000323772
0.000281096
0.000266790
0.000300646
0.000280380
0.000310183
0.000263691
0.000256062
0.000261545
0.000248194
0.000288725
0.000282526
0.000308514
0.000252962
0.000279903
0.000280142
0.000264883
0.000283241
0.000275850
0.000290632
0.000306368
0.000286102
0.000322819
0.000277758
0.000282049
0.000254154
0.000286341
0.000282288
0.000309706
0.000254869
0.000291348
0.000331879
0.000258923
0.000317812
0.000302315
0.000330687
0.000264883
0.000277042
0.000298977
0.000312090
0.000308990
0.000298977
0.000259638
0.000278711
0.000278473
0.000312090
0.000295401
0.000308752
0.000303984
0.000290155
0.000303030
0.000302792
0.000312805
0.000278950
0.000265360
0.000310183
0.000311136
0.000254393
0.000282049
0.000264168
0.000262737
0.000311136
0.000311852
0.000280857
0.000305176
0.000299692
0.000278234
0.000264645
0.000307560
0.000266552
0.000246763
0.000308514
0.000312090
0.000305653
0.000266552
0.000313282
