0.000723839
0.000700712
0.000610590
0.000640869
0.000601292
0.000668764
0.000614882
0.000653505
0.000638247
0.000638485
0.000668049
0.000654221
0.000596523
0.000648260
0.000619173
0.000631809
0.000656128
0.000689030
0.000584602
0.000621319
0.000614643
0.000704527
0.000657082
0.000657082
0.000585318
0.000718594
0.000604630
0.000673294
0.000664711
0.000722647
0.000670671
0.000720739
0.000630140
0.000702858
0.000710249
0.000675201
0.000648260
0.000583887
0.000577927
0.000636578
0.000628233
0.000651598
0.000619650
0.000666857
0.000628710
0.000676870
0.000547171
0.000658512
0.000605822
0.000658274
0.000617981
0.000655413
0.000650167
0.000742912
0.000651598
0.000503540
0.000612736
0.000682116
0.000623226
0.000666380
0.000620604
0.000675678
0.000560999
0.000560284
0.000627518
0.000683784
0.000623226
0.000699520
0.000650883
0.000660896
0.000620365
0.000673294
0.000641346
0.000678778
0.000638485
0.000504255
0.000636339
0.000702620
0.000647306
0.000690699
0.000607729
0.000618219
0.000620365
0.000669718
0.000648022
0.000657797
0.000637531
0.000667334
0.000615835
0.000663757
0.000596523
0.000690460
0.000614166
0.000674963
0.000608683
0.000682592
0.000648022
0.000648975
0.000598192
0.000734568
