0.018177271
0.010809422
0.010217905
0.011743069
0.011228561
0.011177778
0.010414362
0.011412382
0.011275053
0.011555672
0.010450602
0.010309935
0.010926723
0.010971785
0.010566473
0.010773182
0.010028362
0.010375261
0.010411501
0.029143333
0.010550022
0.011294365
0.011532545
0.023415327
0.020767689
0.017713070
0.010918379
0.020158768
0.011813641
0.018687725
0.011376858
0.008974791
0.011742353
0.010961533
0.019363403
0.010625362
0.017798901
0.015300035
0.010521412
0.016896963
0.010398149
0.007605553
0.011637688
0.012025356
0.010833263
0.010129452
0.010102272
0.021302223
0.010590792
0.019372463
0.011182070
0.010996342
0.019828320
0.010692835
0.011411190
0.020850897
0.010079145
0.011441231
0.010354280
0.010792971
0.010940552
0.009986639
0.010845423
0.010989428
0.010593653
0.018858910
0.010730982
0.009571552
0.010746479
0.010118723
0.010980129
0.011828661
0.011096478
0.009911776
0.010684967
0.010838985
0.010442972
0.015722036
0.010389328
0.009813309
0.011269569
0.010821104
0.020656586
0.011945248
0.012418747
0.012283564
0.012367725
0.018550158
0.009976864
0.010656595
0.011001348
0.010821581
0.011174679
0.010744333
0.011307955
0.021654129
0.010536671
0.010600567
0.009773731
0.010439634
