0.000358582
0.000366449
0.000334978
0.000368834
0.000333786
0.000323534
0.000340939
0.000321388
0.000384569
0.000340462
0.000343084
0.000369310
0.000332832
0.000387430
0.000320435
0.000341892
0.000319242
0.000358820
0.000374556
0.000363827
0.000340223
0.000343323
0.000322819
0.000380754
0.000260830
0.000343084
0.000340700
0.000346422
0.000375986
0.000341415
0.000342131
0.000369072
0.000342846
0.000370264
0.000371933
0.000320911
0.000322819
0.000284195
0.000319242
0.000326157
0.000288486
0.000287771
0.000287771
0.000323534
0.000302553
0.000303984
0.000288963
0.000291824
0.000333071
0.000302076
0.000286102
0.000303984
0.000302315
0.000345945
0.000300407
0.000316143
0.000308990
0.000301600
0.000330925
0.000405312
0.000289917
0.000265360
0.000286579
0.000310659
0.000288963
0.000289917
0.000316381
0.000313044
0.000317812
0.000288725
0.000288725
0.000293493
0.000288248
0.000319958
0.000302792
0.000287771
0.000308037
0.000338078
0.000336170
0.000300646
0.000288010
0.000331640
0.000291348
0.000330210
0.000287533
0.000288486
0.000291824
0.000288486
0.000319004
0.000305176
0.000304699
0.000286341
0.000288486
0.000319719
0.000304461
0.000287056
0.000306845
0.000302076
0.000329494
0.000290394
