0.000345469
0.000353575
0.000409126
0.000375271
0.000445366
0.000463486
0.000414848
0.000387669
0.000405550
0.000371695
0.000384331
0.000450850
0.000402451
0.000409126
0.000444412
0.000375509
0.000446320
0.000410557
0.000434160
0.000372648
0.000442743
0.000374556
0.000379324
0.000438690
0.000385761
0.000415802
0.000445127
0.000381470
0.000394583
0.000452518
0.000411987
0.000373125
0.000417948
0.000407696
0.000453711
0.000450373
0.000408649
0.000410080
0.000450611
0.000400543
0.000431538
0.000445366
0.000401974
0.000412703
0.000439167
0.000377417
0.000396013
0.000427008
0.000408173
0.000427485
0.000441313
0.000375032
0.000401258
0.000432730
0.000406265
0.000390530
0.000431299
0.000396490
0.000395536
0.000570774
0.000390291
0.000388861
0.000426292
0.000402451
0.000390768
0.000429630
0.000374556
0.000408411
0.000410318
0.000409126
0.000381708
0.000423193
0.000396252
0.000384092
0.000427246
0.000325441
0.000384808
0.000425100
0.000389814
0.000400782
0.000423431
0.000380754
0.000389338
0.000419617
0.000364304
0.000384331
0.000423431
0.000384092
0.000392437
0.000427008
0.000385046
0.000370264
0.000421762
0.000387907
0.000392675
0.000467300
0.000411987
0.000382900
0.000399590
0.000399351
