0.061740160
0.012413025
0.000128984
0.000219345
0.000225067
0.000301600
0.000301838
0.000290155
0.000320435
0.000272751
0.000323296
0.000323534
0.000329018
0.000362158
0.000317097
0.000323057
0.000303745
0.000290155
0.000360966
0.000257969
0.000334024
0.000258207
0.000282526
0.000280619
0.000319958
0.000248432
0.000193357
0.000209093
0.000192642
0.000190973
0.000213385
0.000180721
0.000195265
0.000212431
0.000230789
0.000214100
0.000428915
0.000276327
0.000278234
0.000562668
0.000519276
0.000241518
0.000168085
0.000316143
0.000449896
0.000174284
0.000241041
0.000191212
0.000173569
0.000231504
0.000230551
0.000228167
0.000351191
0.000254393
0.000265360
0.000284672
0.000312090
0.000302076
0.000388384
0.000318766
0.000302792
0.000230312
0.000225782
0.000305653
0.000214338
0.000273228
0.000258446
0.000286818
0.000283003
0.000317335
0.000289440
0.000280619
0.000315905
0.000286341
0.000293732
0.000291109
0.000329971
0.000305653
0.000232935
0.000291824
0.000249386
0.000314236
0.000326633
0.000321865
0.000292540
0.000318289
0.000262737
0.000268221
0.000250340
0.000310659
0.000303984
0.000299692
0.000308752
0.000318766
0.000226498
0.000294924
0.000260592
0.000313759
0.000307322
0.000268459
