0.000316381
0.000367880
0.000257730
0.000323296
0.000299215
0.000310659
0.000327587
0.000369310
0.000306368
0.000305176
0.000377655
0.000304699
0.000302315
0.000333548
0.000377893
0.000380754
0.000332832
0.000336647
0.000320911
0.000352383
0.000314474
0.000358582
0.000330687
0.000325680
0.000414371
0.000351906
0.000308037
0.000356436
0.000310183
0.000355482
0.000297546
0.000293016
0.000308752
0.000329971
0.000345707
0.000350952
0.000359535
0.000321388
0.000293255
0.000308275
0.000306368
0.000315905
0.000344753
0.000314236
0.000352383
0.000349998
0.000305414
0.000313997
0.000352621
0.000355959
0.000354052
0.000350714
0.000353336
0.000314474
0.000354290
0.000293970
0.000296593
0.000352621
0.000355244
0.000375986
0.000394106
0.000304222
0.000293493
0.000322342
0.000332355
0.000349760
0.000349045
0.000350237
0.000365019
0.000385284
0.000350952
0.000349760
0.000364065
0.000351906
0.000310898
0.000372410
0.000352859
0.000380039
0.000338793
0.000355005
0.000311136
0.000353098
0.000351906
0.000308514
0.000284910
0.000338078
0.000349760
0.000350952
0.000351191
0.000333071
0.000354528
0.000286341
0.000350237
0.000309229
0.000267506
0.000349045
0.000329018
0.000351906
0.000358343
0.000404119
