0.000275612
0.000274420
0.000268936
0.000260830
0.000274658
0.000288725
0.000262499
0.000269175
0.000269413
0.000261307
0.000261068
0.000272512
0.000296593
0.000267267
0.000318050
0.000289917
0.000296354
0.000265837
0.000275135
0.000246048
0.000291109
0.000296831
0.000305653
0.000312805
0.000290632
0.000278950
0.000261545
0.000285864
0.000280380
0.000317812
0.000313282
0.000280380
0.000317574
0.000280619
0.000293016
0.000281334
0.000287056
0.000362873
0.000343800
0.000326872
0.000265598
0.000280142
0.000281811
0.000280857
0.000270605
0.000278950
0.000314236
0.000322104
0.000381231
0.000323296
0.000296354
0.000308514
0.000385046
0.000296354
0.000307322
0.000296116
0.000298500
0.000294447
0.000292778
0.000309467
0.000305414
0.000274420
0.000281572
0.000279665
0.000274658
0.000321150
0.000322819
0.000295639
0.000311852
0.000295162
0.000280857
0.000285149
0.000309706
0.000298262
0.000302792
0.000258923
0.000282764
0.000315905
0.000295639
0.000289440
0.000305891
0.000307083
0.000288486
0.000281334
0.000321150
0.000363588
0.000293016
0.000362396
0.000385046
0.000320673
0.000295401
0.000293493
0.000278950
0.000283003
0.000306845
0.000360250
0.000323772
0.000283480
0.000362873
0.000271082
