0.000407934
0.000411272
0.000431299
0.000376940
0.000504017
0.000461340
0.000429153
0.000420094
0.000469685
0.000353813
0.000392914
0.000455618
0.000412464
0.000431538
0.000478268
0.000392675
0.000388861
0.000424385
0.000417233
0.000468254
0.000438452
0.000421286
0.000429869
0.000430107
0.000495672
0.000390530
0.000436544
0.000453472
0.000388622
0.000440359
0.000386715
0.000390768
0.000441790
0.000404119
0.000473261
0.000458002
0.000426531
0.000431061
0.000513792
0.000373363
0.000471115
0.000454187
0.000434875
0.000430584
0.000505447
0.000418901
0.000508785
0.000440598
0.000408173
0.000404596
0.000454903
0.000451803
0.000481367
0.000493050
0.000349283
0.000355005
0.000437021
0.000392914
0.000475168
0.000724554
0.000400066
0.000402689
0.000439167
0.000401258
0.000401020
0.000452518
0.000397444
0.000392914
0.000418425
0.000391483
0.000402451
0.000435114
0.000396967
0.000404119
0.000438929
0.000400543
0.000406027
0.000408888
0.000378370
0.000386477
0.000446081
0.000406265
0.000355482
0.000453711
0.000419617
0.000404358
0.000412941
0.000412941
0.000397444
0.000431776
0.000405550
0.000412703
0.000437975
0.000382423
0.000438452
0.000446081
0.000411034
0.000351429
0.000398874
0.000402212
