0.000375032
0.000346661
0.000268936
0.000277042
0.000290155
0.000317335
0.000297785
0.000328302
0.000286102
0.000317812
0.000409365
0.000335932
0.000300646
0.000332594
0.000279188
0.000272751
0.000289440
0.000379086
0.000299692
0.000334024
0.000304699
0.000300646
0.000380754
0.000286102
0.000306129
0.000284672
0.000292063
0.000279188
0.000310421
0.000268936
0.000271797
0.000303507
0.000278950
0.000329018
0.000320673
0.000335217
0.000299692
0.000304937
0.000291109
0.000280857
0.000267982
0.000283003
0.000348330
0.000291824
0.000303268
0.000287056
0.000286102
0.000288010
0.000382662
0.000302315
0.000319481
0.000323772
0.000376701
0.000308990
0.000345707
0.000327349
0.000333309
0.000299215
0.000332117
0.000424862
0.000310659
0.000333786
0.000305653
0.000277758
0.000343323
0.000370264
0.000357628
0.000353575
0.000339508
0.000358820
0.000333548
0.000338078
0.000293016
0.000316620
0.000342607
0.000365019
0.000331879
0.000316143
0.000328302
0.000344992
0.000323772
0.000332355
0.000343323
0.000329494
0.000332832
0.000361681
0.000329971
0.000351429
0.000341415
0.000330448
0.000292301
0.000325203
0.000321388
0.000309467
0.000328779
0.000354767
0.000322819
0.000323057
0.000381947
0.000306129
