0.004209042
0.003669262
0.003203630
0.003257275
0.003615141
0.003542900
0.003306627
0.003383398
0.003957510
0.004227877
0.003142357
0.003217936
0.015638828
0.004167318
0.003105640
0.003215790
0.003493547
0.004044771
0.015550137
0.013580799
0.003080130
0.003110886
0.003531694
0.003522873
0.003486872
0.003551483
0.003566980
0.003561497
0.003459215
0.003423214
0.003553867
0.003600836
0.003735065
0.003587961
0.003531218
0.003150225
0.003685474
0.012515306
0.003538132
0.003494024
0.003636122
0.003792763
0.004219055
0.004168272
0.003582478
0.013236523
0.004015923
0.003349066
0.003208637
0.003940582
0.003507614
0.003352880
0.003238201
0.013263226
0.004126072
0.003079653
0.003360271
0.003882408
0.003547907
0.003884554
0.003397465
0.003773451
0.003631353
0.003869057
0.003544092
0.012837410
0.003780365
0.003890276
0.003688574
0.003919601
0.003719807
0.003589630
0.003510237
0.004044294
0.003773451
0.003626108
0.003499031
0.003685236
0.003489971
0.003985405
0.003828287
0.003417969
0.003452063
0.004336119
0.003927946
0.003417969
0.003510714
0.003987312
0.003676176
0.004002333
0.003731489
0.003709078
0.003661156
0.004035234
0.003712893
0.003485918
0.003470421
0.003785133
0.003671885
0.003493547
