0.000300407
0.000295877
0.000380993
0.000313520
0.000308752
0.000310421
0.000322580
0.000299692
0.000374794
0.000361204
0.000365019
0.000327587
0.000325918
0.000313282
0.000271797
0.000266075
0.000338316
0.000352621
0.000339270
0.000236034
0.000281811
0.000310183
0.000309229
0.000277519
0.000297546
0.000288963
0.000311613
0.000292301
0.000316858
0.000293732
0.000277281
0.000274420
0.000308514
0.000268221
0.000279427
0.000277758
0.000310183
0.000282526
0.000308752
0.000309944
0.000247240
0.000262737
0.000327349
0.000319958
0.000275135
0.000283003
0.000304222
0.000306368
0.000277519
0.000288248
0.000292063
0.000268459
0.000291109
0.000292301
0.000273943
0.000306845
0.000272274
0.000279188
0.000287056
0.000306606
0.000295877
0.000276804
0.000277758
0.000278234
0.000254154
0.000254869
0.000267744
0.000308752
0.000301600
0.000308037
0.000276804
0.000291824
0.000302792
0.000290871
0.000277519
0.000291109
0.000260592
0.000287294
0.000291348
0.000292063
0.000276566
0.000315905
0.000277519
0.000291824
0.000320673
0.000279427
0.000290155
0.000307322
0.000285387
0.000307560
0.000275612
0.000243902
0.000310183
0.000276089
0.000278950
0.000263214
0.000287056
0.000256300
0.000310898
0.000274897
