0.001775980
0.002220154
0.002008915
0.001860380
0.001868963
0.001938105
0.002079964
0.001820326
0.001802921
0.001811504
0.002144814
0.001894712
0.001888990
0.001912117
0.001893282
0.001931667
0.001984835
0.001940727
0.002038002
0.002069473
0.001953602
0.002074957
0.002113819
0.001971245
0.002093554
0.001945972
0.002000093
0.001988888
0.002024889
0.002143621
0.002115726
0.001928091
0.002038717
0.001877308
0.001827240
0.002012491
0.001974821
0.002036095
0.002268076
0.002022743
0.001929522
0.013648033
0.002092361
0.002078295
0.002007246
0.001923323
0.001936674
0.001923323
0.001886845
0.001882315
0.001795292
0.001875162
0.002111673
0.002024412
0.002120495
0.001997709
0.001991510
0.001810789
0.001886845
0.001983404
0.002111435
0.001868486
0.001835346
0.001834869
0.001873970
0.001871347
0.002199173
0.001983881
0.001848459
0.002107620
0.001861095
0.001894951
0.002014637
0.001821280
0.001908779
0.001531363
0.002058506
0.002048016
0.001946211
0.001982450
0.001961708
0.001846075
0.001895666
0.001909494
0.002079010
0.002217054
0.001981735
0.001923084
0.002092600
0.001840115
0.002049446
0.001986742
0.001838446
0.001915455
0.001922369
0.001827002
0.002175331
0.002326250
0.001966476
0.002001524
