0.033930063
0.019598961
0.013138056
0.012527704
0.013039351
0.013763189
0.013278008
0.013163567
0.022832870
0.012555122
0.013038158
0.012044668
0.029043198
0.011521816
0.013235331
0.012805223
0.022634029
0.013625383
0.013041258
0.013346672
0.033075571
0.021125555
0.012388945
0.021299601
0.022767544
0.022643328
0.013770580
0.022266388
0.012683630
0.012501240
0.012814522
0.013296843
0.013083220
0.012001514
0.013296366
0.012938976
0.012619495
0.023184776
0.012722969
0.011670351
0.012861490
0.012775421
0.021365643
0.022606850
0.012676477
0.023772478
0.025843143
0.012877941
0.012671471
0.022461176
0.018804789
0.011934042
0.012945890
0.032335281
0.021976948
0.011706591
0.012286186
0.013206720
0.024953604
0.012574673
0.012788773
0.012191296
0.013488293
0.021462917
0.012689590
0.013331413
0.012370825
0.013226748
0.011632681
0.011896610
0.012704611
0.011712074
0.013764381
0.013897896
0.012668848
0.023645639
0.013518095
0.008565426
0.012664795
0.013765097
0.012237072
0.013172865
0.011566401
0.012857676
0.021304369
0.018038034
0.012727737
0.012983084
0.012091160
0.011858940
0.022082329
0.013187408
0.011524439
0.013372183
0.013647556
0.013568640
0.013457060
0.012709856
0.014197588
0.013415575
