0.000475645
0.000399113
0.000342607
0.000320196
0.000360727
0.000337839
0.000311852
0.000371456
0.000314951
0.000352621
0.000329494
0.000286818
0.000295877
0.000388384
0.000385046
0.000313759
0.000354290
0.000340939
0.000339985
0.000386953
0.000330210
0.000338078
0.000354052
0.000343561
0.000432730
0.000314951
0.000344038
0.000392199
0.000379801
0.000390530
0.000353336
0.000338554
0.000413418
0.000417709
0.000449657
0.000317574
0.000405073
0.000376463
0.000393391
0.000351429
0.000318050
0.000396729
0.000337362
0.000382423
0.000476122
0.000363111
0.000366211
0.000373363
0.000353098
0.000432253
0.000395775
0.000359058
0.000368357
0.000394106
0.000412226
0.000359774
0.000348806
0.000312567
0.000346422
0.000543594
0.000372410
0.000363350
0.000324488
0.000311136
0.000336885
0.000272512
0.000331879
0.000295639
0.000296116
0.000326395
0.000302076
0.000296116
0.000280857
0.000293493
0.000329494
0.000294209
0.000292063
0.000294685
0.000298977
0.000322819
0.000297785
0.000295877
0.000303030
0.000319719
0.000340700
0.000330925
0.000317812
0.000315189
0.000282764
0.000331879
0.000311136
0.000310898
0.000295401
0.000299692
0.000331402
0.000296116
0.000295401
0.000313282
0.000300646
0.000303745
