0.001184464
0.001396179
0.001329660
0.001277924
0.001302958
0.001179695
0.001231432
0.001314878
0.001212358
0.001251221
0.001288652
0.001365662
0.001280308
0.001247168
0.001220226
0.001214981
0.001241684
0.001237154
0.001256466
0.001262188
0.001357317
0.001223564
0.001277685
0.001286745
0.001222134
0.001245737
0.001248837
0.001264095
0.001150846
0.001151323
0.001238585
0.001166582
0.001248360
0.001204729
0.001223803
0.001230955
0.001274109
0.001136065
0.001197338
0.001273632
0.001260757
0.001154184
0.001291037
0.001225233
0.001215935
0.001332283
0.001226425
0.001226664
0.001277447
0.001183748
0.001230001
0.001225233
0.001263142
0.001250029
0.001220226
0.001094341
0.001219034
0.001255512
0.001257658
0.001343489
0.001205921
0.022742033
0.001317263
0.001277208
0.001192331
0.012385845
0.001085281
0.001258850
0.001257181
0.001190186
0.001237631
0.001214027
0.001229525
0.001297951
0.001238823
0.001246214
0.001337051
0.001296759
0.001408339
0.001381636
0.001214266
0.023381233
0.001423359
0.001220226
0.001205921
0.001186609
0.001216412
0.001204491
0.001252890
0.001194000
0.001197100
0.001213551
0.001197577
0.001197815
0.001210213
0.001211405
0.001128197
0.001027107
0.001199007
0.001266479
