0.000291586
0.000328302
0.000302553
0.000247955
0.000328779
0.000363827
0.000316381
0.000277996
0.000332355
0.000301123
0.000313759
0.000338316
0.000311613
0.000291348
0.000312328
0.000303507
0.000312328
0.000320435
0.000300169
0.000273705
0.000299931
0.000296593
0.000317812
0.000315428
0.000302076
0.000267506
0.000301123
0.000259161
0.000316858
0.000326872
0.000299454
0.000333309
0.000389814
0.000320673
0.000324011
0.000315666
0.000293255
0.000329733
0.000317335
0.000283241
0.000330925
0.000327826
0.000300646
0.000336885
0.000271559
0.000269413
0.000264406
0.000487328
0.000304222
0.000283003
0.000327587
0.000274897
0.000327826
0.000300884
0.000321388
0.000287533
0.000329494
0.000319242
0.000314713
0.000318527
0.000332117
0.000338078
0.000324965
0.000308514
0.000335217
0.000297785
0.000295639
0.000335932
0.000305176
0.000296354
0.000295162
0.000295639
0.000264883
0.000346661
0.000324965
0.000334501
0.000344276
0.000327587
0.000300407
0.000299454
0.000281096
0.000348330
0.000328541
0.000314951
0.000266790
0.000266552
0.000300884
0.000349522
0.000301600
0.000525951
0.000300646
0.000313997
0.000298977
0.000300407
0.000266314
0.000299215
0.000346899
0.000299215
0.000303030
0.000269413
