0.000270367
0.000266552
0.000602007
0.000255108
0.000307560
0.000179768
0.000276089
0.000225067
0.000240088
0.000200510
0.000159740
0.000194311
0.000216246
0.000210285
0.000360966
0.000334501
0.000282526
0.000337839
0.000409842
0.000348806
0.000330687
0.000342131
0.000324965
0.000366926
0.000367165
0.000352621
0.000329256
0.000325918
0.000329971
0.000311375
0.000304222
0.000293732
0.000274897
0.000307322
0.000312328
0.000286579
0.000274658
0.000289917
0.000288248
0.000324965
0.000319958
0.000287533
0.000269175
0.000272751
0.000302076
0.000285149
0.000285387
0.000264883
0.000286341
0.000293255
0.000311375
0.000280619
0.000257969
0.000251770
0.000316620
0.000507355
0.000204563
0.000198603
0.000218391
0.000285387
0.000162601
0.000224113
0.000277281
0.000201464
0.000157356
0.000181198
0.000167370
0.000192642
0.000172615
0.000190973
0.000194550
0.000265360
0.000293732
0.000216246
0.000218630
0.000255346
0.000207901
0.000248671
0.000236988
0.000247240
0.000201941
0.000224352
0.000196695
0.000154018
0.000222445
0.000265360
0.000228643
0.000267982
0.000246525
0.000225067
0.000224829
0.000227213
0.000211716
0.000215292
0.000202894
0.000220776
0.000198364
0.000420809
0.000293732
0.000458002
