0.000363350
0.000339508
0.000301838
0.000291586
0.000329256
0.000308514
0.000315189
0.000354528
0.000283003
0.000301838
0.000312805
0.000272989
0.000274658
0.000306606
0.000286579
0.000257492
0.000363350
0.000284433
0.000299454
0.000406265
0.000291824
0.000320673
0.000292778
0.000317335
0.000285864
0.000314474
0.000319004
0.000326395
0.000286341
0.000289202
0.000296831
0.000336170
0.000310183
0.000306129
0.000288963
0.000320673
0.000327110
0.000319719
0.000324488
0.000321388
0.000310421
0.000291109
0.000305414
0.000294924
0.000320911
0.000291824
0.000323057
0.000287771
0.000319719
0.000318527
0.000324011
0.000286341
0.000322342
0.000326395
0.000316858
0.000321627
0.000319958
0.000320673
0.000323296
0.000302792
0.000313282
0.000308752
0.000273228
0.000286818
0.000304937
0.000287771
0.000322580
0.000275135
0.000351191
0.000290632
0.000312567
0.000355721
0.000323296
0.000293970
0.000299215
0.000282049
0.000322819
0.000323296
0.000326872
0.000315666
0.000299454
0.000298023
0.000302315
0.000334024
0.000337362
0.000313282
0.000345707
0.000323772
0.000309944
0.000347853
0.000306845
0.000385284
0.000311136
0.000321865
0.000303030
0.000272036
0.000338554
0.000301600
0.000326633
0.000285387
