0.000337839
0.000428438
0.000388861
0.000323772
0.000337601
0.000321388
0.000357151
0.000312567
0.000317812
0.000321150
0.000325680
0.000387430
0.000380754
0.000327349
0.000338554
0.000333071
0.000411749
0.000306845
0.000330448
0.000285149
0.000330687
0.000341654
0.000337839
0.000287294
0.000393391
0.000381470
0.000320435
0.000362396
0.000340462
0.000337839
0.000336885
0.000289917
0.000337362
0.000286579
0.000340939
0.000292540
0.000343084
0.000334740
0.000333786
0.000305891
0.000305653
0.000337362
0.000284910
0.000362158
0.000351906
0.000288010
0.000346184
0.000304222
0.000307083
0.000338793
0.000334978
0.000292301
0.000345945
0.000349045
0.000311136
0.000348806
0.000337124
0.000326633
0.000341415
0.000444412
0.000344753
0.000364065
0.000334740
0.000304937
0.000336170
0.000320911
0.000330210
0.000326157
0.000284433
0.000338554
0.000339031
0.000331640
0.000322819
0.000324488
0.000304222
0.000311136
0.000320911
0.000316858
0.000329494
0.000329256
0.000311136
0.000276327
0.000325441
0.000289440
0.000333309
0.000330687
0.000320435
0.000360966
0.000320673
0.000304461
0.000324011
0.000352383
0.000354290
0.000300169
0.000346422
0.000331640
0.000354290
0.000301600
0.000306368
0.000305653
