0.000203133
0.000242710
0.000320196
0.000268936
0.000244856
0.000277996
0.000264406
0.000272274
0.000270128
0.000271559
0.000259161
0.000275135
0.000277519
0.000232458
0.000292301
0.000235796
0.000293732
0.000321865
0.000287771
0.000291109
0.000298023
0.000264406
0.000291824
0.000285625
0.000324249
0.000298977
0.000279427
0.000307560
0.000234842
0.000293732
0.000286579
0.000221014
0.000223160
0.000285864
0.000279188
0.000313044
0.000228405
0.000292301
0.000238657
0.000259399
0.000209570
0.000277758
0.000300884
0.000221729
0.000275373
0.000297785
0.000287771
0.000205040
0.000277996
0.000301361
0.000300169
0.000226974
0.000324726
0.000279188
0.000277758
0.000253439
0.000285149
0.000226974
0.000304222
0.000239849
0.000283003
0.000297308
0.000289440
0.000289679
0.000240803
0.000296831
0.000278234
0.000273943
0.000224352
0.000237942
0.000299692
0.000220776
0.000274658
0.000299692
0.000276327
0.000209332
0.000291109
0.000275850
0.000277281
0.000283957
0.000278711
0.000222206
0.000289679
0.000206709
0.000300407
0.000311375
0.000278234
0.000278950
0.000288963
0.000241995
0.000266314
0.000303268
0.000278473
0.000290155
0.000315905
0.000289202
0.000214338
0.000247717
0.000227213
0.000275135
