0.000759363
0.000713587
0.000732422
0.000713348
0.000671864
0.000719786
0.000716209
0.000702381
0.000738621
0.000714540
0.000705957
0.000684977
0.000828505
0.000705957
0.000757694
0.000760794
0.000755787
0.000739336
0.000752211
0.000719309
0.000761986
0.000755548
0.000774384
0.000730753
0.000716686
0.000702381
0.000755787
0.000739813
0.000753641
0.000728607
0.000730991
0.000726461
0.000745296
0.000732183
0.000757694
0.000715017
0.000666380
0.000756502
0.000689983
0.000751257
0.000744820
0.000745058
0.000758410
0.000867605
0.000750780
0.000759602
0.000702143
0.000726938
0.000758171
0.000761032
0.000815868
0.000736713
0.000738144
0.000751019
0.000754118
0.000755787
0.000738144
0.000747442
0.000771284
0.000729561
0.000752687
0.000776052
0.000759602
0.000747919
0.000724554
0.000734806
0.000746250
0.000772476
0.000754833
0.000743628
0.000761986
0.000771999
0.000740767
0.000718355
0.000735283
0.000747442
0.000720024
0.000750542
0.000735998
0.000710726
0.000750065
0.000736475
0.000723600
0.000742435
0.000716925
0.000731945
0.000759125
0.000753403
0.000745296
0.000731945
0.000738621
0.000754833
0.000732660
0.000750065
0.000741482
0.000730991
0.000752687
0.000758886
0.000751257
0.000727892
