0.000303268
0.000285387
0.000226021
0.000258684
0.000557899
0.000308752
0.000277996
0.000266790
0.000275850
0.000298738
0.000276089
0.000281334
0.000303030
0.000284672
0.000316381
0.000314951
0.000294447
0.000276327
0.000278473
0.000212193
0.000260830
0.000289917
0.000213861
0.000334501
0.000297070
0.000299692
0.000228882
0.000273943
0.000314236
0.000282049
0.000296354
0.000211954
0.000244617
0.000272751
0.000289679
0.000297785
0.000302076
0.000297308
0.000296116
0.000273705
0.000279188
0.000297308
0.000213861
0.000287294
0.000275373
0.000287771
0.000277758
0.000244617
0.000289679
0.000237465
0.000331163
0.000276089
0.000287771
0.000278234
0.000273943
0.000247717
0.000308752
0.000273466
0.000291109
0.000327110
0.000262499
0.000244141
0.000276566
0.000289679
0.000300884
0.000247002
0.000298023
0.000229597
0.000274658
0.000276804
0.000272274
0.000288248
0.000279665
0.000276804
0.000276566
0.000289440
0.000277519
0.000276089
0.000278473
0.000284195
0.000276089
0.000289440
0.000283480
0.000268221
0.000214815
0.000314236
0.000200748
0.000297308
0.000273228
0.000215054
0.000293732
0.000281811
0.000278234
0.000202656
0.000311613
0.000274420
0.000293493
0.000295877
0.000277758
0.000238419
