0.014435291
0.005924702
0.005625248
0.005622387
0.005879402
0.005817652
0.005888700
0.005837440
0.015351057
0.005760908
0.005845547
0.005854130
0.005951166
0.005892515
0.005861282
0.005806446
0.005989075
0.005872488
0.005961895
0.005901814
0.005940199
0.005891323
0.005855322
0.005843401
0.005902052
0.005810261
0.005901814
0.005865574
0.005971193
0.005804539
0.005881310
0.005838633
0.005787134
0.014777660
0.005806684
0.005864620
0.005856037
0.005841732
0.005924225
0.005867004
0.005892754
0.005864382
0.005890846
0.005935192
0.005902052
0.005810976
0.005933285
0.005808830
0.005940914
0.005832434
0.005874634
0.005900860
0.005834341
0.014851809
0.005876541
0.005887032
0.005886078
0.005824327
0.005976915
0.005897999
0.005874634
0.005906343
0.005949736
0.005933523
0.005897522
0.005793095
0.005865097
0.015439987
0.006091833
0.005948305
0.005890608
0.005918741
0.005905628
0.005847931
0.005851030
0.005861759
0.005892754
0.005838394
0.005908728
0.005825043
0.005795479
0.005945921
0.005803347
0.005946398
0.005887747
0.005859137
0.005816221
0.005905628
0.005918741
0.005873919
0.005920649
0.005860567
0.005858183
0.005944014
0.005924463
0.005898952
0.005858660
0.005901098
0.006525517
0.014712334
