0.000358820
0.000256777
0.000284433
0.000323296
0.000223637
0.000285625
0.000305891
0.000301361
0.000326633
0.000222206
0.000283957
0.000288010
0.000313759
0.000313759
0.000279903
0.000291109
0.000287533
0.000297308
0.000340462
0.000304937
0.000298500
0.000285864
0.000283957
0.000322342
0.000288248
0.000285864
0.000307560
0.000214100
0.000320435
0.000311136
0.000281811
0.000273466
0.000283718
0.000254393
0.000293732
0.000224590
0.000285149
0.000293970
0.000316858
0.000285625
0.000306845
0.000309467
0.000293732
0.000269890
0.000306845
0.000283003
0.000285149
0.000288486
0.000254393
0.000313520
0.000305891
0.000309467
0.000296831
0.000343323
0.000309944
0.000286102
0.000311613
0.000283957
0.000335693
0.000320673
0.000297785
0.000297308
0.000288725
0.000314474
0.000303984
0.000305891
0.000236988
0.000223160
0.000348806
0.000310421
0.000312567
0.000283957
0.000328302
0.000322104
0.000295162
0.000311613
0.000312567
0.000284910
0.000338554
0.000312090
0.000308275
0.000306368
0.000346422
0.000270367
0.000312090
0.000304937
0.000287294
0.000285387
0.000327587
0.000286579
0.000307083
0.000306606
0.000257969
0.000340223
0.000296116
0.000293493
0.000295639
0.000304937
0.000339508
0.000239849
