0.000302553
0.000297785
0.000213623
0.000214815
0.000254154
0.000309467
0.000282288
0.000241041
0.000302076
0.000213623
0.000277042
0.000238895
0.000225782
0.000294209
0.000281334
0.000304699
0.000287533
0.000303507
0.000308990
0.000297070
0.000277996
0.000298977
0.000216961
0.000312567
0.000298262
0.000276804
0.000290871
0.000240326
0.000303507
0.000275373
0.000221252
0.000240088
0.000276089
0.000303268
0.000277519
0.000204802
0.000306845
0.000204086
0.000220060
0.000205040
0.000274658
0.000290632
0.000281811
0.000322342
0.000276566
0.000287294
0.000299454
0.000240088
0.000224829
0.000221252
0.000279903
0.000290394
0.000291109
0.000310183
0.000286341
0.000290871
0.000287294
0.000299931
0.000289202
0.000293016
0.000281572
0.000274897
0.000279427
0.000310421
0.000275373
0.000311852
0.000252724
0.000205755
0.000294447
0.000224352
0.000216246
0.000291824
0.000277996
0.000294685
0.000226974
0.000278711
0.000206232
0.000225544
0.000231743
0.000228882
0.000226974
0.000290871
0.000217438
0.000300646
0.000255108
0.000240326
0.000277281
0.000209093
0.000289440
0.000283480
0.000304937
0.000242710
0.000291824
0.000237942
0.000209332
0.000278234
0.000278711
0.000288486
0.000293732
0.000219822
