0.000537634
0.000398874
0.000362158
0.000494719
0.000422001
0.000510216
0.000428438
0.000488043
0.000473738
0.000514269
0.000486851
0.000478029
0.000470877
0.000513315
0.000491142
0.000488758
0.000448227
0.000489473
0.000386477
0.000480652
0.000469208
0.000512362
0.000476599
0.000494719
0.000473022
0.000517607
0.000473261
0.000460863
0.000479937
0.000483513
0.000385761
0.000487328
0.000446796
0.000496864
0.000469446
0.000485897
0.000520229
0.000509977
0.000474930
0.000506878
0.000480890
0.000514030
0.000483751
0.000514984
0.000438452
0.000491381
0.000445604
0.000499249
0.000416517
0.000520945
0.000473976
0.000525951
0.000446320
0.000509739
0.000464201
0.000484943
0.000432014
0.000427246
0.000432014
0.000519037
0.000445604
0.000523567
0.000483036
0.000517607
0.000484228
0.002124548
0.000446796
0.000515938
0.000466347
0.000510216
0.000472307
0.000509024
0.000499249
0.000526428
0.000446796
0.000507832
0.000452995
0.000479698
0.000473976
0.000478268
0.000447035
0.000510454
0.000480175
0.000487804
0.000458479
0.000509977
0.000473022
0.000501394
0.000452518
0.000491858
0.000477791
0.000487566
0.000458241
0.000496149
0.000440359
0.000489235
0.000437737
0.000525236
0.000394344
0.000550985
