0.000407219
0.000230551
0.000222445
0.000233889
0.000238419
0.000247955
0.000237465
0.000235319
0.000236273
0.000236750
0.000248671
0.000243902
0.000238895
0.000235558
0.000247240
0.000236750
0.000260592
0.000260353
0.000236511
0.000237703
0.000239849
0.000230789
0.000254869
0.000249147
0.000254631
0.000251532
0.000196457
0.000235558
0.000236750
0.000215769
0.000236511
0.000194311
0.000264645
0.000250578
0.000234365
0.000237703
0.000225306
0.000250816
0.000237703
0.000257969
0.000237942
0.000237703
0.000237226
0.000249147
0.000252724
0.000225306
0.000236511
0.000204802
0.000250101
0.000240088
0.000226498
0.000196218
0.000241756
0.000238419
0.000248671
0.000276566
0.000252247
0.000263214
0.000197172
0.000239372
0.000236511
0.000236511
0.000227213
0.000235319
0.000207424
0.000235558
0.000214815
0.000254154
0.000272512
0.000211954
0.000242233
0.000239134
0.000264883
0.000233412
0.000256300
0.000253916
0.000253916
0.000223160
0.000236750
0.000212431
0.000263929
0.000254154
0.000227451
0.000253439
0.000187635
0.000255108
0.000278234
0.000243187
0.000268221
0.000224590
0.000255585
0.000239611
0.000240803
0.000269890
0.000245333
0.000278234
0.000256777
0.000227928
0.000257015
0.000257969
