0.011924982
0.000990629
0.001066446
0.011831045
0.001096249
0.001202583
0.001147747
0.001140118
0.001149893
0.001102209
0.001113653
0.001178741
0.001431227
0.001152754
0.001144171
0.001205921
0.001151323
0.001115322
0.001136541
0.011662006
0.001209021
0.001181126
0.001123428
0.001206636
0.001056671
0.001047134
0.001160145
0.001108885
0.001130819
0.001140356
0.001111031
0.001171112
0.001015186
0.001167536
0.001124382
0.001145124
0.001160860
0.000966311
0.001165867
0.001157999
0.001120567
0.001114130
0.001095772
0.001130581
0.001116514
0.001127243
0.001120090
0.001180649
0.001142263
0.011812449
0.001100302
0.001004457
0.001097441
0.001051664
0.001120567
0.001082897
0.001100779
0.001109123
0.001155615
0.001103163
0.001121521
0.001082897
0.001092672
0.001116037
0.001119614
0.001081944
0.001116753
0.001049519
0.001127481
0.001071215
0.001119852
0.001072407
0.001098633
0.011668205
0.001155138
0.001056910
0.001125574
0.001075268
0.001177311
0.001056910
0.001101494
0.001046419
0.001154661
0.001121044
0.001136780
0.001039982
0.001152754
0.001077175
0.001131773
0.001123428
0.001129150
0.001075029
0.001137495
0.001054287
0.001127005
0.000979424
0.001114130
0.001107693
0.001143932
0.001156569
