0.000319719
0.000373363
0.000379086
0.000331640
0.000329256
0.000366688
0.000332117
0.000304461
0.000367641
0.000364780
0.000339031
0.000365496
0.000333786
0.000331402
0.000358105
0.000329733
0.000322104
0.000368834
0.000388384
0.000310183
0.000401974
0.000354052
0.000369787
0.000352621
0.000368595
0.000339270
0.000333309
0.000365257
0.000371933
0.000355482
0.000350714
0.000318527
0.000353813
0.000367880
0.000376701
0.000399351
0.000384569
0.000353813
0.000397205
0.000392199
0.000375509
0.000407696
0.000369072
0.000366688
0.000395060
0.000372648
0.000362396
0.000404596
0.000366211
0.000318289
0.000396252
0.000328779
0.000379801
0.000425100
0.000326633
0.000320673
0.000397682
0.000371695
0.000362158
0.000459433
0.000371456
0.000318289
0.000374794
0.000375986
0.000380278
0.000404596
0.000398636
0.000366449
0.000435114
0.000365257
0.000338554
0.000398874
0.000375509
0.000406027
0.000389099
0.000374794
0.000319004
0.000407219
0.000367880
0.000376463
0.000354767
0.000374794
0.000373840
0.000396013
0.000369549
0.000318289
0.000405550
0.000346422
0.000375509
0.000343561
0.000324249
0.000389099
0.000360966
0.000310659
0.000364542
0.000396252
0.000373125
0.000367403
0.000410795
0.000386000
