0.000280857
0.000279427
0.000211716
0.000270844
0.000262976
0.000240803
0.000293732
0.000278234
0.000273228
0.000241280
0.000283957
0.000331879
0.000279903
0.000284433
0.000281572
0.000295401
0.000335217
0.000283241
0.000281811
0.000257254
0.000263453
0.000272751
0.000284195
0.000267029
0.000249624
0.000261068
0.000280619
0.000212908
0.000269651
0.000267267
0.000297546
0.000254631
0.000287533
0.000235796
0.000281811
0.000281096
0.000206709
0.000275612
0.000277996
0.000277281
0.000293016
0.000270128
0.000292301
0.000286818
0.000210524
0.000281572
0.000237942
0.000277758
0.000207186
0.000208616
0.000280380
0.000275850
0.000279665
0.000242233
0.000268221
0.000239849
0.000212908
0.000267267
0.000244617
0.000392914
0.000256300
0.000264406
0.000238180
0.000281811
0.000290632
0.000250340
0.000195980
0.000312567
0.000209332
0.000273466
0.000251770
0.000209808
0.000334501
0.000281096
0.000277996
0.000207901
0.000280857
0.000217915
0.000269651
0.000293493
0.000310659
0.000281096
0.000192165
0.000235558
0.000306368
0.000195742
0.000277519
0.000282288
0.000264645
0.000251770
0.000303030
0.000281334
0.000269890
0.000265121
0.000293970
0.000207424
0.000303030
0.000277042
0.000280380
0.000227928
