0.012550592
0.003029108
0.003083229
0.002817154
0.002906799
0.003086090
0.003102303
0.003123760
0.003029585
0.003058910
0.003087044
0.003014088
0.003144741
0.003006220
0.003029585
0.003057480
0.013496161
0.002924681
0.003066063
0.003065825
0.003065825
0.003062487
0.003159285
0.002990484
0.003015280
0.003079653
0.003070354
0.003029823
0.003028870
0.003054857
0.012013674
0.003029585
0.003107786
0.003015757
0.003135920
0.003098249
0.003144979
0.003070116
0.003018379
0.003020763
0.003065586
0.003103971
0.003025293
0.003040552
0.003133774
0.003074884
0.003072977
0.003054142
0.003183603
0.003092051
0.003015518
0.002977610
0.003097773
0.003073931
0.003024817
0.003036022
0.003071785
0.003014088
0.012073994
0.003117561
0.003079653
0.003077269
0.003017426
0.003011942
0.003040075
0.003086329
0.003242493
0.003037214
0.003127337
0.003039122
0.003130674
0.003111362
0.003146887
0.003050327
0.003064632
0.003034592
0.003114462
0.003119230
0.003082752
0.003067017
0.003161192
0.003053665
0.003085136
0.003118992
0.003177881
0.003039837
0.003066778
0.003000259
0.003159523
0.003128529
0.003070831
0.003104687
0.003093004
0.003100634
0.003057957
0.003075361
0.003165722
0.003030062
0.003062963
0.003144026
