0.063650370
0.014314890
0.000167131
0.000178099
0.000204802
0.000239372
0.000259876
0.000255108
0.000245094
0.000152826
0.000241280
0.000245571
0.000252247
0.000260830
0.000262022
0.000285387
0.000233412
0.000236511
0.000306129
0.000289202
0.000255108
0.000324965
0.000275850
0.000320911
0.000308752
0.000261068
0.000309229
0.000261068
0.000296354
0.000317097
0.000256062
0.000240803
0.000309467
0.000308990
0.000317812
0.000297546
0.000308990
0.000309229
0.000307798
0.000306606
0.000309706
0.000308514
0.000304699
0.000307798
0.000308037
0.000308275
0.000249624
0.000308037
0.000308990
0.000308037
0.000308037
0.000306606
0.000311852
0.000234127
0.000309467
0.000307083
0.000257254
0.000306845
0.000308990
0.000287533
0.000224113
0.000236988
0.000253439
0.000292778
0.000398159
0.000303745
0.000305891
0.000286579
0.000310183
0.000430584
0.000305414
0.000305176
0.000306368
0.000317097
0.000305891
0.000316620
0.000286102
0.000214815
0.000264406
0.000235081
0.000267744
0.000234842
0.000226974
0.000226021
0.000229120
0.000253677
0.000266790
0.000255346
0.000241995
0.000231504
0.000241041
0.000251532
0.000256538
0.000269413
0.000268221
0.000253916
0.000272274
0.000215054
0.000211239
0.000267029
