0.000200272
0.000276327
0.000200748
0.000230312
0.000229836
0.000229359
0.000243664
0.000209570
0.000230789
0.000257015
0.000233650
0.000231028
0.000232935
0.000235081
0.000241995
0.000231266
0.000230789
0.000208378
0.000252247
0.000229359
0.000252962
0.000220537
0.000221252
0.000247240
0.000212669
0.000232220
0.000196457
0.000230551
0.000216961
0.000229836
0.000231028
0.000209808
0.000211477
0.000209332
0.000248671
0.000230551
0.000207901
0.000229120
0.000210524
0.000234127
0.000233412
0.000230551
0.000230074
0.000238419
0.000234127
0.000229597
0.000229597
0.000209808
0.000231504
0.000228882
0.000209570
0.000233650
0.000216246
0.000207424
0.000231028
0.000235081
0.000242233
0.000231266
0.000231266
0.000332594
0.000313997
0.000298262
0.000296831
0.000300884
0.000223637
0.000301123
0.000298023
0.000300407
0.000298262
0.000296831
0.000291348
0.000313044
0.000283957
0.000300407
0.000221491
0.000320673
0.000326157
0.000327587
0.000298977
0.000310659
0.000298023
0.000322819
0.000274181
0.000298023
0.000250816
0.000303507
0.000296116
0.000280857
0.000297546
0.000229836
0.000297308
0.000295639
0.000310183
0.000221491
0.000223875
0.000296593
0.000300884
0.000299931
0.000320435
0.000189066
