0.000838041
0.000863791
0.000740051
0.000754595
0.000845909
0.000906706
0.000875950
0.000916243
0.000888109
0.000887871
0.000873327
0.000916481
0.000893593
0.000848532
0.000862837
0.000856638
0.000862122
0.000841141
0.000948191
0.000912189
0.000915766
0.000877857
0.000897408
0.000925303
0.000819206
0.000825882
0.000857115
0.000740290
0.000826597
0.000821590
0.000878334
0.000840902
0.000733852
0.000874758
0.000834942
0.000874281
0.000925303
0.000782013
0.000859261
0.000868082
0.000979424
0.000818968
0.000908613
0.000911474
0.000861645
0.000942230
0.000821590
0.000849009
0.000894070
0.000843763
0.000814676
0.000880718
0.000890732
0.000932932
0.000934601
0.000895023
0.000857830
0.000910997
0.000856876
0.000900269
0.000883341
0.000850916
0.000836134
0.000805855
0.000858068
0.000877619
0.000827312
0.000913620
0.000840425
0.000879765
0.000860929
0.000929117
0.000885487
0.000867844
0.000859499
0.000914812
0.000876188
0.000851393
0.000813484
0.000836372
0.000859737
0.000867844
0.000862837
0.000832081
0.000818253
0.000844955
0.000870705
0.000869989
0.000895500
0.000851154
0.000812054
0.000905037
0.000908613
0.000907421
0.000863075
0.000907421
0.000891447
0.000860453
0.000817537
0.000844955
