0.000230074
0.000285625
0.000308990
0.000300407
0.000266075
0.000317812
0.000221729
0.000274658
0.000262260
0.000279427
0.000265121
0.000278711
0.000281572
0.000217915
0.000279665
0.000278950
0.000262737
0.000227928
0.000252962
0.000296116
0.000280619
0.000281572
0.000272751
0.000310898
0.000255823
0.000257015
0.000256062
0.000285625
0.000277281
0.000314236
0.000301361
0.000294685
0.000321865
0.000232935
0.000278473
0.000261545
0.000289440
0.000276804
0.000295877
0.000281096
0.000250578
0.000284672
0.000268698
0.000215054
0.000266790
0.000258923
0.000259399
0.000251293
0.000248432
0.000276327
0.000280857
0.000284910
0.000278473
0.000263691
0.000256062
0.000247955
0.000246048
0.000241041
0.000306368
0.000408411
0.000253916
0.000265598
0.000357151
0.000254869
0.000298738
0.000247002
0.000280142
0.000265837
0.000323534
0.000258207
0.000301600
0.000282526
0.000249624
0.000293016
0.000292301
0.000254869
0.000322104
0.000281334
0.000250578
0.000269175
0.000260830
0.000284195
0.000295401
0.000241518
0.000256538
0.000348806
0.000272036
0.000283480
0.000258207
0.000240088
0.000283003
0.000270367
0.000265360
0.000268936
0.000308037
0.000235319
0.000258446
0.000234365
0.000297070
0.000213385
