0.015900135
0.007292747
0.006954432
0.007207632
0.013486624
0.014325142
0.007166624
0.007117510
0.007182360
0.007241964
0.007176399
0.006925583
0.007123709
0.007147789
0.007124424
0.007080555
0.007207870
0.007207394
0.007175207
0.017517328
0.007259846
0.007215738
0.007168770
0.007413864
0.007224798
0.007098913
0.007029295
0.007084608
0.007096529
0.007216930
0.007239819
0.015841961
0.007140875
0.007116318
0.007042170
0.007272482
0.007120371
0.007179976
0.007209063
0.007108212
0.007200480
0.007207155
0.007126808
0.007133245
0.007184267
0.015927792
0.007300138
0.007078648
0.007086277
0.007054806
0.007269859
0.007218361
0.007204056
0.007206202
0.007305861
0.007158518
0.007137299
0.007245302
0.014177799
0.007281303
0.007210493
0.007094622
0.007122517
0.007253885
0.007168770
0.007171154
0.017931938
0.007246971
0.007066011
0.007170439
0.007042408
0.007274866
0.014163494
0.015639067
0.007214546
0.007223129
0.007179976
0.007125139
0.014134169
0.007173777
0.007254124
0.007144451
0.007195711
0.015658140
0.007150173
0.007048607
0.007050276
0.007230520
0.007277727
0.015733480
0.007210970
0.007138491
0.007124662
0.007217169
0.007273912
0.007154226
0.007179737
0.007129192
0.007162809
0.016210794
