0.000297785
0.000239372
0.000226736
0.000263691
0.000303268
0.000264645
0.000272512
0.000244856
0.000242233
0.000250340
0.000291824
0.000250816
0.000272989
0.000302792
0.000272989
0.000312090
0.000266075
0.000249863
0.000261307
0.000286579
0.000292063
0.000279903
0.000275850
0.000297546
0.000280142
0.000289440
0.000248671
0.000280619
0.000282049
0.000259638
0.000302792
0.000258923
0.000290632
0.000273466
0.000288725
0.000258207
0.000281096
0.000251770
0.000220060
0.000289679
0.000288725
0.000261307
0.000288725
0.000277996
0.000290632
0.000256300
0.000291109
0.000292301
0.000247240
0.000422001
0.000333548
0.000307560
0.000323296
0.000284910
0.000334024
0.000330448
0.000332355
0.000347376
0.000345945
0.000310659
0.000287771
0.000335693
0.000340462
0.000265360
0.000300169
0.000301123
0.000307560
0.000233173
0.000337839
0.000308514
0.000288010
0.000243902
0.000304222
0.000310898
0.000351191
0.000350237
0.000344515
0.000329733
0.000309944
0.000280380
0.000354052
0.000286818
0.000284910
0.000337839
0.000350237
0.000290155
0.000286818
0.000334978
0.000308037
0.000332594
0.000329971
0.000310421
0.000324249
0.000333786
0.000263214
0.000353336
0.000329018
0.000337601
0.000349998
0.000263214
