0.000289202
0.000275373
0.000289679
0.000259399
0.000256300
0.000255346
0.000276566
0.000324488
0.000317812
0.000266790
0.000281096
0.000286818
0.000306129
0.000269890
0.000258684
0.000306845
0.000299215
0.000299692
0.000267744
0.000313997
0.000279903
0.000299215
0.000304937
0.000255585
0.000330925
0.000243664
0.000297308
0.000294924
0.000301361
0.000295162
0.000292063
0.000308037
0.000285149
0.000261068
0.000257015
0.000324965
0.000285149
0.000308275
0.000298023
0.000281811
0.000303030
0.000274658
0.000294209
0.000268459
0.000336885
0.000262260
0.000256777
0.000268459
0.000346422
0.000329494
0.000300169
0.000243187
0.000298262
0.000337362
0.000281811
0.000285387
0.000327349
0.000253677
0.000278234
0.000346661
0.000273943
0.000294685
0.000309467
0.000314951
0.000255823
0.000254393
0.000285864
0.000299692
0.000254631
0.000321627
0.000303268
0.000258923
0.000284433
0.000283480
0.000253916
0.000282764
0.000304699
0.000295162
0.000315666
0.000257254
0.000316858
0.000255346
0.000280619
0.000359058
0.000298977
0.000302553
0.000302792
0.000254869
0.000296593
0.000295877
0.000297308
0.000288248
0.000304699
0.000298262
0.000394583
0.000299692
0.000344753
0.000299692
0.000251770
0.000267982
