0.000280380
0.000318050
0.000282526
0.000298977
0.000286341
0.000287294
0.000303268
0.000303745
0.000271559
0.000250578
0.000283003
0.000275850
0.000271797
0.000309467
0.000233650
0.000298738
0.000271559
0.000284433
0.000298023
0.000288963
0.000265121
0.000304222
0.000291348
0.000245094
0.000289202
0.000293970
0.000265837
0.000286818
0.000251770
0.000277042
0.000276327
0.000282526
0.000295162
0.000272036
0.000286341
0.000265360
0.000297070
0.000293255
0.000265360
0.000277042
0.000270605
0.000292063
0.000271082
0.000249863
0.000229597
0.000266552
0.000288486
0.000292778
0.000293255
0.000301600
0.000294685
0.000295401
0.000295639
0.000303745
0.000295401
0.000303507
0.000294447
0.000292540
0.000286341
0.000307798
0.000289440
0.000291586
0.000304461
0.000266314
0.000282049
0.000270844
0.000273705
0.000253916
0.000314713
0.000271797
0.000265837
0.000294447
0.000293970
0.000287771
0.000288486
0.000305414
0.000272512
0.000272751
0.000328302
0.000259161
0.000281572
0.000296116
0.000294685
0.000250816
0.000300646
0.000302553
0.000294924
0.000257969
0.000215530
0.000340462
0.000227213
0.000241518
0.000299931
0.000262499
0.000299692
0.000292301
0.000247240
0.000241041
0.000252724
0.000225067
