0.011489391
0.002085447
0.001891613
0.001863956
0.002016783
0.002087355
0.001852274
0.012053251
0.002025366
0.002071857
0.001989365
0.002006054
0.013075590
0.002128601
0.001873493
0.001948357
0.002018929
0.002069712
0.001892567
0.002054691
0.002037525
0.002021551
0.001992226
0.002126455
0.002090693
0.001896381
0.001920462
0.002085686
0.002011299
0.002057791
0.002031088
0.002095938
0.002040386
0.002093077
0.002013683
0.002040386
0.001923800
0.002060890
0.001900196
0.002061605
0.002024412
0.002061129
0.002135038
0.002075195
0.002039909
0.002072573
0.002031565
0.002031565
0.002019405
0.002081633
0.002002239
0.002078056
0.002043009
0.002064466
0.002063513
0.002104759
0.002035856
0.002052069
0.002128839
0.001942635
0.002010345
0.002083778
0.001987219
0.001990080
0.002021790
0.002013445
0.002041817
0.002053022
0.002071142
0.002040863
0.002040625
0.002054691
0.002003193
0.002008438
0.002031326
0.002076864
0.002074957
0.002086639
0.002071381
0.001986265
0.001895905
0.001829624
0.002381086
0.002109051
0.001998425
0.001918793
0.001849651
0.002040148
0.002025843
0.002065420
0.002026796
0.002065420
0.002059460
0.002039909
0.002004623
0.002035141
0.002059937
0.001982927
0.002042294
0.002141237
