0.011523008
0.001289845
0.001250744
0.001329660
0.001310825
0.001199007
0.001320839
0.001308680
0.001422167
0.001365900
0.001337051
0.001312256
0.001382828
0.001302958
0.001232862
0.001227379
0.001408577
0.001318693
0.001246214
0.001392126
0.001294374
0.001318932
0.001166821
0.001374960
0.001450777
0.001280785
0.001194715
0.001375914
0.001322985
0.001329660
0.001345396
0.001184940
0.001304150
0.001455545
0.001396894
0.001401663
0.001334429
0.001321316
0.001358271
0.001362324
0.001201630
0.001361847
0.001339436
0.001272440
0.001283646
0.001326561
0.001331806
0.001357317
0.001367092
0.001299143
0.001316547
0.001338005
0.001360655
0.001424074
0.001343727
0.001365900
0.001337290
0.001458406
0.001257420
0.001360416
0.001321077
0.001295805
0.001347780
0.001423597
0.001352072
0.001393080
0.001371384
0.001302958
0.001351357
0.001319408
0.001320839
0.001374245
0.001318455
0.001327991
0.001332998
0.001440287
0.001339436
0.001409531
0.001399040
0.001373529
0.001367569
0.001349449
0.001319170
0.001319408
0.001355171
0.001331329
0.001360893
0.001355648
0.001370907
0.001347542
0.001316309
0.001395464
0.001344681
0.001315355
0.001351595
0.001382113
0.001391411
0.001313210
0.001335621
0.001464605
