0.000270128
0.000299692
0.000299454
0.000298262
0.000263453
0.000251055
0.000250340
0.000303745
0.000259161
0.000292778
0.000286341
0.000254869
0.000266790
0.000274420
0.000257730
0.000314474
0.000302315
0.000288010
0.000275850
0.000268698
0.000293016
0.000302553
0.000290632
0.000281572
0.000288010
0.000284910
0.000294209
0.000283480
0.000285864
0.000241995
0.000264406
0.000257969
0.000290155
0.000274658
0.000304937
0.000284433
0.000270605
0.000266552
0.000306129
0.000273466
0.000293493
0.000301838
0.000295401
0.000294924
0.000231504
0.000308514
0.000292063
0.000294447
0.000292301
0.000273705
0.000309944
0.000293493
0.000265121
0.000266552
0.000293970
0.000297785
0.000313520
0.000252247
0.000267029
0.000397444
0.000265598
0.000277758
0.000281572
0.000251532
0.000262260
0.000228643
0.000244141
0.000271320
0.000256062
0.000291824
0.000309944
0.000277519
0.000273466
0.000276327
0.000293970
0.000286341
0.000289679
0.000279665
0.000263691
0.000290871
0.000271797
0.000292540
0.000293493
0.000279903
0.000228643
0.000269890
0.000244379
0.000289202
0.000308275
0.000305414
0.000303507
0.000294447
0.000289440
0.000267506
0.000231743
0.000273466
0.000252485
0.000288248
0.000290871
0.000271559
