0.000294447
0.000290394
0.000272512
0.000283718
0.000279188
0.000293016
0.000265837
0.000319481
0.000295877
0.000275135
0.000293255
0.000268221
0.000295162
0.000271320
0.000299454
0.000271797
0.000305891
0.000293493
0.000289679
0.000274897
0.000267744
0.000297785
0.000268698
0.000293493
0.000317097
0.000297308
0.000297070
0.000238419
0.000318289
0.000290632
0.000290871
0.000301361
0.000313520
0.000268459
0.000291348
0.000305414
0.000249147
0.000302315
0.000294924
0.000289679
0.000295401
0.000328302
0.000267506
0.000303507
0.000269175
0.000309467
0.000316620
0.000293970
0.000297070
0.000295639
0.000295401
0.000294924
0.000303030
0.000292778
0.000252724
0.000289202
0.000269175
0.000290155
0.000280380
0.000334501
0.000307322
0.000317812
0.000308275
0.000245094
0.000254154
0.000294209
0.000293970
0.000305176
0.000297546
0.000299215
0.000293255
0.000281572
0.000288725
0.000298500
0.000300169
0.000296831
0.000299931
0.000298977
0.000293493
0.000294209
0.000334978
0.000302076
0.000265121
0.000334978
0.000243664
0.000256300
0.000292540
0.000302792
0.000296593
0.000252724
0.000278950
0.000295162
0.000295877
0.000295401
0.000293970
0.000228643
0.000313282
0.000296116
0.000236034
0.000298023
