0.000335455
0.000323534
0.000343800
0.000289917
0.000340462
0.000360727
0.000342846
0.000325203
0.000357866
0.000323057
0.000283480
0.000359058
0.000287294
0.000325680
0.000370741
0.000324726
0.000321150
0.000364065
0.000332355
0.000324488
0.000381947
0.000317574
0.000319481
0.000356674
0.000412941
0.000321150
0.000324488
0.000289917
0.000335932
0.000356913
0.000308990
0.000323296
0.000370979
0.000323296
0.000365973
0.000355959
0.000345945
0.000327110
0.000354528
0.000338554
0.000336170
0.000355482
0.000335693
0.000342369
0.000363588
0.000297785
0.000323534
0.000358105
0.000329018
0.000324965
0.000367880
0.000324726
0.000324249
0.000360489
0.000323296
0.000334263
0.000354767
0.000323534
0.000292063
0.000455856
0.000324965
0.000278950
0.000330448
0.000323296
0.000323296
0.000365257
0.000313520
0.000322819
0.000362635
0.000319719
0.000305653
0.000373602
0.000324011
0.000323534
0.000366688
0.000333548
0.000325203
0.000370026
0.000326872
0.000321388
0.000360966
0.000357151
0.000323772
0.000367165
0.000325918
0.000307083
0.000354767
0.000334501
0.000322342
0.000336885
0.000321627
0.000329971
0.000355244
0.000308275
0.000325680
0.000362158
0.000325680
0.000337839
0.000358820
0.000320435
