0.000307798
0.000240088
0.000333548
0.000271082
0.000289202
0.000286341
0.000309706
0.000296593
0.000296593
0.000297785
0.000343084
0.000284910
0.000261068
0.000303507
0.000295639
0.000261545
0.000308990
0.000294209
0.000325680
0.000267744
0.000246525
0.000280142
0.000297308
0.000213623
0.000320435
0.000199080
0.000226259
0.000206470
0.000441551
0.000488520
0.000204325
0.000200510
0.000171900
0.000185490
0.000324726
0.000252962
0.000233412
0.000195980
0.000199080
0.000178099
0.000206470
0.000229359
0.000196457
0.000269651
0.000307560
0.000240803
0.000333786
0.000258446
0.000335932
0.000454187
0.000346184
0.000274658
0.000221968
0.000293016
0.000293016
0.000339031
0.000299215
0.000300407
0.000279665
0.000299454
0.000293732
0.000295639
0.000293493
0.000375032
0.000294447
0.000375986
0.000277281
0.000293493
0.000375986
0.000396729
0.000375986
0.000359774
0.000397921
0.000367403
0.000385523
0.000399590
0.000368595
0.000275373
0.000307798
0.000325680
0.000310183
0.000296593
0.000289202
0.000288486
0.000353098
0.000323296
0.000299215
0.000277996
0.000276327
0.000276804
0.000294924
0.000296593
0.000292301
0.000280857
0.000302315
0.000296354
0.000295401
0.000302792
0.000298738
0.000257730
