0.000451803
0.000454903
0.000478268
0.000544071
0.000428438
0.000513315
0.000483274
0.000477076
0.000468731
0.000450611
0.000474930
0.000505447
0.000434399
0.000432014
0.000501633
0.000428677
0.000433922
0.000480175
0.000466824
0.000445604
0.000461340
0.000440359
0.000452042
0.000411749
0.000459194
0.000474215
0.000452757
0.000431538
0.000437260
0.000459671
0.000432730
0.000448227
0.000472069
0.000426292
0.000446081
0.000468731
0.000412703
0.000416517
0.000452995
0.000436068
0.000458002
0.000471115
0.000437498
0.000421047
0.000492096
0.000449657
0.000435829
0.000458241
0.000419140
0.000429869
0.000480413
0.000420809
0.000450611
0.000477552
0.000417471
0.000419855
0.000424623
0.000420332
0.000435829
0.000641108
0.000439167
0.000464916
0.000468969
0.000449419
0.000475883
0.000529289
0.000442743
0.000449657
0.000478029
0.000459433
0.000452995
0.000470161
0.000487089
0.000437021
0.000475645
0.000467300
0.000467300
0.000473022
0.000498772
0.000418425
0.000485182
0.000418425
0.000457525
0.000477791
0.000439405
0.000450611
0.000488281
0.000443459
0.000444412
0.000443935
0.000435591
0.000406265
0.000475883
0.000452757
0.000381231
0.000511169
0.000448704
0.000404596
0.000477791
0.000462294
