0.004026175
0.004230738
0.004081011
0.004179001
0.003737688
0.004219532
0.004027605
0.004075766
0.004141092
0.004056931
0.003953457
0.003974199
0.004279613
0.004153728
0.003626585
0.003812313
0.003924131
0.004796982
0.003946543
0.004025936
0.003716707
0.004589796
0.004046440
0.003998995
0.003955364
0.004634380
0.004026175
0.004358768
0.003798246
0.003764868
0.014096498
0.013367176
0.004229069
0.003942013
0.013187647
0.004392385
0.003509283
0.003541470
0.004191875
0.004399061
0.003875732
0.004173756
0.004400969
0.004452229
0.003781319
0.003736258
0.003876448
0.004456282
0.003868818
0.004225016
0.003928185
0.004208803
0.004061699
0.004164696
0.004245758
0.004480124
0.003715754
0.003850698
0.004071236
0.004089832
0.004009485
0.004320621
0.003916025
0.003930569
0.004197598
0.004285812
0.004147291
0.004059076
0.003725052
0.003996849
0.004033089
0.004342079
0.003910780
0.003993988
0.004424572
0.003947735
0.003627300
0.003795862
0.003590584
0.003783226
0.003764153
0.003686428
0.003940344
0.004063606
0.003623724
0.004060984
0.003918648
0.004271269
0.003601551
0.004117489
0.003750324
0.003891945
0.003777742
0.003652096
0.004024506
0.004017830
0.003783226
0.003798485
0.003956318
0.004147768
