0.001399040
0.001424789
0.001408815
0.001348257
0.001283646
0.001378298
0.001337290
0.001314878
0.001373529
0.001403093
0.001360893
0.001319170
0.001353502
0.001335621
0.001266718
0.001278162
0.001358986
0.001323700
0.001509905
0.001317739
0.001392365
0.001346827
0.001297951
0.001282692
0.001231670
0.001261950
0.001312494
0.001294613
0.001396894
0.001439333
0.001258373
0.001234770
0.001217842
0.001220703
0.001240253
0.001355648
0.001360893
0.001501322
0.001257658
0.001274586
0.001275301
0.001320839
0.001436234
0.001423120
0.001304865
0.001288891
0.001342535
0.001332998
0.001314163
0.001360416
0.001264095
0.001264095
0.001381874
0.001282454
0.001338482
0.001256227
0.001291037
0.001392603
0.001361370
0.001324654
0.001285315
0.001334667
0.001266003
0.001392126
0.001294851
0.001308680
0.001355648
0.001362324
0.001332998
0.001377106
0.001316309
0.001356840
0.001316547
0.001424551
0.001250029
0.001415730
0.001301289
0.001273870
0.001252413
0.001280546
0.001220226
0.001362801
0.001313210
0.001318216
0.001347780
0.001325607
0.001325607
0.001305580
0.001242638
0.001275539
0.001352072
0.001365662
0.001300097
0.001207352
0.001292944
0.001252174
0.001197815
0.001181602
0.001268148
0.001429796
