0.000277042
0.000275135
0.000263691
0.000303268
0.000297308
0.000276327
0.000325441
0.000270128
0.000277519
0.000275135
0.000298262
0.000294685
0.000293493
0.000251055
0.000280619
0.000277758
0.000283480
0.000288010
0.000299931
0.000316143
0.000293732
0.000280380
0.000283718
0.000280380
0.000301361
0.000296116
0.000283957
0.000298977
0.000270128
0.000277042
0.000284910
0.000276327
0.000298738
0.000272274
0.000279188
0.000281096
0.000288963
0.000316143
0.000306368
0.000301600
0.000284672
0.000294924
0.000296593
0.000300884
0.000298500
0.000259399
0.000283480
0.000310183
0.000285387
0.000314474
0.000302315
0.000284195
0.000250340
0.000288963
0.000289917
0.000286818
0.000293970
0.000313282
0.000273943
0.000339746
0.000268698
0.000257492
0.000282526
0.000284672
0.000260353
0.000261545
0.000262022
0.000294447
0.000231266
0.000259399
0.000221252
0.000264883
0.000238180
0.000296116
0.000245094
0.000258446
0.000261068
0.000248432
0.000251055
0.000260115
0.000246048
0.000230789
0.000252962
0.000260115
0.000255108
0.000237226
0.000277042
0.000255823
0.000256062
0.000492573
0.000273466
0.000259399
0.000262737
0.000245810
0.000260592
0.000257015
0.000262499
0.000263929
0.000260353
0.000274420
