0.131424904
0.082134962
0.031532049
0.000262737
0.000221729
0.000279188
0.000274658
0.000279427
0.000261545
0.000230789
0.000277519
0.000276089
0.000285149
0.000302553
0.000284433
0.000285864
0.000309706
0.000288010
0.000270367
0.000278711
0.000277996
0.000265598
0.000280380
0.000283241
0.000277758
0.000238180
0.000231266
0.000204086
0.000511408
0.000289440
0.000243902
0.000248194
0.000236988
0.000247002
0.000294924
0.000292301
0.000254154
0.000248432
0.000293016
0.000303030
0.000243425
0.000292301
0.000273466
0.000248432
0.000277758
0.000267982
0.000279188
0.000298023
0.000301838
0.000298500
0.000294209
0.000301600
0.000301838
0.000300407
0.000322819
0.000262260
0.000278711
0.000311613
0.000316143
0.000301838
0.000300169
0.000302553
0.000285149
0.000297546
0.000316381
0.000292301
0.000274420
0.000277281
0.000296116
0.000244617
0.000281572
0.000276804
0.000258207
0.000315905
0.000294924
0.000312090
0.000331402
0.000283957
0.000298977
0.000296354
0.000298023
0.000312567
0.000296116
0.000297308
0.000275373
0.000276327
0.000278473
0.000275373
0.000276566
0.000275373
0.000287771
0.000294685
0.000273228
0.000274181
0.000287056
0.000279427
0.000302315
0.000296354
0.000282764
0.000253201
