0.000782251
0.000758648
0.000781298
0.000822783
0.000734091
0.000782251
0.000785828
0.000730991
0.000778437
0.000789165
0.000795126
0.000782251
0.000702858
0.000783682
0.000739336
0.000707865
0.000738144
0.000768661
0.000734091
0.000766993
0.000721931
0.000785351
0.000761032
0.000809669
0.000526905
0.000761032
0.000748873
0.000776052
0.000726461
0.000740051
0.000736475
0.000802040
0.000724316
0.000776052
0.000757694
0.000833035
0.000805378
0.000763416
0.000754833
0.000765085
0.000763893
0.000779867
0.000778437
0.000807285
0.000732183
0.000774145
0.000745535
0.000804663
0.000747919
0.000746489
0.000744581
0.000773668
0.000792503
0.000764132
0.000788212
0.000779867
0.000744581
0.000768423
0.000695229
0.000791788
0.000762939
0.000770330
0.000742912
0.000779152
0.000756502
0.000781298
0.000792980
0.000792027
0.000800133
0.000774384
0.000778675
0.000782967
0.000764847
0.000779629
0.000754118
0.000748396
0.000684261
0.000770569
0.000753403
0.000774145
0.000764132
0.000776052
0.000793695
0.000780582
0.000786066
0.000683784
0.000711918
0.000749588
0.000774384
0.000776768
0.000704765
0.000790119
0.000783443
0.000740528
0.000792980
0.000779390
0.000787258
0.000779390
0.000767946
0.000746012
