0.002201080
0.002177000
0.012772799
0.001859903
0.002193213
0.001734018
0.001902103
0.002283335
0.011888742
0.002070427
0.002040863
0.002051115
0.002200127
0.002134562
0.002062798
0.002220631
0.002159595
0.001996994
0.001999617
0.002214909
0.002352238
0.002125025
0.002099991
0.002143860
0.001833200
0.002068996
0.002342224
0.002189636
0.002359152
0.002177477
0.002059221
0.002310753
0.002226591
0.002464771
0.001946449
0.002248287
0.002428293
0.011774302
0.002377748
0.002199411
0.002151012
0.002249002
0.002299547
0.002183676
0.002315521
0.002295971
0.002215862
0.002241135
0.002305031
0.002117634
0.002243280
0.002216339
0.002247572
0.002441406
0.002143383
0.002165794
0.002294540
0.002226830
0.002193451
0.002120018
0.002255440
0.002277136
0.002295256
0.002555847
0.012336731
0.002216339
0.002545357
0.002272367
0.002090454
0.002304316
0.002207279
0.002347231
0.002227783
0.002154589
0.002238750
0.002128601
0.002182722
0.002127886
0.002053261
0.002083063
0.002188683
0.012609720
0.002261877
0.002030611
0.001978636
0.002102613
0.002173185
0.002189875
0.002027035
0.001925230
0.002329826
0.002194881
0.002295732
0.002218246
0.002210617
0.002116442
0.002295732
0.002413750
0.002134800
0.002281189
