0.000360489
0.000314713
0.000342846
0.000360966
0.000371456
0.000356436
0.000405788
0.000380516
0.000343800
0.000380516
0.000359535
0.000373840
0.000409842
0.000346661
0.000366211
0.000382662
0.000354052
0.000356674
0.000391245
0.000348330
0.000348330
0.000349045
0.000319958
0.000393152
0.000342846
0.000367165
0.000360727
0.000373602
0.000314474
0.000377178
0.000429869
0.000358582
0.000355244
0.000392675
0.000348806
0.000353336
0.000361681
0.000360489
0.000360966
0.000376940
0.000340700
0.000379562
0.000423908
0.000281334
0.000324011
0.000332355
0.000329256
0.000371218
0.000371218
0.000324249
0.000317097
0.000408888
0.000331640
0.000321388
0.000385046
0.000283957
0.000358105
0.000345469
0.000350952
0.000497580
0.000408649
0.000305176
0.000309229
0.000303030
0.000308990
0.000313520
0.000315189
0.000308037
0.000429153
0.000338554
0.000313759
0.000315666
0.000327587
0.000328541
0.000318289
0.000323534
0.000307083
0.000343084
0.000320673
0.000325203
0.000305176
0.000304461
0.000305891
0.000317097
0.000318289
0.000316143
0.000358343
0.000329733
0.000327349
0.000293732
0.000305891
0.000300169
0.000323772
0.000308037
0.000316143
0.000380039
0.000415087
0.000322342
0.000331163
0.000354767
