0.000292063
0.000245810
0.000294924
0.000313044
0.000297308
0.000293732
0.000304461
0.000293732
0.000297546
0.000303984
0.000274420
0.000311375
0.000325918
0.000286341
0.000290632
0.000292540
0.000330687
0.000298977
0.000276804
0.000288486
0.000323772
0.000313282
0.000313759
0.000298738
0.000278473
0.000297308
0.000271082
0.000318766
0.000307560
0.000299931
0.000292540
0.000293732
0.000308514
0.000327349
0.000311375
0.000310183
0.000330210
0.000325203
0.000293732
0.000287771
0.000272512
0.000295401
0.000302076
0.000297308
0.000334024
0.000267029
0.000275373
0.000311375
0.000298977
0.000267267
0.000341177
0.000304461
0.000289917
0.000332355
0.000350475
0.000320911
0.000298262
0.000297070
0.000307322
0.000429869
0.000344515
0.000330687
0.000292063
0.000327587
0.000290632
0.000304937
0.000361443
0.000309229
0.000318766
0.000343084
0.000317812
0.000297308
0.000284195
0.000293255
0.000309706
0.000438690
0.000292778
0.000276566
0.000294685
0.000286102
0.000354528
0.000312805
0.000298500
0.000295639
0.000337839
0.000291348
0.000296354
0.000270605
0.000311136
0.000327826
0.000315428
0.000322342
0.000311613
0.000340939
0.000320196
0.000314951
0.000303030
0.000341177
0.000308752
0.000277758
