0.000244379
0.000322580
0.000404358
0.000321150
0.000279665
0.000296593
0.000252247
0.000293255
0.000308514
0.000304699
0.000327826
0.000286579
0.000304222
0.000299454
0.000324249
0.000313044
0.000278234
0.000300169
0.000319481
0.000321388
0.000327826
0.000331402
0.000319481
0.000334740
0.000297785
0.000326157
0.000294685
0.000310659
0.000310898
0.000302315
0.000308037
0.000289202
0.000286341
0.000276327
0.000260592
0.000302553
0.000287056
0.000318050
0.000308037
0.000304222
0.000297546
0.000317812
0.000312805
0.000349045
0.000287533
0.000311375
0.000530005
0.000310898
0.000315189
0.000309229
0.000316620
0.000278711
0.000380039
0.000298738
0.000327826
0.000300646
0.000324965
0.000283957
0.000292778
0.000349283
0.000293255
0.000313759
0.000312328
0.000286102
0.000273943
0.000309706
0.000263453
0.000264883
0.000267744
0.000268459
0.000265598
0.000275135
0.000233650
0.000272036
0.000261307
0.000284433
0.000277519
0.000300169
0.000288248
0.000281811
0.000269175
0.000280857
0.000276804
0.000274181
0.000264168
0.000288010
0.000272512
0.000263691
0.000264883
0.000256777
0.000293732
0.000267982
0.000282288
0.000253439
0.000265360
0.000268698
0.000265360
0.000270128
0.000266075
0.000264168
