0.023497581
0.016788244
0.014684439
0.023455381
0.023224831
0.019419670
0.014833927
0.014508247
0.015518427
0.013101578
0.014935017
0.015372038
0.015540838
0.026615381
0.015521765
0.015176535
0.019648075
0.015408754
0.015287399
0.014127254
0.014542341
0.025517464
0.014348745
0.015073538
0.022669554
0.012883186
0.014914513
0.015570641
0.014889717
0.015358686
0.015007973
0.022616863
0.014138699
0.014840126
0.015697718
0.013264656
0.014164209
0.023653269
0.015440464
0.012645006
0.013736725
0.022434950
0.015292645
0.023219585
0.014524221
0.015160084
0.023926735
0.021314859
0.014929771
0.015093327
0.014103413
0.015391588
0.024555922
0.028823853
0.017869711
0.014026403
0.015174389
0.013890028
0.013986588
0.013667345
0.013568401
0.014297485
0.014847040
0.021978617
0.015823603
0.014806271
0.015378714
0.014933586
0.021176100
0.014648438
0.013902903
0.015387774
0.014328957
0.023156404
0.013987064
0.021563768
0.013950825
0.014488459
0.014925241
0.015122652
0.014894247
0.014614820
0.014683723
0.014143467
0.015466690
0.023016691
0.014179230
0.013032913
0.013812780
0.014804363
0.026218653
0.014875889
0.013275623
0.014737368
0.021486759
0.015499592
0.013495922
0.015396118
0.015692711
0.018755198
