0.010962248
0.000996351
0.000947475
0.000829697
0.000929117
0.000796795
0.000924349
0.000802994
0.000943899
0.000794411
0.000925064
0.000793457
0.000921726
0.001013041
0.000925064
0.000790834
0.000745296
0.000948906
0.000931740
0.000958681
0.000745296
0.000944614
0.000926733
0.000975609
0.000750303
0.000814915
0.000926495
0.000959396
0.000761509
0.000781536
0.000927448
0.000970364
0.000756741
0.000969648
0.000746489
0.000943661
0.000920773
0.000793457
0.000933409
0.000774384
0.000946760
0.000947237
0.000765562
0.000803232
0.000773191
0.000959873
0.000745773
0.000942230
0.000942707
0.000801802
0.000754118
0.000779390
0.000942707
0.000999212
0.000766277
0.000835419
0.000924587
0.000775576
0.000938654
0.000808954
0.000926018
0.000972748
0.000919819
0.000860929
0.000926256
0.000772476
0.000750542
0.000948429
0.000936270
0.000785589
0.000748396
0.000941992
0.000750542
0.000969648
0.000916958
0.000966787
0.000751972
0.000800848
0.000795841
0.000798464
0.000968933
0.000776529
0.000838757
0.000969410
0.000759602
0.000959873
0.000754118
0.000800371
0.000950575
0.000972271
0.000753641
0.000955105
0.000929594
0.000823259
0.000935793
0.000998735
0.000778198
0.000809669
0.000776052
0.000950098
0.000932217
0.000736237
0.000751495
0.000771284
0.000729799
0.000736713
0.000714540
0.000737190
0.000763178
0.000744820
0.000720739
0.000750780
0.000750065
0.000756979
0.000742435
0.000733137
0.000741959
0.000730753
0.000746489
0.000735521
