0.000088215
0.000098705
0.000066757
0.000066280
0.000052691
0.000063419
0.000051260
0.000064135
0.000063658
0.000062704
0.000097275
0.000062466
0.000051737
0.000063419
0.000053883
0.000062227
0.000049829
0.000062704
0.000061989
0.000067472
0.000051022
0.000062227
0.000056028
0.000061274
0.000051022
0.000064135
0.000052452
0.000094414
0.000061035
0.000064373
0.000051737
0.000063181
0.000051737
0.000062943
0.000051737
0.000061512
0.000049829
0.000064611
0.000061750
0.000076294
0.000052929
0.000061750
0.000061274
0.000062704
0.000051975
0.000061035
0.000052691
0.000097990
0.000060558
0.000066757
0.000050306
0.000061989
0.000056028
0.000061274
0.000051260
0.000063419
0.000050068
0.000062704
0.000061750
0.000062943
0.000061035
0.000061989
0.000086546
0.000062466
0.000051260
0.000049114
0.000050068
0.000063896
0.000060558
0.000064135
0.000051260
0.000062704
0.000055790
0.000062704
0.000051022
0.000063658
0.000049829
0.000063181
0.000094175
0.000066996
0.000052452
0.000060081
0.000055075
0.000064135
0.000051498
0.000062704
0.000052691
0.000063896
0.000061274
0.000067234
0.000054121
0.000063181
0.000061274
0.000063896
0.000052452
0.000062943
0.000084639
0.000063896
0.000063896
0.000063181
0.000052929
0.000059128
0.000061512
0.000063181
0.000051498
0.000059366
0.000053167
0.000057459
0.000058889
0.000064611
0.000059605
0.000062466
0.000055552
0.000061035
0.000051260
0.000060320
0.000078440
0.000065088
0.000060797
0.000068188
