0.000084400
0.000091076
0.000047684
0.000040531
0.000047207
0.000049829
0.000045538
0.000055075
0.000046492
0.000042200
0.000054598
0.000043392
0.000052452
0.000056028
0.000052214
0.000051737
0.000598192
0.000052929
0.000051022
0.000054836
0.000051498
0.000046253
0.000041008
0.000051737
0.000047684
0.000056267
0.000044584
0.000043154
0.000040770
0.000053406
0.000053883
0.000059128
0.000041962
0.000045061
0.000046015
0.000054598
0.000043631
0.000055552
0.000044107
0.000044584
0.000049829
0.000053167
0.000042677
0.000054359
0.000055075
0.000056505
0.000044823
0.000051737
0.000050545
0.000052214
0.000052214
0.000046253
0.000039577
0.000052929
0.000048637
0.000056267
0.000047207
0.000045776
0.000042439
0.000053406
0.000050783
0.000056267
0.000043869
0.000039816
0.000046730
0.000049829
0.000045300
0.000041008
0.000049829
0.000050306
0.000049829
0.000042677
0.000039577
0.000042439
0.000046968
0.000049114
0.000042915
0.000040293
0.000042200
0.000046253
0.000048637
0.000042200
0.000040770
0.000039339
0.000046968
0.000050306
0.000043154
0.000039577
0.000038862
0.000040531
0.000048399
0.000042915
0.000039101
0.000040770
0.000050545
0.000050068
0.000049829
0.000041246
0.000049591
0.000042915
0.000050306
0.000042200
0.000040054
0.000039339
0.000046015
0.000050068
0.000042915
0.000081062
0.000045300
0.000048876
0.000050068
0.000042200
0.000039577
0.000041008
0.000046492
0.000050068
0.000042200
0.000040531
0.000049591
0.000051022
