0.013456821
0.003810644
0.003887415
0.003843784
0.012816906
0.003152370
0.003967285
0.003857136
0.003313780
0.003871679
0.003300428
0.003812551
0.003302336
0.003888369
0.003984451
0.012507915
0.003307581
0.003833055
0.003976107
0.003200531
0.004040003
0.003210783
0.003998280
0.003187895
0.003321886
0.003376007
0.003992796
0.003839731
0.003285408
0.003859758
0.003324270
0.003207684
0.003992319
0.003207922
0.003973484
0.003862858
0.003963470
0.003171444
0.003294945
0.013153791
0.003269911
0.003185272
0.003978014
0.003850937
0.003477335
0.003852129
0.003952980
0.003180027
0.003982544
0.003235340
0.003293753
0.003167391
0.012803555
0.003212452
0.003976583
0.003893137
0.003316879
0.003187656
0.003951311
0.003190041
0.003301382
0.003878593
0.003158331
0.003369808
0.003954172
0.003206730
0.003967047
0.003864288
0.003310204
0.003184080
0.003901958
0.003175497
0.003244877
0.004003525
0.003932238
0.003329754
0.003892660
0.003299236
0.003062248
0.003269672
0.003854513
0.003953218
0.003489971
0.003987312
0.003873587
0.003276587
0.003858089
0.003974438
0.003249884
0.003357887
0.003263712
0.003953695
0.003921270
0.003325462
0.003878355
0.003346920
0.003258467
0.003859520
0.003942251
0.003252029
0.003960848
0.003011942
0.003124475
0.003037214
0.003113508
0.003031969
0.003135920
0.003023863
0.003130674
0.003021479
0.003121376
0.002999306
0.003125429
0.003037930
0.003111839
0.003013849
0.003112316
0.003021240
0.003121853
0.003029346
