0.000087023
0.000132322
0.000049353
0.000042200
0.000044584
0.000054598
0.000052691
0.000054836
0.000047922
0.000052452
0.000055790
0.000052691
0.000055790
0.000056982
0.000047922
0.000049353
0.000055075
0.000047445
0.000053644
0.000056744
0.000049353
0.000051975
0.000056267
0.000043631
0.000055790
0.000057459
0.000054359
0.000046968
0.000053883
0.000052929
0.000056505
0.000057936
0.000048876
0.000042915
0.000055552
0.000050306
0.000057459
0.000051498
0.000046730
0.000042200
0.000056028
0.000052929
0.000055075
0.000055313
0.000049114
0.000051022
0.000056505
0.000053406
0.000054359
0.000056028
0.000049114
0.000052452
0.000055552
0.000045776
0.000052452
0.000058651
0.000056267
0.000046015
0.000054359
0.000053883
0.000055790
0.000057220
0.000048876
0.000041723
0.000055790
0.000052691
0.000056744
0.000085354
0.000046968
0.000044584
0.000055790
0.000053644
0.000055790
0.000056744
0.000043392
0.000048876
0.000054359
0.000046492
0.000042200
0.000053883
0.000052691
0.000051498
0.000044584
0.000041723
0.000043392
0.000051975
0.000052214
0.000051737
0.000044107
0.000045300
0.000048637
0.000051975
0.000044584
0.000042915
0.000046015
0.000047922
0.000052929
0.000046015
0.000042200
0.000041723
0.000043154
0.000050545
0.000044107
0.000041962
0.000043392
0.000052691
0.000052214
0.000045776
0.000042200
0.000047445
0.000052452
0.000050783
0.000043392
0.000042915
0.000041008
0.000047207
0.000056744
0.000052929
0.000042439
0.000042915
