0.000280142
0.000172853
0.000118256
0.000177145
0.000113487
0.000159502
0.000116348
0.000126600
0.000109434
0.000120163
0.000168085
0.000125647
0.000108480
0.000177860
0.000110626
0.000115633
0.000125408
0.000171900
0.000111580
0.000112772
0.000115156
0.000117302
0.000163078
0.000109196
0.000107050
0.000117540
0.000170231
0.000106335
0.000104904
0.000105143
0.000113249
0.000171900
0.000110626
0.000117302
0.000157833
0.000116348
0.000115633
0.000108957
0.000166655
0.000110865
0.000115395
0.000169516
0.000115395
0.000108719
0.000110149
0.000107527
0.000173330
0.000105858
0.000108719
0.000103951
0.000162363
0.000115633
0.000109911
0.000120640
0.000157356
0.000113726
0.000116110
0.000108957
0.000157595
0.000103951
0.000122547
0.000171185
0.000108957
0.000157356
0.000108242
0.000105143
0.000115633
0.000157833
0.000105143
0.000109673
0.000110865
0.000121832
0.000158310
0.000106812
0.000104189
0.000157833
0.000116110
0.000106812
0.000108242
0.000159979
0.000114202
0.000119686
0.000114441
0.000118494
0.000109673
0.000119925
0.000168085
0.000109196
0.000108719
0.000161886
0.000111818
0.000119925
0.000106812
0.000156403
0.000107527
0.000106812
0.000118256
0.000160217
0.000104666
0.000160694
0.000112534
0.000112295
0.000103474
0.000115871
0.000105619
0.000110626
0.000113726
0.000104189
0.000103712
0.000102758
0.000112772
0.000114441
0.000108957
0.000102282
0.000107050
0.000106335
0.000112534
0.000104189
0.000101566
0.000106335
