0.000072479
0.000067711
0.000044346
0.000056744
0.000050783
0.000054598
0.000046730
0.000045300
0.000041723
0.000043869
0.000053167
0.000045776
0.000043154
0.000046968
0.000048161
0.000052452
0.000106573
0.000047445
0.000044823
0.000049114
0.000051737
0.000045776
0.000042200
0.000043392
0.000080109
0.000079155
0.000046492
0.000056028
0.000053644
0.000057459
0.000053644
0.000047684
0.000041723
0.000044346
0.000052929
0.000053406
0.000045300
0.000044107
0.000044346
0.000044107
0.000051260
0.000044346
0.000042915
0.000043154
0.000048637
0.000051498
0.000048876
0.000042915
0.000051022
0.000052214
0.000051498
0.000045300
0.000041485
0.000044584
0.000050783
0.000052691
0.000046730
0.000048399
0.000044823
0.000042677
0.000052691
0.000045300
0.000042200
0.000042200
0.000048399
0.000051260
0.000045061
0.000043154
0.000041723
0.000043631
0.000050783
0.000044584
0.000041723
0.000045300
0.000052929
0.000052929
0.000048876
0.000043154
0.000049829
0.000048876
0.000050783
0.000044823
0.000042677
0.000041723
0.000049353
0.000099421
0.000049114
0.000043154
0.000041962
0.000043869
0.000051498
0.000045776
0.000041008
0.000044107
0.000049829
0.000051498
0.000050306
0.000044584
0.000051260
0.000052929
0.000051022
0.000044107
0.000043154
0.000045538
0.000049114
0.000051498
0.000045061
0.000042439
0.000044346
0.000047922
0.000051975
0.000043869
0.000040770
0.000042677
0.000048637
0.000048876
0.000043154
0.000041008
0.000043631
0.000041008
