0.000323772
0.000345469
0.000283957
0.000311852
0.000242710
0.000282526
0.000269175
0.000251055
0.000220537
0.000269175
0.000267267
0.000279665
0.000232458
0.000229120
0.000241280
0.000275373
0.000227928
0.000282764
0.000268698
0.000289202
0.000217915
0.000278473
0.000230551
0.000228643
0.000218630
0.000281096
0.000222445
0.000278711
0.000220776
0.000268698
0.000215769
0.000280142
0.000239611
0.000275850
0.000280142
0.000271082
0.000220776
0.000286818
0.000220299
0.000267744
0.000261545
0.000283957
0.000226259
0.000262260
0.000271797
0.000252724
0.000277758
0.000323772
0.000220299
0.000225067
0.000210762
0.000280380
0.000279903
0.000273228
0.000228167
0.000218868
0.000279903
0.000230312
0.000216484
0.000211716
0.000267982
0.000226736
0.000280857
0.000275135
0.000278234
0.000274897
0.000278473
0.000238895
0.000218630
0.000267506
0.000266075
0.000228405
0.000226974
0.000226259
0.000281096
0.000218868
0.000281811
0.000224352
0.000268936
0.000223875
0.000266552
0.000219584
0.000277519
0.000226259
0.000278473
0.000276089
0.000225306
0.000279188
0.000216484
0.000264883
0.000265598
0.000239611
0.000235319
0.000225782
0.000279427
0.000274897
0.000236750
0.000238180
0.000219584
0.000267506
0.000221491
0.000280619
0.000255823
0.000221014
0.000216961
0.000220776
0.000217438
0.000228643
0.000212431
0.000213861
0.000212908
0.000218868
0.000224829
0.000222683
0.000225544
0.000215054
0.000229836
0.000222445
0.000213861
0.000213861
