0.000102282
0.000098944
0.000038147
0.000048637
0.000043392
0.000049353
0.000039577
0.000046968
0.000040770
0.000057220
0.000042200
0.000045061
0.000033379
0.000045300
0.000041723
0.000036955
0.000033379
0.000041723
0.000035763
0.000042915
0.000040054
0.000040770
0.000033617
0.000060797
0.000044107
0.000043869
0.000033617
0.000035524
0.000034809
0.000051260
0.000037432
0.000036240
0.000034094
0.000039101
0.000043154
0.000036716
0.000034094
0.000054359
0.000048399
0.000042677
0.000043631
0.000033379
0.000032902
0.000039577
0.000041246
0.000036001
0.000042200
0.000035763
0.000053883
0.000061989
0.000034571
0.000037909
0.000041962
0.000038385
0.000040293
0.000037670
0.000035048
0.000035524
0.000046015
0.000041485
0.000035048
0.000050306
0.000045776
0.000042915
0.000063419
0.000080824
0.000036478
0.000042439
0.000035763
0.000047922
0.000035524
0.000035048
0.000046730
0.000048876
0.000048399
0.000045061
0.000041008
0.000043392
0.000036240
0.000048161
0.000041962
0.000039101
0.000041246
0.000045061
0.000048637
0.000044346
0.000040293
0.000049353
0.000059366
0.000055313
0.000046492
0.000042677
0.000043154
0.000046492
0.000049114
0.000045776
0.000043631
0.000040054
0.000044584
0.000051498
0.000042200
0.000041008
0.000041246
0.000046492
0.000050068
0.000045538
0.000040531
0.000042200
0.000040531
0.000049591
0.000041485
0.000040531
0.000038624
0.000050306
0.000048399
0.000042677
0.000039339
0.000049353
0.000041723
0.000048161
