0.000146627
0.000114918
0.000067711
0.000100851
0.000073433
0.000059128
0.000068665
0.000074625
0.000067711
0.000068426
0.000069857
0.000095844
0.000066996
0.000070572
0.000068188
0.000058413
0.000068426
0.000058651
0.000069380
0.000072956
0.000068903
0.000067711
0.000105381
0.000069380
0.000068426
0.000071287
0.000063181
0.000056267
0.000068903
0.000069141
0.000071764
0.000071049
0.000060558
0.000105381
0.000070095
0.000063658
0.000069618
0.000070810
0.000066519
0.000129223
0.000080585
0.000068903
0.000135183
0.000071764
0.000067472
0.000062704
0.000057220
0.000067711
0.000066757
0.000124454
0.000064135
0.000096321
0.000056028
0.000068903
0.000065804
0.000072241
0.000058413
0.000061274
0.000066280
0.000070572
0.000069857
0.000073671
0.000100851
0.000063181
0.000064135
0.000068188
0.000057220
0.000069380
0.000064850
0.000067711
0.000058413
0.000105858
0.000056982
0.000072479
0.000066757
0.000061274
0.000064611
0.000071049
0.000065565
0.000072241
0.000097513
0.000059128
0.000058413
0.000067234
0.000066519
0.000071764
0.000059605
0.000059128
0.000063658
0.000110865
0.000060797
0.000072718
0.000057459
0.000062466
0.000065327
0.000069141
0.000056982
0.000071287
0.000068665
0.000069141
0.000100851
0.000072002
0.000059605
0.000072718
0.000066757
0.000061512
0.000056267
0.000066757
0.000062227
0.000073910
0.000059843
0.000059128
0.000054121
0.000067472
0.000066042
0.000068426
0.000056744
0.000068188
0.000064373
0.000069380
