0.010702610
0.000515461
0.000506878
0.000421286
0.000518322
0.000410318
0.000512362
0.000517845
0.000517607
0.000398159
0.000513077
0.000486612
0.000408411
0.000446081
0.000403404
0.000503302
0.000408649
0.000510454
0.000512123
0.000428677
0.000496864
0.000488520
0.000419855
0.000408411
0.000506878
0.000511885
0.000486374
0.000399828
0.000433445
0.000492334
0.000415564
0.000503302
0.000409365
0.000411272
0.000501871
0.000398397
0.000406504
0.000520468
0.000488520
0.000496864
0.000406742
0.000411272
0.000514507
0.000430107
0.000409603
0.000501871
0.000420094
0.000504971
0.000414371
0.000501156
0.000505924
0.000490665
0.000442743
0.000397921
0.000404835
0.000502110
0.000486135
0.000504494
0.000411749
0.000489235
0.000497341
0.000414133
0.000415325
0.000505686
0.000505209
0.000499487
0.000411749
0.000433922
0.000408649
0.000491619
0.000489950
0.000412464
0.000530243
0.000424862
0.000510216
0.000398397
0.000421524
0.000504494
0.000495195
0.000411034
0.000399828
0.000411510
0.000448942
0.000418663
0.000499249
0.000428915
0.000489235
0.000496387
0.000404835
0.000499725
0.000494719
0.000409365
0.000414610
0.000494242
0.000413895
0.000413656
0.000563622
0.000447989
0.000522614
0.000399590
0.000414610
0.000391006
0.000408649
0.000400305
0.000394583
0.000399351
0.000397444
0.000410795
0.000395060
0.000404119
0.000383377
0.000384331
0.000409365
0.000386477
0.000397205
0.000400543
0.000399590
0.000399351
0.000398636
0.000384569
