0.011824369
0.001913309
0.001897097
0.001546144
0.001987219
0.001574993
0.001631260
0.001918793
0.001932144
0.001576424
0.001946211
0.001894474
0.001894474
0.001613140
0.001559258
0.001837254
0.001613140
0.001549244
0.001904726
0.001932859
0.001543522
0.001570940
0.001930475
0.001568794
0.001978636
0.001598120
0.001887321
0.001892805
0.001630545
0.001572609
0.001894712
0.001609087
0.001846313
0.001863956
0.001604319
0.001858473
0.001623392
0.001878977
0.001539230
0.001576185
0.001929760
0.001864672
0.001627207
0.001896858
0.001676798
0.001589298
0.001909256
0.001578331
0.001644850
0.001612425
0.001876354
0.001859665
0.001923323
0.001580477
0.001677275
0.001860142
0.001575470
0.001878262
0.001985312
0.001487017
0.001664639
0.001556396
0.001549006
0.001671553
0.001958847
0.001855612
0.001985312
0.001576900
0.001505375
0.001858711
0.001912117
0.001862526
0.001988411
0.001581192
0.001539707
0.001859903
0.001951456
0.001847267
0.001661301
0.001473427
0.001571178
0.001558542
0.001721144
0.001554966
0.001645088
0.001858950
0.001871824
0.001567602
0.001957655
0.001856565
0.001662016
0.001581907
0.001842499
0.001876354
0.001946688
0.001548290
0.001970291
0.001549006
0.001584053
0.001550913
0.001924992
0.001475334
0.001595020
0.001485109
0.001510143
0.001494884
0.001521826
0.001481056
0.001587868
0.001459837
0.001524687
0.001460552
0.001520634
0.001490831
0.001538754
0.001469135
0.001539469
0.001467466
0.001519203
0.001479864
