0.000092030
0.000096560
0.000062943
0.000048876
0.000093937
0.000046492
0.000058889
0.000063896
0.000054121
0.000045776
0.000058889
0.000055313
0.000059605
0.000061035
0.000049353
0.000054359
0.000059843
0.000057220
0.000052929
0.000061512
0.000052214
0.000046492
0.000056982
0.000047207
0.000057459
0.000057459
0.000055790
0.000056505
0.000058651
0.000051737
0.000055790
0.000059843
0.000055313
0.000048637
0.000055790
0.000080824
0.000058651
0.000061035
0.000058651
0.000046015
0.000057220
0.000055790
0.000057936
0.000063181
0.000051498
0.000050306
0.000057697
0.000056744
0.000053644
0.000057936
0.000049591
0.000046015
0.000057697
0.000047922
0.000055313
0.000060320
0.000054598
0.000055790
0.000064850
0.000047684
0.000058651
0.000061035
0.000055552
0.000048399
0.000058889
0.000049591
0.000058174
0.000066519
0.000120163
0.000054121
0.000060797
0.000091791
0.000058889
0.000061274
0.000049829
0.000046968
0.000058651
0.000057220
0.000060558
0.000060081
0.000052214
0.000046730
0.000056982
0.000046730
0.000057697
0.000058174
0.000057936
0.000057220
0.000059128
0.000047207
0.000056267
0.000063181
0.000055790
0.000046968
0.000055790
0.000047684
0.000057936
0.000061035
0.000051975
0.000045061
0.000055790
0.000050545
0.000056505
0.000060797
0.000050545
0.000044346
0.000057220
0.000056505
0.000058413
0.000058889
0.000048876
0.000054836
0.000057220
0.000046968
0.000057220
0.000046968
0.000057459
0.000056744
0.000062943
0.000045300
