0.012342215
0.000095367
0.000088930
0.000067472
0.000072479
0.000100851
0.000083208
0.000097990
0.000107050
0.000100851
0.000062704
0.000061512
0.000045538
0.000044584
0.000068903
0.000090361
0.000044584
0.000068665
0.000050306
0.000118256
0.000035286
0.000031710
0.000050545
0.000055075
0.000064135
0.000122309
0.000035048
0.000044584
0.000041008
0.000118017
0.000119209
0.000132799
0.000069141
0.000064373
0.000068426
0.000037432
0.000068903
0.000046492
0.000063181
0.000063419
0.000051975
0.000036478
0.000056028
0.000044584
0.000047922
0.000048876
0.000038862
0.000050306
0.000037909
0.000038624
0.000042915
0.000034571
0.000039339
0.000041246
0.000043154
0.000037909
0.000043869
0.000040531
0.000040770
0.000037909
0.000032187
0.000045061
0.000036001
0.000040054
0.000043392
0.000045776
0.000031233
0.000032187
0.000054121
0.000045300
0.000031233
0.000032187
0.000036478
0.000042439
0.000045061
0.000030518
0.000037670
0.000031233
0.000037670
0.000057936
0.000031710
0.000030041
0.000048161
0.000039339
0.000037193
0.000044584
0.000039816
0.000031710
0.000038862
0.000037193
0.000031471
0.000032425
0.000058174
0.000039101
0.000054359
0.000039577
0.000036240
0.000037432
0.000038147
0.000037670
0.000047207
0.000037193
0.000038624
0.000041485
0.000059366
0.000032187
0.000046968
0.000064373
0.000039577
0.000040293
0.000032425
0.000032663
0.000038385
0.000043154
0.000036955
0.000034332
0.000042915
0.000033379
0.000040531
0.000049829
