0.000397682
0.000269890
0.000322580
0.000363588
0.000316381
0.000339270
0.000330687
0.000327110
0.000324249
0.000337124
0.000330448
0.000349045
0.000331402
0.000368834
0.000330210
0.000302792
0.000359774
0.000332117
0.000348330
0.000287771
0.000318289
0.000345469
0.000360727
0.000341892
0.000344753
0.000337601
0.000334501
0.000319958
0.000513315
0.000322104
0.000296354
0.000283718
0.000347614
0.000370264
0.000343800
0.000294447
0.000339031
0.000344038
0.000361681
0.000351191
0.000323057
0.000344276
0.000342369
0.000344515
0.000337601
0.000344992
0.000356436
0.000343323
0.000292301
0.000314951
0.000343323
0.000330925
0.000316143
0.000403404
0.000303984
0.000285625
0.000287056
0.000287533
0.000315666
0.000515461
0.000284195
0.000305653
0.000241041
0.000326395
0.000244141
0.000245333
0.000308037
0.000308514
0.000321150
0.000287294
0.000308514
0.000310898
0.000322104
0.000339031
0.000307322
0.000283241
0.000292301
0.000304699
0.000339031
0.000308990
0.000298738
0.000275373
0.000328541
0.000316858
0.000302076
0.000312090
0.000309229
0.000341415
0.000344038
0.000311136
0.000312805
0.000308514
0.000333071
0.000344515
0.000272274
0.000286818
0.000272989
0.000311136
0.000341415
0.000319719
