0.000247955
0.000236273
0.000224352
0.000192404
0.000200033
0.000234842
0.000222206
0.000222206
0.000338554
0.000281572
0.000299215
0.000306606
0.000281334
0.000305176
0.000270844
0.000262976
0.000265121
0.000241756
0.000278473
0.000270605
0.000257015
0.000288963
0.000236511
0.000241041
0.000244617
0.000243187
0.000260115
0.000292540
0.000275850
0.000285625
0.000265121
0.000270367
0.000288248
0.000271797
0.000261307
0.000292301
0.000247478
0.000187874
0.000241518
0.000257015
0.000272274
0.000301123
0.000271320
0.000262737
0.000301361
0.000300884
0.000303030
0.000296354
0.000280142
0.000261068
0.000344515
0.000230074
0.000258207
0.000230312
0.000209570
0.000226736
0.000256062
0.000210047
0.000264406
0.000286579
0.000256777
0.000303984
0.000238657
0.000321865
0.000251770
0.000285149
0.000272751
0.000223398
0.000236273
0.000258923
0.000251293
0.000301361
0.000299215
0.000268221
0.000319004
0.000233412
0.000254154
0.000240326
0.000258207
0.000276327
0.000263453
0.000279188
0.000300646
0.000241518
0.000298023
0.000239611
0.000226736
0.000178814
0.000226974
0.000296354
0.000268221
0.000288725
0.000209332
0.000225306
0.000240088
0.000283480
0.000235319
0.000228643
0.000196457
0.000173807
