0.002271414
0.002111673
0.002557993
0.002173185
0.002199888
0.002150059
0.002361298
0.002180099
0.002272367
0.002146721
0.002176523
0.002302408
0.002391577
0.002161026
0.013200283
0.002137184
0.002137661
0.002368927
0.002112150
0.002262592
0.002234936
0.002516985
0.002146006
0.001884937
0.001777649
0.001657963
0.002248764
0.002475739
0.002254009
0.002098799
0.001942396
0.002496243
0.002113342
0.002275944
0.002422333
0.002400875
0.002351999
0.002190351
0.002525568
0.002425909
0.002131462
0.002275705
0.002654791
0.002291441
0.002220154
0.012902260
0.002514362
0.002918482
0.002497911
0.002129555
0.002446890
0.012015820
0.002509356
0.002358437
0.002422333
0.002626181
0.002590418
0.001918077
0.002227306
0.002358198
0.002328634
0.002537727
0.002331257
0.002468824
0.002745152
0.002553701
0.002424002
0.002195835
0.002498865
0.002226353
0.002473831
0.002289057
0.002451658
0.002358913
0.002631903
0.002195358
0.002545834
0.002507210
0.001743078
0.001768351
0.002007246
0.002178669
0.002271652
0.002593279
0.002162218
0.002213717
0.002011061
0.002447367
0.002146006
0.002109051
0.002420664
0.002317905
0.002378941
0.002796888
0.002500772
0.002513647
0.002661943
0.002607822
0.002320290
0.002166271
