0.014975071
0.008891106
0.008445501
0.008260012
0.014918327
0.007594347
0.016716719
0.008413553
0.008218288
0.008148670
0.009153843
0.015080929
0.008606911
0.008689880
0.008309841
0.007899046
0.008640766
0.006379366
0.008716822
0.006529570
0.008481026
0.014291286
0.008679867
0.008131742
0.008461714
0.007884741
0.007901907
0.008137226
0.008342028
0.008912802
0.007995844
0.008032560
0.008447170
0.008151054
0.008502245
0.008510590
0.014719725
0.007615805
0.008008957
0.008202553
0.008212328
0.008540392
0.008376598
0.013735056
0.008165836
0.008277893
0.007994890
0.008191824
0.008339167
0.008223534
0.008297443
0.007990837
0.007529736
0.007742405
0.007443190
0.007648468
0.007410288
0.007426739
0.007599592
0.007427692
0.007967710
0.007226944
0.016788006
0.007624865
0.007039547
0.007616043
0.008208275
0.007616997
0.007106781
0.007500648
0.007673502
0.007907867
0.007967949
0.008215904
0.007853508
0.008319139
0.007763624
0.007744551
0.016830683
0.007200480
0.007040739
0.007162571
0.007909060
0.008204222
0.007297993
0.007643938
0.007655859
0.007937670
0.008586884
0.009012938
0.008048773
0.008032084
0.008241892
0.008337498
0.017230272
0.008479357
0.024204493
0.008024216
0.015338182
0.007673979
