0.000308514
0.000289917
0.000278711
0.000315189
0.000316143
0.000305653
0.000257730
0.000329256
0.000307798
0.000323772
0.000289917
0.000281811
0.000297785
0.000300169
0.000303507
0.000308990
0.000326157
0.000279188
0.000298500
0.000274897
0.000334740
0.000320911
0.000292778
0.000342607
0.000329256
0.000314236
0.000298023
0.000323534
0.000302076
0.000299692
0.000347853
0.000263929
0.000301838
0.000283003
0.000301123
0.000281334
0.000294447
0.000316143
0.000286579
0.000316381
0.000299454
0.000328541
0.000298977
0.000308990
0.000275850
0.000317812
0.000308514
0.000291824
0.000302553
0.000310898
0.000326633
0.000323057
0.000289202
0.000317335
0.000321388
0.000312090
0.000381231
0.000296593
0.000272751
0.000560045
0.000268698
0.000278234
0.000285864
0.000301838
0.000323772
0.000530243
0.000260353
0.000291109
0.000316143
0.000290871
0.000292301
0.000321388
0.000319958
0.000288725
0.000311613
0.000326395
0.000324249
0.000325680
0.000277519
0.000290632
0.000298500
0.000294209
0.000290394
0.000291348
0.000335455
0.000362873
0.000303745
0.000299692
0.000288725
0.000281096
0.000285387
0.000269651
0.000288010
0.000280142
0.000344992
0.000324488
0.000320911
0.000288248
0.000317097
0.000324249
