0.029676676
0.014242172
0.021346092
0.015953302
0.017277241
0.030275822
0.015966892
0.015730858
0.026602983
0.016989231
0.016253948
0.016562700
0.015844822
0.014503002
0.016274452
0.015674829
0.016233683
0.020073175
0.015510321
0.016990900
0.016009331
0.016393900
0.026198149
0.016104221
0.016041756
0.016305208
0.016226053
0.015881777
0.016923666
0.016926527
0.016717911
0.015957117
0.015713215
0.021514177
0.030189991
0.016005754
0.015959024
0.016061783
0.016236544
0.033043385
0.026057005
0.017091990
0.015795231
0.016307831
0.016725063
0.014974117
0.024080753
0.025426388
0.016412973
0.016351223
0.016435385
0.016102314
0.027955770
0.016163826
0.015483141
0.016185999
0.016131163
0.017071247
0.016478777
0.016621590
0.012206554
0.018700361
0.015708208
0.023212910
0.016430855
0.016418219
0.016640902
0.033629179
0.016272068
0.016199827
0.016487122
0.016049623
0.016055584
0.015393734
0.014342785
0.016714334
0.015175819
0.027829409
0.026159763
0.015883923
0.015527725
0.016029596
0.016604185
0.017158985
0.025315046
0.014751911
0.016070127
0.014558554
0.016346216
0.021795273
0.016610384
0.017215014
0.016946316
0.016801357
0.015806675
0.015726328
0.015824795
0.017107964
0.016548395
0.016374111
