0.005017519
0.004484177
0.004437923
0.004376173
0.004312992
0.004476070
0.004406691
0.004258394
0.014127731
0.004301786
0.004338980
0.004199266
0.003952265
0.004192829
0.004512548
0.004359007
0.016791821
0.005456209
0.004064560
0.004046440
0.003988028
0.004344463
0.004150629
0.005142689
0.004560709
0.004223824
0.013395548
0.004716158
0.004070759
0.003768444
0.004032373
0.003976583
0.005462646
0.004229546
0.003826618
0.003845692
0.005161762
0.004659176
0.004276752
0.004064083
0.004306555
0.004782915
0.003966093
0.003392220
0.004324436
0.005452633
0.004075527
0.004049540
0.004789829
0.004406214
0.004161596
0.004386187
0.004181862
0.004065752
0.004270077
0.004992962
0.004322290
0.004494667
0.004317284
0.004710436
0.004574299
0.004614592
0.004130840
0.003886223
0.004232645
0.004683971
0.004544020
0.004275322
0.004400015
0.004182577
0.004435778
0.004230499
0.015867710
0.004690409
0.004320145
0.004114389
0.004203320
0.004824400
0.004867792
0.005468845
0.004439831
0.004981995
0.004326344
0.004034758
0.004490614
0.005136013
0.004367113
0.004436970
0.004320860
0.004637957
0.004393339
0.004088163
0.004432917
0.004268408
0.004410028
0.004130840
0.004726410
0.004547834
0.004588366
0.012432814
