0.000292063
0.000281334
0.000266075
0.000265121
0.000266314
0.000240088
0.000232697
0.000287056
0.000273466
0.000294685
0.000256300
0.000282526
0.000267506
0.000293016
0.000303030
0.000250816
0.000298262
0.000275612
0.000338316
0.000272512
0.000497341
0.000283241
0.000276327
0.000262976
0.000331640
0.000260592
0.000311852
0.000318289
0.000272512
0.000253916
0.000273466
0.000369310
0.000235081
0.000271797
0.000251532
0.000272036
0.000231504
0.000250340
0.000269175
0.000294924
0.000270605
0.000320673
0.000289679
0.000273228
0.000256300
0.000282288
0.000306606
0.000275612
0.000276566
0.000259161
0.000318766
0.000311136
0.000282526
0.000258446
0.000267267
0.000286341
0.000267029
0.000275135
0.000282049
0.000324488
0.000258446
0.000257730
0.000238657
0.000325441
0.000261545
0.000288725
0.000310898
0.000291109
0.000259161
0.000168800
0.000281334
0.000280857
0.000275850
0.000306606
0.000281334
0.000354767
0.000253201
0.000252724
0.000282526
0.000272512
0.000293016
0.000365734
0.000242472
0.000282526
0.000387192
0.000254154
0.000267267
0.000526905
0.000270605
0.000256062
0.000245571
0.000277042
0.000287056
0.000274658
0.000277281
0.000264168
0.000269651
0.000261545
0.000270367
0.000290394
