0.001306057
0.001212835
0.001401901
0.001392603
0.001411438
0.001359224
0.001508951
0.001422405
0.001207352
0.001285315
0.001380682
0.001339436
0.001376390
0.001431227
0.001391649
0.001389027
0.001400471
0.001381874
0.001332521
0.001420736
0.001494646
0.001358509
0.001344204
0.001372576
0.001395226
0.001427650
0.001430273
0.001326561
0.001519918
0.001352787
0.001269102
0.001314640
0.001491785
0.001430273
0.001402378
0.001377821
0.001330614
0.001480103
0.001412392
0.001416206
0.001290083
0.001421690
0.001327515
0.001139641
0.001327276
0.001352549
0.001290321
0.001359224
0.001407623
0.001291990
0.001265287
0.001393318
0.001377583
0.001459360
0.001157045
0.001300573
0.001223087
0.001281261
0.001305580
0.001306534
0.001454115
0.001466751
0.001137495
0.001312733
0.001296759
0.001427650
0.001239777
0.001314402
0.001219511
0.001376152
0.001372576
0.001404524
0.001200914
0.001347542
0.001387358
0.001534224
0.001264572
0.001294374
0.001293898
0.001416206
0.001326323
0.001380682
0.001187801
0.001419544
0.001430035
0.001275539
0.001225710
0.001363754
0.001379490
0.001408339
0.001245260
0.001278877
0.001225710
0.001401663
0.001211405
0.001386166
0.001238346
0.001486540
0.001260519
0.001500368
