0.000229359
0.000237942
0.000231504
0.000184059
0.000138283
0.000167131
0.000144482
0.000150442
0.000187874
0.000177145
0.000168562
0.000135422
0.000192165
0.000158072
0.000244856
0.000177383
0.000164986
0.000165701
0.000175714
0.000166416
0.000292063
0.000226021
0.000193596
0.000185728
0.000180721
0.000162601
0.000301123
0.000184298
0.000148535
0.000186682
0.000174046
0.000176191
0.000168800
0.000236273
0.000173092
0.000229597
0.000152588
0.000190258
0.000146627
0.000130415
0.000247240
0.000217676
0.000150204
0.000154495
0.000142097
0.000397444
0.000412941
0.000180483
0.000389814
0.000172377
0.000164747
0.000140905
0.000212908
0.000231028
0.000125170
0.000340700
0.000259876
0.000234127
0.000237942
0.000194311
0.000138998
0.000136614
0.000123024
0.000211954
0.000164270
0.000145197
0.000138044
0.000153303
0.000250340
0.000190020
0.000191450
0.000164747
0.000130653
0.000154972
0.000267982
0.000195026
0.000141382
0.000142097
0.000141621
0.000167370
0.000222921
0.000143290
0.000140905
0.000139952
0.000156164
0.000138283
0.000249386
0.000135899
0.000253439
0.000153303
0.000160456
0.000153303
0.000166416
0.000218630
0.000161171
0.000152588
0.000144958
0.000138521
0.000152111
0.000142813
