0.000721931
0.000727654
0.000784159
0.000656843
0.000703096
0.000691414
0.000667095
0.000774622
0.000724077
0.000738144
0.000739336
0.000753641
0.000676155
0.000729561
0.000707150
0.000777960
0.000719309
0.000756025
0.000745058
0.000748873
0.000754356
0.000756025
0.000731707
0.000756264
0.000750780
0.000744820
0.000752687
0.000754118
0.000612974
0.000693798
0.000715256
0.000706911
0.000629902
0.000783682
0.000763416
0.000770330
0.000735998
0.000752687
0.000660419
0.000741482
0.000732183
0.000793219
0.000699043
0.000725269
0.000757694
0.000754595
0.000676155
0.000687361
0.000756502
0.000767946
0.000657320
0.000768661
0.000671864
0.000775814
0.000653505
0.000677347
0.000738144
0.000759602
0.000678301
0.000766993
0.000746250
0.000755548
0.000738144
0.000753880
0.000786304
0.000765085
0.000731230
0.000889778
0.000708580
0.000742674
0.000740767
0.000771761
0.000772953
0.000761986
0.000755310
0.000764608
0.000726700
0.000745058
0.000657797
0.000779152
0.000727892
0.000782728
0.000714302
0.000718832
0.000657558
0.000757456
0.000745535
0.000845671
0.000727892
0.000747204
0.000687599
0.000676870
0.000827312
0.000717878
0.000730753
0.000761986
0.000740528
0.000759125
0.000709534
0.000761271
