0.000243902
0.000231028
0.000190735
0.000234365
0.000250578
0.000264406
0.000249624
0.000453472
0.000258446
0.000279188
0.000216722
0.000195503
0.000201225
0.000191689
0.000203609
0.000191689
0.000268221
0.000232458
0.000231028
0.000197172
0.000177145
0.000182152
0.000214577
0.000181437
0.000159502
0.000181198
0.000170231
0.000180006
0.000202894
0.000188589
0.000178814
0.000193834
0.000314951
0.000288010
0.000406742
0.000241756
0.000237226
0.000168085
0.000191927
0.000264883
0.000267267
0.000320435
0.000271320
0.000306368
0.000286579
0.000283003
0.000277519
0.000288725
0.000283480
0.000279188
0.000278711
0.000281334
0.000268221
0.000281334
0.000278711
0.000286818
0.000287771
0.000261545
0.000253677
0.000389099
0.000219107
0.000238657
0.000249147
0.000212669
0.000320911
0.000252008
0.000243664
0.000288725
0.000261545
0.000223398
0.000276327
0.000257254
0.000264645
0.000284195
0.000442982
0.000259399
0.000348568
0.000304937
0.000303507
0.000264883
0.000544071
0.000269175
0.000241280
0.000246286
0.000302315
0.000224590
0.000271320
0.000231504
0.000192642
0.000169277
0.000201464
0.000279665
0.000195265
0.000208139
0.000203609
0.000206709
0.000274658
0.000276566
0.000280142
0.000290871
