0.000377178
0.000355005
0.000382662
0.000386477
0.000391722
0.000393391
0.000349760
0.000355721
0.000339985
0.000302076
0.000321865
0.000310183
0.000278473
0.000390053
0.000391483
0.000303030
0.000377655
0.000369072
0.000359058
0.000377178
0.000343800
0.000353336
0.000364304
0.000398874
0.000348091
0.000300646
0.000404596
0.000342131
0.000313044
0.000410318
0.000357389
0.000366449
0.000406981
0.000366449
0.000337839
0.000334740
0.000307560
0.000343084
0.000366688
0.000354528
0.000373602
0.000391483
0.000382900
0.000340700
0.000335217
0.000343561
0.000309467
0.000304461
0.000355959
0.000332594
0.000426292
0.000349283
0.000390768
0.000402451
0.000380516
0.000342607
0.000396967
0.000357151
0.000386953
0.000384092
0.000365973
0.000351429
0.000371933
0.000309467
0.000365019
0.000403643
0.000380039
0.000346899
0.000422478
0.000350952
0.000307560
0.000394344
0.000358343
0.000315428
0.000401497
0.000358582
0.000308037
0.000333786
0.000358820
0.000355721
0.000392675
0.000390530
0.000359774
0.000392199
0.000372648
0.000354767
0.000414133
0.000324726
0.000364065
0.000376940
0.000428438
0.000348568
0.000383615
0.000314951
0.000358820
0.000392914
0.000344992
0.000321865
0.000400305
0.000350714
