0.000260353
0.000263214
0.000267982
0.000188351
0.000525475
0.000232220
0.000185966
0.000224829
0.000174761
0.000256062
0.000292778
0.000154495
0.000221968
0.000289440
0.000192165
0.000272751
0.000192881
0.000201941
0.000191927
0.000198841
0.000243664
0.000228882
0.000216484
0.000252962
0.000216246
0.000351906
0.000283480
0.000231981
0.000249147
0.000213861
0.000252724
0.000226974
0.000194073
0.000282049
0.000211239
0.000285149
0.000267744
0.000353575
0.000189543
0.000226498
0.000237465
0.000268936
0.000230551
0.000176430
0.000359297
0.000335217
0.000255346
0.000206947
0.000282288
0.000274897
0.000291348
0.000230074
0.000201941
0.000226974
0.000278473
0.000256777
0.000297785
0.000186443
0.000254869
0.000237226
0.000263929
0.000186920
0.000203609
0.000195265
0.000217199
0.000199080
0.000270844
0.000259876
0.000241995
0.000244856
0.000429630
0.000306606
0.000342131
0.000244617
0.000204086
0.000241518
0.000211000
0.000172853
0.000271559
0.000228167
0.000198364
0.000238657
0.000291586
0.000210524
0.000209808
0.000200987
0.000203609
0.000191689
0.000202894
0.000257254
0.000249386
0.000206232
0.000260115
0.000238895
0.000205517
0.000193596
0.000252485
0.000243187
0.000261068
0.000234842
