0.131779432
0.081944227
0.031440735
0.000188112
0.000249624
0.000284195
0.000258446
0.000299215
0.000258684
0.000217438
0.000285864
0.000277519
0.000290394
0.000234604
0.000214577
0.000232935
0.000262976
0.000206470
0.000187635
0.000191689
0.000171423
0.000163317
0.000178099
0.000173569
0.000266075
0.000245571
0.000292301
0.000238895
0.000298023
0.000358343
0.000222445
0.000215769
0.000143290
0.000443459
0.000204086
0.000165701
0.000163555
0.000148058
0.000152111
0.000154734
0.000156641
0.000166416
0.000154972
0.000172138
0.000157118
0.000223160
0.000318289
0.000222445
0.000201702
0.000173807
0.000156641
0.000161648
0.000148773
0.000389338
0.000193119
0.000168324
0.000152349
0.000163794
0.000271559
0.000173569
0.000222683
0.000221729
0.000250340
0.000177383
0.000222921
0.000301123
0.000208855
0.000181198
0.000224113
0.000272274
0.000238895
0.000228167
0.000197172
0.000181437
0.000194073
0.000221491
0.000155210
0.000132322
0.000173330
0.000182867
0.000164747
0.000186205
0.000189781
0.000307083
0.000279665
0.000241995
0.000288486
0.000267744
0.000283718
0.000278950
0.000318527
0.000324726
0.000227928
0.000267982
0.000299692
0.000290871
0.000258207
0.000269175
0.000333548
0.000324249
