0.000422239
0.000300407
0.000346899
0.000369549
0.000356913
0.000358105
0.000371695
0.000382662
0.000337839
0.000359774
0.000350237
0.000397921
0.000360489
0.000398636
0.000358105
0.000343561
0.000397682
0.000346422
0.000444412
0.000310421
0.000390530
0.000374556
0.000383139
0.000449657
0.000376463
0.000371933
0.000368834
0.000348330
0.000481606
0.000329018
0.000319004
0.000307798
0.000342131
0.000385523
0.000353098
0.000306845
0.000358820
0.000355005
0.000368834
0.000349522
0.000337839
0.000351429
0.000363827
0.000344276
0.000337124
0.000351429
0.000360250
0.000344038
0.000330687
0.000318766
0.000353575
0.000334740
0.000335693
0.000411034
0.000312567
0.000296593
0.000302792
0.000298738
0.000324965
0.000528812
0.000292778
0.000318289
0.000251770
0.000325203
0.000298738
0.000251770
0.000319958
0.000336647
0.000344038
0.000310659
0.000315905
0.000322580
0.000325918
0.000351906
0.000319481
0.000302315
0.000315428
0.000331163
0.000352144
0.000320911
0.000314236
0.000290871
0.000356197
0.000325918
0.000333309
0.000326872
0.000323296
0.000355482
0.000357151
0.000319481
0.000325441
0.000319958
0.000344515
0.000356674
0.000287771
0.000310898
0.000284195
0.000319242
0.000350952
0.000341177
