0.000326157
0.000298262
0.000213623
0.000321150
0.000293970
0.000227690
0.000261068
0.000275373
0.000290155
0.000317097
0.000266075
0.000306129
0.000280619
0.000320673
0.000306606
0.000256538
0.000313997
0.000305653
0.000327349
0.000290632
0.000521898
0.000293970
0.000308514
0.000252724
0.000331879
0.000260592
0.000305414
0.000326395
0.000289917
0.000258684
0.000244856
0.000391722
0.000234604
0.000281096
0.000240088
0.000322819
0.000239849
0.000249863
0.000276089
0.000271797
0.000261068
0.000322342
0.000298977
0.000269175
0.000296354
0.000294685
0.000327587
0.000280380
0.000277281
0.000297070
0.000348568
0.000327110
0.000323772
0.000266075
0.000264883
0.000343323
0.000298977
0.000333309
0.000306129
0.000351906
0.000257015
0.000252962
0.000251532
0.000349998
0.000259638
0.000319958
0.000293970
0.000287771
0.000257254
0.000187159
0.000319242
0.000320673
0.000314236
0.000292778
0.000313997
0.000348568
0.000271082
0.000256062
0.000305653
0.000290871
0.000272512
0.000404358
0.000257730
0.000277996
0.000407457
0.000273466
0.000256777
0.000545263
0.000280857
0.000265121
0.000251532
0.000270844
0.000308514
0.000271320
0.000262022
0.000282764
0.000272989
0.000269651
0.000303268
0.000282526
