0.028283834
0.016514301
0.022627115
0.016063929
0.015599489
0.023176670
0.015998125
0.015728951
0.027254105
0.017047882
0.014760733
0.016706944
0.014357567
0.016113520
0.016309977
0.015727758
0.016439676
0.022076130
0.015516043
0.017207861
0.016128778
0.016396999
0.024902105
0.016261816
0.016082525
0.016156673
0.016293049
0.015913963
0.017032862
0.016899347
0.015133619
0.016052723
0.015880346
0.023124218
0.028495073
0.017604351
0.016122341
0.016159773
0.016320467
0.033091068
0.030293226
0.017327309
0.016023636
0.016197681
0.016809940
0.016697407
0.023568869
0.024713516
0.015024424
0.016451597
0.014823914
0.014495611
0.026828051
0.014610767
0.015580177
0.016268253
0.016183853
0.017093658
0.016566753
0.016667843
0.012841702
0.016426325
0.015873432
0.023359776
0.016526699
0.016464233
0.016796112
0.033857822
0.016289234
0.016238928
0.016472340
0.014419556
0.016098976
0.017169237
0.016028404
0.016934633
0.017057896
0.027854681
0.028150082
0.016102314
0.015804052
0.016326666
0.016597986
0.017127752
0.025563717
0.016408920
0.016068935
0.016357899
0.016268730
0.023378849
0.016618013
0.017190695
0.015349150
0.016767740
0.015828371
0.015942097
0.015891075
0.017131090
0.016609669
0.016356230
