0.000201702
0.000245333
0.000227928
0.000192642
0.000138283
0.000167131
0.000159502
0.000167131
0.000204325
0.000179291
0.000176907
0.000159979
0.000189066
0.000180721
0.000261068
0.000193596
0.000175953
0.000180244
0.000187159
0.000180244
0.000346661
0.000229120
0.000181675
0.000175953
0.000182629
0.000178099
0.000298262
0.000202179
0.000162601
0.000200987
0.000183344
0.000188589
0.000182867
0.000221491
0.000183582
0.000231981
0.000144005
0.000148296
0.000152349
0.000133753
0.000265360
0.000235081
0.000164270
0.000149488
0.000131845
0.000385761
0.000381947
0.000205040
0.000389576
0.000211954
0.000184298
0.000155926
0.000254393
0.000224352
0.000149012
0.000378132
0.000248194
0.000231504
0.000269890
0.000201941
0.000160217
0.000151873
0.000146866
0.000210047
0.000181913
0.000158072
0.000137091
0.000157833
0.000262022
0.000215292
0.000200987
0.000178337
0.000181437
0.000179291
0.000302792
0.000208378
0.000148535
0.000248432
0.000160694
0.000168800
0.000251770
0.000149727
0.000146389
0.000144958
0.000157833
0.000141382
0.000270128
0.000125170
0.000263691
0.000160933
0.000171661
0.000168085
0.000171185
0.000213861
0.000154734
0.000187874
0.000185966
0.000160933
0.000177383
0.000147104
