0.000249147
0.000212193
0.000196218
0.000235319
0.000258446
0.000256062
0.000247002
0.000477791
0.000262022
0.000305414
0.000196457
0.000204325
0.000199080
0.000205994
0.000205994
0.000197411
0.000307322
0.000234127
0.000207186
0.000195980
0.000174284
0.000192881
0.000218868
0.000194311
0.000171423
0.000191927
0.000180960
0.000215292
0.000218630
0.000188589
0.000171423
0.000206709
0.000295639
0.000294685
0.000334740
0.000334978
0.000238657
0.000222206
0.000187874
0.000305176
0.000297308
0.000318289
0.000296593
0.000378370
0.000260115
0.000297070
0.000306368
0.000296116
0.000312328
0.000301123
0.000298738
0.000303984
0.000294924
0.000305653
0.000301838
0.000321150
0.000306845
0.000290632
0.000261545
0.000352859
0.000257969
0.000222683
0.000247717
0.000235319
0.000300407
0.000252485
0.000272274
0.000288248
0.000250340
0.000226498
0.000283241
0.000278711
0.000268936
0.000283003
0.000456810
0.000256538
0.000325441
0.000338554
0.000321150
0.000271559
0.000544071
0.000266552
0.000256062
0.000259161
0.000292540
0.000213385
0.000254154
0.000246286
0.000201464
0.000185966
0.000213385
0.000280857
0.000191450
0.000211716
0.000206470
0.000197411
0.000306845
0.000294924
0.000303268
0.000314713
