0.000374556
0.000370502
0.000416517
0.000388384
0.000397444
0.000413895
0.000367403
0.000351429
0.000338078
0.000335932
0.000370979
0.000376225
0.000355244
0.000399590
0.000407219
0.000340939
0.000394344
0.000401020
0.000366926
0.000376701
0.000395775
0.000348330
0.000363350
0.000399828
0.000369072
0.000336170
0.000404119
0.000350952
0.000356913
0.000412226
0.000361681
0.000372648
0.000410080
0.000398636
0.000345469
0.000367880
0.000333548
0.000348568
0.000370502
0.000360012
0.000373125
0.000406742
0.000382662
0.000343800
0.000373602
0.000346184
0.000321150
0.000363827
0.000356197
0.000353098
0.000425339
0.000366449
0.000390053
0.000407457
0.000398159
0.000357389
0.000414371
0.000361204
0.000388622
0.000436306
0.000367880
0.000352144
0.000380993
0.000339270
0.000365257
0.000408411
0.000379324
0.000395298
0.000420332
0.000355482
0.000345945
0.000393391
0.000358343
0.000352859
0.000405073
0.000373840
0.000384331
0.000367403
0.000381231
0.000352859
0.000396729
0.000387669
0.000367641
0.000390291
0.000391722
0.000354290
0.000419378
0.000393391
0.000393867
0.000383854
0.000429392
0.000348806
0.000411272
0.000364065
0.000369072
0.000389099
0.000362635
0.000373602
0.000402927
0.000369787
