0.000231743
0.000245094
0.000273466
0.000190496
0.000530005
0.000218391
0.000186682
0.000223398
0.000192404
0.000241995
0.000303984
0.000164509
0.000215054
0.000299931
0.000188112
0.000242949
0.000186920
0.000183105
0.000188112
0.000194788
0.000252724
0.000224590
0.000254154
0.000270605
0.000218153
0.000344515
0.000283718
0.000225782
0.000237703
0.000213861
0.000246525
0.000223637
0.000195742
0.000286579
0.000243425
0.000281334
0.000273228
0.000372410
0.000190973
0.000215769
0.000280619
0.000255108
0.000227451
0.000182867
0.000357151
0.000343800
0.000254631
0.000198603
0.000272989
0.000262976
0.000269175
0.000233173
0.000197649
0.000221968
0.000254631
0.000262499
0.000307322
0.000191450
0.000257492
0.000245810
0.000186443
0.000191689
0.000199556
0.000211477
0.000197649
0.000176191
0.000268459
0.000256062
0.000243187
0.000238657
0.000433445
0.000308275
0.000319958
0.000244379
0.000200272
0.000233889
0.000207663
0.000169516
0.000269890
0.000242710
0.000204563
0.000215769
0.000254393
0.000223398
0.000217199
0.000190973
0.000200272
0.000196695
0.000227690
0.000298977
0.000223637
0.000229359
0.000253201
0.000235796
0.000180721
0.000174522
0.000238180
0.000226498
0.000299215
0.000230551
