0.000286341
0.000262022
0.000256062
0.000231266
0.000223637
0.000267029
0.000253677
0.000258923
0.000344515
0.000288486
0.000301600
0.000297308
0.000298738
0.000313282
0.000299215
0.000293493
0.000300169
0.000244617
0.000294685
0.000257492
0.000253201
0.000308752
0.000248194
0.000236988
0.000263453
0.000220537
0.000263214
0.000293732
0.000279665
0.000298738
0.000282288
0.000293732
0.000322104
0.000264645
0.000247717
0.000286341
0.000249863
0.000190735
0.000252247
0.000239611
0.000283480
0.000298738
0.000244617
0.000247478
0.000303268
0.000299454
0.000304937
0.000276804
0.000274181
0.000263929
0.000348568
0.000232220
0.000280380
0.000235319
0.000223875
0.000238895
0.000277996
0.000225782
0.000256062
0.000275135
0.000270367
0.000327349
0.000244379
0.000345707
0.000249863
0.000291348
0.000265360
0.000228643
0.000252247
0.000271320
0.000261307
0.000294924
0.000309706
0.000248432
0.000318527
0.000259161
0.000254154
0.000267506
0.000239134
0.000264645
0.000263691
0.000274181
0.000309229
0.000236750
0.000268698
0.000252962
0.000227213
0.000189066
0.000198841
0.000288725
0.000255346
0.000284433
0.000220776
0.000227451
0.000248194
0.000281811
0.000232458
0.000234604
0.000172377
0.000179052
