0.014910698
0.008917332
0.008582592
0.008405685
0.014272928
0.008292198
0.016693830
0.007750511
0.007527828
0.008276701
0.009252548
0.014340162
0.008700848
0.008690834
0.008309126
0.007928848
0.008637905
0.015924454
0.008872509
0.014864445
0.008627892
0.014257908
0.008891344
0.008283377
0.008584261
0.007948875
0.008004189
0.008227587
0.008432627
0.009081125
0.008131504
0.008119822
0.008567810
0.008292913
0.008657217
0.008622646
0.014778852
0.008436441
0.008105755
0.008289099
0.007624388
0.008558273
0.008435965
0.006530762
0.008148909
0.008302927
0.008024216
0.008230209
0.008358717
0.008276224
0.008340597
0.008079290
0.008233070
0.008529663
0.008159399
0.008455038
0.008020639
0.008183718
0.008269548
0.008225679
0.008061647
0.007999420
0.017040968
0.008470774
0.007733107
0.006989241
0.008251905
0.008468151
0.007886887
0.008399248
0.007159710
0.007223368
0.008030415
0.008297205
0.007288218
0.008338451
0.007798910
0.007819414
0.017678738
0.007960081
0.007715702
0.007868767
0.008042336
0.008276701
0.008119345
0.007845163
0.007780552
0.007285118
0.007807970
0.008187532
0.008088589
0.008073092
0.008285522
0.007526875
0.016465902
0.007699728
0.024446249
0.008250713
0.015539646
0.007016420
