0.002267599
0.002116919
0.002567768
0.002353191
0.002328396
0.002333641
0.002408028
0.002208471
0.002276421
0.002331972
0.002482891
0.002425432
0.002501726
0.002312899
0.013192654
0.002297878
0.002332449
0.002443552
0.002341032
0.002413034
0.002412319
0.002640247
0.002426863
0.002032518
0.001987934
0.001595259
0.002306700
0.002475739
0.002552271
0.002130508
0.001962900
0.002513170
0.002346992
0.002278805
0.002497435
0.002432823
0.002475500
0.002294302
0.002507448
0.002745867
0.002359390
0.002315283
0.002244949
0.002339840
0.002312422
0.012900591
0.002605677
0.002963781
0.002555370
0.002359390
0.002586842
0.012091160
0.002488136
0.002411842
0.002447128
0.002640009
0.002512217
0.011853933
0.002270460
0.002580643
0.002616167
0.002736330
0.002393961
0.002562523
0.002673388
0.002610922
0.002495766
0.002296686
0.002471447
0.002315283
0.002497196
0.002321243
0.002526283
0.002475739
0.002566338
0.002311468
0.002514362
0.002460480
0.001863956
0.001852512
0.002009153
0.002246618
0.002346754
0.002506971
0.002407789
0.002219915
0.002135277
0.002542496
0.002181768
0.002218008
0.002590179
0.002454281
0.002651691
0.002798557
0.002758503
0.002596855
0.002827644
0.002653122
0.002497435
0.002351284
