0.001303434
0.001242638
0.001397133
0.001352310
0.001394987
0.001315355
0.001452446
0.001414299
0.001218796
0.001268864
0.001359224
0.001411200
0.001406670
0.001438856
0.001395226
0.001372576
0.001411915
0.001380205
0.001405239
0.001430750
0.001472712
0.001334429
0.001379251
0.001367092
0.001371145
0.001432896
0.001417398
0.001337290
0.001523018
0.001354218
0.001236200
0.001309872
0.001478195
0.001448870
0.001416445
0.001398802
0.001423359
0.001564264
0.001397133
0.001403570
0.001389503
0.001371861
0.001421452
0.001299143
0.001323223
0.001441717
0.001330137
0.001349926
0.001391888
0.001388550
0.001278400
0.001385689
0.001373768
0.001490355
0.001280785
0.001313448
0.001257658
0.001300335
0.001356602
0.001350164
0.001452923
0.001455545
0.001163721
0.001419067
0.001437664
0.001496553
0.001263142
0.001376152
0.001243830
0.001373053
0.001374722
0.001343012
0.001244068
0.001320601
0.001359940
0.001474380
0.001292467
0.001308918
0.001291990
0.001431227
0.001340389
0.001519680
0.001219511
0.001418829
0.001427174
0.001332760
0.001233339
0.001413345
0.001421452
0.001481533
0.001326561
0.001263380
0.001240253
0.001455784
0.001231670
0.001426935
0.001349211
0.001485825
0.001271725
0.001528502
