0.000735521
0.000751734
0.000769615
0.000724554
0.000729322
0.000719070
0.000775576
0.000790119
0.000734806
0.000745773
0.000703812
0.000757456
0.000718594
0.000749111
0.000742912
0.000801086
0.000748873
0.000774384
0.000776529
0.000764847
0.000791073
0.000783920
0.000799179
0.000772476
0.000777483
0.000768900
0.000780106
0.000794172
0.000642776
0.000772953
0.000771999
0.000730991
0.000679016
0.000792980
0.000799179
0.000797272
0.000777006
0.000773430
0.000698566
0.000754595
0.000764608
0.000806570
0.000762463
0.000786781
0.000766754
0.000777006
0.000729322
0.000759125
0.000786781
0.000796556
0.000720024
0.000822306
0.000747204
0.000813723
0.000700951
0.000722408
0.000778437
0.000800610
0.000752926
0.000790834
0.000782967
0.000787258
0.000753403
0.000800610
0.000777006
0.000777245
0.000763178
0.000900984
0.000740051
0.000722408
0.000791073
0.000805378
0.000783682
0.000775099
0.000758648
0.000769854
0.000660658
0.000756264
0.000659943
0.000756025
0.000739098
0.000788450
0.000726461
0.000741720
0.000740051
0.000763655
0.000739336
0.000864029
0.000669003
0.000746012
0.000641346
0.000690937
0.000861883
0.000732660
0.000728130
0.000761747
0.000718117
0.000736237
0.000696182
0.000728846
