0.131783724
0.081943750
0.031440735
0.000211239
0.000265121
0.000306606
0.000266314
0.000302553
0.000257254
0.000240326
0.000299215
0.000301600
0.000315428
0.000262022
0.000219822
0.000234604
0.000284433
0.000236273
0.000209093
0.000235319
0.000186682
0.000192404
0.000208139
0.000225306
0.000290871
0.000245094
0.000291348
0.000221729
0.000300884
0.000348330
0.000250578
0.000234365
0.000177145
0.000460863
0.000204086
0.000175714
0.000185013
0.000166416
0.000163555
0.000182390
0.000181437
0.000195026
0.000182390
0.000201225
0.000179052
0.000239372
0.000344992
0.000219345
0.000236511
0.000188828
0.000185013
0.000178576
0.000168324
0.000397921
0.000215530
0.000193119
0.000173330
0.000185251
0.000300169
0.000180960
0.000214100
0.000240088
0.000258923
0.000202417
0.000219584
0.000218153
0.000215769
0.000238657
0.000215292
0.000291586
0.000226498
0.000211716
0.000208378
0.000183105
0.000237703
0.000214338
0.000169992
0.000139952
0.000180483
0.000189781
0.000175476
0.000187635
0.000199556
0.000312328
0.000297546
0.000262737
0.000319958
0.000271320
0.000290632
0.000288725
0.000337839
0.000344038
0.000236750
0.000266314
0.000329733
0.000307322
0.000230074
0.000267744
0.000344276
0.000302553
