0.001035452
0.001197577
0.001155376
0.001110077
0.001170635
0.001213312
0.001157761
0.001176834
0.001159906
0.001144409
0.001135588
0.001214504
0.001188993
0.001188755
0.001105547
0.001177788
0.001147032
0.001121521
0.001172543
0.001208305
0.001197338
0.001028776
0.001237154
0.001186848
0.000872374
0.001209736
0.001162291
0.001210690
0.001134396
0.001262426
0.001274347
0.001135826
0.001185179
0.001225233
0.001104116
0.001220703
0.001201868
0.001120806
0.001182318
0.001107216
0.001072168
0.001137257
0.001161814
0.001138210
0.001168251
0.001135111
0.001105309
0.001054764
0.001166582
0.001112461
0.001141310
0.001157999
0.001148701
0.001221418
0.001133204
0.001109600
0.001069307
0.001046896
0.001159668
0.001186371
0.001116991
0.001048326
0.001143456
0.001082897
0.001187563
0.001185656
0.001164198
0.001059532
0.001152515
0.000903845
0.001163721
0.001194000
0.001213074
0.001115084
0.001093626
0.001135349
0.001158714
0.001065254
0.001118422
0.000970602
0.001259804
0.001189709
0.001064777
0.001092672
0.001172543
0.000947714
0.001084805
0.001122713
0.001165152
0.001047373
0.001185656
0.001132488
0.001198292
0.001149178
0.001207829
0.001092911
0.001106262
0.001095772
0.001057625
0.001167297
