0.011548281
0.003637075
0.002920151
0.002995491
0.003298521
0.003660917
0.003291607
0.003559113
0.003427744
0.003340483
0.003651857
0.003528357
0.003543615
0.003790617
0.003360987
0.003111124
0.003112555
0.003391504
0.003692150
0.003015518
0.003032684
0.012806416
0.003548622
0.003571033
0.003394127
0.003186941
0.002954960
0.011888981
0.003685951
0.002931833
0.002931356
0.003327131
0.003364086
0.003503799
0.003488064
0.003106833
0.003480673
0.003199816
0.003512144
0.003428936
0.003427267
0.003526449
0.003247738
0.003472328
0.003078938
0.003670454
0.003206730
0.003162622
0.003404140
0.003238201
0.003481150
0.003653049
0.003306389
0.003350496
0.003498077
0.003623962
0.003230333
0.003709793
0.003522635
0.003208876
0.003083229
0.012773991
0.003248930
0.012674332
0.003476381
0.003692150
0.003430843
0.002938986
0.002979517
0.003867626
0.003604889
0.003484726
0.003097296
0.003717422
0.003265619
0.002945662
0.002969265
0.003905773
0.003499508
0.002990246
0.002888441
0.012644529
0.004106283
0.003096819
0.002933502
0.012897491
0.003380537
0.002964020
0.003195047
0.003387690
0.003696203
0.003409863
0.003545761
0.003303051
0.003544331
0.003164053
0.003003120
0.003459692
0.003433943
0.003515244
