0.018387794
0.010992050
0.011377811
0.011885881
0.011444092
0.010195017
0.011354446
0.010571718
0.010281324
0.010579586
0.010446072
0.010354042
0.011010647
0.011008501
0.011784554
0.010802984
0.011102676
0.011249304
0.011469603
0.029156685
0.011553288
0.011458635
0.011645555
0.023920059
0.021166563
0.017828941
0.011021137
0.020308495
0.010847569
0.019664764
0.011461735
0.014789820
0.010761261
0.009933710
0.019673347
0.010620832
0.018975735
0.010830402
0.010528564
0.017009735
0.011336565
0.015110016
0.011671066
0.012976646
0.011802197
0.011155128
0.010113001
0.030476332
0.011855602
0.019764185
0.011262655
0.011258841
0.020179033
0.011640549
0.010576248
0.021687269
0.010115147
0.010517836
0.010400295
0.010822773
0.010998726
0.011159182
0.012001753
0.012066126
0.011646032
0.018925667
0.010762691
0.009571552
0.010954142
0.011137009
0.009967804
0.010802746
0.011194468
0.011105061
0.011755466
0.011934280
0.011657476
0.016937494
0.011574268
0.010954857
0.010369062
0.010835171
0.019792557
0.011898994
0.011329174
0.011383295
0.011549234
0.018549919
0.010075569
0.010595083
0.011003733
0.010965586
0.011187077
0.010769129
0.011506557
0.021837950
0.011654139
0.011762142
0.010909319
0.011603594
