0.001810789
0.001829386
0.001799345
0.001695633
0.001672268
0.001698494
0.001818180
0.001715183
0.001897097
0.001935720
0.002175331
0.001869202
0.011709452
0.001861334
0.001870394
0.001688719
0.001850843
0.001982689
0.002074480
0.001595020
0.001794338
0.001788378
0.001852751
0.001700401
0.001768589
0.001793385
0.001843452
0.001666307
0.001695633
0.001856327
0.001873970
0.012420654
0.001802683
0.001807690
0.001713991
0.001803398
0.001905680
0.001754522
0.001980305
0.001773119
0.001770973
0.001859665
0.001782417
0.001754522
0.001699209
0.001844168
0.001773119
0.011976242
0.001814365
0.001778603
0.001800299
0.001658440
0.001729488
0.001700878
0.001868486
0.001755714
0.001797199
0.001771450
0.001750469
0.001748800
0.001851082
0.001682520
0.001779079
0.001747131
0.001827955
0.001790285
0.001697063
0.001690149
0.001684427
0.001798153
0.001713991
0.001653910
0.001754761
0.001645327
0.001718044
0.001849174
0.001889944
0.001747608
0.001737356
0.001676798
0.001723289
0.001745224
0.001735449
0.001639366
0.001810312
0.001751184
0.001698017
0.001707554
0.001783848
0.001640558
0.001806498
0.001789808
0.001752853
0.001744986
0.001744509
0.001770496
0.001832008
0.001884222
0.001802921
0.001881361
