0.000720501
0.000697851
0.000615120
0.000643015
0.000599384
0.000667572
0.000614882
0.000652790
0.000633717
0.000638962
0.000662327
0.000654459
0.000597954
0.000653028
0.000614166
0.000626087
0.000655890
0.000689507
0.000582457
0.000624180
0.000613213
0.000680685
0.000656605
0.000656843
0.000625610
0.000681877
0.000604391
0.000654697
0.000651360
0.000704527
0.000648975
0.000689983
0.000642061
0.000663519
0.000725031
0.000687838
0.000670671
0.000603676
0.000600815
0.000657558
0.000642061
0.000677586
0.000627518
0.000683308
0.000644922
0.000691652
0.000581503
0.000674486
0.000632286
0.000714064
0.000640154
0.000700712
0.000668526
0.000755310
0.000663042
0.000514030
0.000628710
0.000702858
0.000634909
0.000684023
0.000644207
0.000694990
0.000607729
0.000597239
0.000646114
0.000705481
0.000633478
0.000712872
0.000666380
0.000679493
0.000632048
0.000715017
0.000662327
0.000711203
0.000661135
0.000534058
0.000643253
0.000707388
0.000662327
0.000699520
0.000629187
0.000623941
0.000624418
0.000682354
0.000661850
0.000680447
0.000663280
0.000679493
0.000627756
0.000687838
0.000621796
0.000700474
0.000637770
0.000681162
0.000619411
0.000698090
0.000659466
0.000663519
0.000629663
0.000735521
