0.000311613
0.000364780
0.000282526
0.000346899
0.000308514
0.000325203
0.000367403
0.000281572
0.000325203
0.000319719
0.000329018
0.000276804
0.000308037
0.000329733
0.000375509
0.000383139
0.000359297
0.000316620
0.000349522
0.000319719
0.000291824
0.000322819
0.000329256
0.000305891
0.000345707
0.000355959
0.000308514
0.000297070
0.000382662
0.000300407
0.000297546
0.000318289
0.000314713
0.000401974
0.000307322
0.000303507
0.000302315
0.000305891
0.000287056
0.000288486
0.000317097
0.000307798
0.000238895
0.000304222
0.000309229
0.000362635
0.000305176
0.000283718
0.000295162
0.000309467
0.000337601
0.000335932
0.000364065
0.000303984
0.000347614
0.000302315
0.000280619
0.000273466
0.000281811
0.000290394
0.000302553
0.000306368
0.000263214
0.000313759
0.000344515
0.000293732
0.000404358
0.000316381
0.000321388
0.000299931
0.000276566
0.000312805
0.000305414
0.000329018
0.000296831
0.000275850
0.000276566
0.000315666
0.000396967
0.000301361
0.000298977
0.000301838
0.000282049
0.000363827
0.000342369
0.000447512
0.000283241
0.000304461
0.000386715
0.000471592
0.000310898
0.000365734
0.000311136
0.000372648
0.000280380
0.000363827
0.000377655
0.000305414
0.000379801
0.000287533
