0.000364780
0.000280380
0.000273705
0.000284433
0.000318766
0.000323534
0.000322104
0.000320196
0.000297546
0.000303984
0.000288486
0.000294685
0.000293732
0.000297308
0.000278473
0.000281572
0.000347137
0.000272751
0.000260353
0.000305891
0.000288248
0.000294209
0.000285864
0.000264645
0.000316858
0.000297785
0.000286341
0.000308037
0.000278711
0.000259638
0.000296593
0.000295162
0.000298500
0.000278473
0.000267982
0.000296831
0.000330925
0.000295401
0.000260830
0.000245333
0.000316858
0.000279188
0.000225544
0.000301361
0.000271559
0.000260592
0.000293970
0.000277519
0.000295401
0.000281572
0.000259876
0.000273705
0.000280142
0.000299454
0.000317335
0.000265837
0.000267744
0.000282764
0.000276804
0.000278234
0.000284910
0.000279188
0.000231981
0.000273943
0.000283957
0.000264645
0.000318050
0.000349760
0.000293016
0.000296831
0.000355482
0.000301361
0.000282764
0.000295639
0.000265121
0.000293732
0.000341892
0.000286341
0.000296354
0.000294685
0.000273228
0.000273466
0.000273466
0.000274897
0.000314713
0.000275612
0.000275135
0.000297785
0.000274181
0.000286102
0.000313520
0.000305414
0.000312567
0.000277042
0.000348091
0.000276089
0.000299692
0.000301361
0.000257730
0.000273705
