0.061784983
0.012477875
0.000201464
0.000226021
0.000292778
0.000275135
0.000276327
0.000272512
0.000315428
0.000252724
0.000298738
0.000289917
0.000301838
0.000309706
0.000292063
0.000292063
0.000277996
0.000290394
0.000338554
0.000279665
0.000299215
0.000287294
0.000286818
0.000284433
0.000324011
0.000255585
0.000236273
0.000235319
0.000252962
0.000225306
0.000280619
0.000235796
0.000236988
0.000267744
0.000291348
0.000209570
0.000428915
0.000315666
0.000303984
0.000593185
0.000601053
0.000247002
0.000154495
0.000285387
0.000509024
0.000214577
0.000248194
0.000240803
0.000202179
0.000292063
0.000228643
0.000259161
0.000348330
0.000310183
0.000282526
0.000284195
0.000360489
0.000298738
0.000366688
0.000329256
0.000279665
0.000252485
0.000222206
0.000286341
0.000219584
0.000301123
0.000260830
0.000280857
0.000269890
0.000327826
0.000265360
0.000303745
0.000246525
0.000296116
0.000310898
0.000240564
0.000355005
0.000258923
0.000241041
0.000320435
0.000230789
0.000301123
0.000356674
0.000330448
0.000284672
0.000346422
0.000299215
0.000307560
0.000255585
0.000362635
0.000304222
0.000299692
0.000378609
0.000296354
0.000236273
0.000267982
0.000293255
0.000338316
0.000335455
0.000270605
