0.000276804
0.000280857
0.000271082
0.000261545
0.000277042
0.000289679
0.000264645
0.000271797
0.000271797
0.000262260
0.000258684
0.000272989
0.000298977
0.000269175
0.000344753
0.000289917
0.000299215
0.000294685
0.000282288
0.000249386
0.000297785
0.000296831
0.000309467
0.000312567
0.000309944
0.000278950
0.000261784
0.000303745
0.000285387
0.000343323
0.000331640
0.000284910
0.000321865
0.000287056
0.000298262
0.000343323
0.000313044
0.000344038
0.000344276
0.000347853
0.000264406
0.000283718
0.000304222
0.000290871
0.000298500
0.000293016
0.000347376
0.000339746
0.000414848
0.000352383
0.000303030
0.000313282
0.000310421
0.000315428
0.000312328
0.000300646
0.000299454
0.000306368
0.000295401
0.000317097
0.000333786
0.000308275
0.000288725
0.000300169
0.000302076
0.000310898
0.000345707
0.000307798
0.000313997
0.000313520
0.000298023
0.000292063
0.000327110
0.000317812
0.000323534
0.000265360
0.000298262
0.000293732
0.000311613
0.000307798
0.000324011
0.000313759
0.000291586
0.000300884
0.000341892
0.000323772
0.000317097
0.000327826
0.000304222
0.000341654
0.000304699
0.000358582
0.000300884
0.000286102
0.000328064
0.000327826
0.000331163
0.000296831
0.000344753
0.000278234
