0.000355959
0.000364780
0.000331640
0.000248671
0.000261068
0.000338554
0.000369310
0.000341415
0.000357151
0.000321150
0.000335932
0.000338316
0.000336409
0.000342131
0.000324488
0.000342369
0.000340223
0.000334501
0.000370502
0.000360489
0.000344276
0.000370979
0.000344992
0.000342131
0.000373840
0.000346184
0.000288248
0.000342607
0.000282288
0.000348091
0.000324011
0.000253916
0.000336647
0.000313282
0.000367641
0.000338554
0.000337601
0.000275135
0.000356436
0.000343561
0.000281811
0.000361204
0.000318527
0.000370264
0.000343800
0.000362158
0.000356674
0.000355959
0.000339031
0.000319242
0.000345469
0.000345707
0.000336647
0.000275135
0.000370264
0.000296116
0.000294685
0.000314474
0.000309944
0.000351191
0.000268698
0.000302553
0.000305891
0.000316381
0.000304461
0.000304222
0.000286341
0.000305176
0.000303268
0.000317812
0.000321150
0.000302315
0.000307322
0.000316858
0.000307798
0.000306845
0.000307798
0.000306606
0.000289440
0.000305891
0.000305176
0.000286579
0.000305414
0.000289917
0.000288486
0.000306606
0.000305891
0.000307798
0.000309944
0.000293493
0.000305891
0.000288963
0.000300884
0.000289679
0.000250101
0.000302076
0.000305176
0.000309944
0.000289917
0.000287294
