0.015457869
0.006410360
0.005672693
0.014161348
0.005961657
0.005756378
0.005693197
0.005863905
0.005735636
0.006291151
0.005772591
0.005738020
0.005801201
0.005882263
0.005666018
0.015358686
0.005982399
0.005595922
0.005737543
0.005644560
0.005890846
0.005876780
0.018653870
0.006102800
0.006079197
0.006172180
0.005990028
0.006191254
0.005968809
0.005817413
0.005871058
0.006386757
0.006218672
0.006317377
0.014331818
0.018183470
0.013299227
0.005256653
0.005105495
0.005345106
0.005285501
0.005345821
0.005283117
0.005412817
0.005555391
0.005390882
0.005314350
0.005392551
0.005240917
0.005411148
0.005392790
0.005477905
0.005422831
0.005294800
0.005419731
0.005009174
0.005368471
0.005476236
0.005455971
0.005381346
0.014389515
0.005599022
0.005403042
0.005246878
0.005120277
0.005357742
0.005326748
0.005446672
0.005323887
0.005315542
0.005181074
0.018635750
0.005798578
0.005835295
0.005764961
0.005918264
0.005752802
0.005877256
0.005719900
0.019166946
0.005727530
0.005560875
0.005545616
0.005743980
0.005553246
0.005731344
0.005689859
0.005764723
0.005761623
0.005750895
0.005652428
0.005917311
0.006199360
0.005615473
0.005762577
0.005736113
0.005705833
0.005793571
0.005694628
0.005842686
