0.000301123
0.000389814
0.000287056
0.000325441
0.000323057
0.000331402
0.000341654
0.000391722
0.000314474
0.000336409
0.000401497
0.000325203
0.000347137
0.000366688
0.000406265
0.000392437
0.000378609
0.000360012
0.000345230
0.000353813
0.000338793
0.000392675
0.000363111
0.000338793
0.000417709
0.000377178
0.000327587
0.000367403
0.000317335
0.000383615
0.000313759
0.000316858
0.000315666
0.000331879
0.000378132
0.000376463
0.000402689
0.000318766
0.000315189
0.000332594
0.000332355
0.000328064
0.000345230
0.000295639
0.000324249
0.000317097
0.000304937
0.000283241
0.000305414
0.000323057
0.000316620
0.000344515
0.000319004
0.000307083
0.000318289
0.000232935
0.000278711
0.000319242
0.000318527
0.000367403
0.000361919
0.000276804
0.000291348
0.000317335
0.000305653
0.000304222
0.000316858
0.000317574
0.000330687
0.000351429
0.000316143
0.000315905
0.000318289
0.000318527
0.000311136
0.000371933
0.000322342
0.000345707
0.000338554
0.000306368
0.000307322
0.000352144
0.000319481
0.000307798
0.000284433
0.000337601
0.000325918
0.000319719
0.000318050
0.000327826
0.000318527
0.000287056
0.000316858
0.000308990
0.000259399
0.000335455
0.000314474
0.000351906
0.000357866
0.000343800
