0.000435591
0.000334740
0.000315905
0.000350952
0.000333548
0.000310898
0.000328779
0.000300407
0.000370741
0.000327110
0.000328541
0.000326633
0.000332594
0.000374794
0.000312328
0.000330210
0.000300646
0.000344992
0.000358582
0.000331879
0.000328541
0.000329733
0.000297785
0.000373602
0.000259399
0.000327110
0.000331402
0.000334024
0.000337362
0.000329018
0.000329018
0.000368595
0.000339746
0.000358105
0.000404119
0.000318050
0.000319242
0.000293732
0.000324965
0.000346899
0.000334740
0.000303268
0.000335217
0.000336647
0.000335693
0.000334978
0.000315189
0.000305414
0.000369549
0.000334501
0.000332594
0.000338316
0.000335693
0.000377893
0.000331640
0.000349998
0.000344038
0.000315428
0.000362158
0.000425339
0.000315905
0.000274658
0.000297546
0.000329494
0.000339031
0.000316620
0.000352621
0.000349283
0.000369310
0.000338793
0.000337839
0.000346899
0.000338554
0.000369787
0.000340700
0.000338793
0.000345469
0.000373125
0.000373602
0.000350237
0.000339508
0.000372171
0.000340223
0.000367403
0.000340462
0.000341415
0.000342607
0.000352859
0.000335455
0.000340700
0.000339746
0.000339031
0.000339746
0.000369549
0.000343323
0.000335455
0.000344276
0.000340939
0.000380039
0.000288486
