0.000339985
0.000349045
0.000436068
0.000378847
0.000417471
0.000446081
0.000411034
0.000374317
0.000393629
0.000362396
0.000372171
0.000425100
0.000391483
0.000369787
0.000439405
0.000334740
0.000434160
0.000367880
0.000407219
0.000330448
0.000418663
0.000333309
0.000372171
0.000458241
0.000383615
0.000389338
0.000426769
0.000363350
0.000387907
0.000428915
0.000408649
0.000365734
0.000413179
0.000363111
0.000451326
0.000415564
0.000384331
0.000392199
0.000400782
0.000405073
0.000414371
0.000439405
0.000399590
0.000384331
0.000422478
0.000371695
0.000382900
0.000404119
0.000383377
0.000425816
0.000425100
0.000367403
0.000382185
0.000407457
0.000398397
0.000364780
0.000420809
0.000391245
0.000389338
0.000560760
0.000384808
0.000385046
0.000422239
0.000397444
0.000385046
0.000425816
0.000396729
0.000387430
0.000403881
0.000386238
0.000375509
0.000432491
0.000383854
0.000382185
0.000429153
0.000380516
0.000386477
0.000422716
0.000364304
0.000393867
0.000402451
0.000382662
0.000391722
0.000419855
0.000395536
0.000384808
0.000420332
0.000378847
0.000391722
0.000424862
0.000387192
0.000365257
0.000399590
0.000388861
0.000388861
0.000468731
0.000384331
0.000390768
0.000420094
0.000392675
