0.000341654
0.000326157
0.000279903
0.000311852
0.000303507
0.000285864
0.000309944
0.000298262
0.000299931
0.000362873
0.000307322
0.000302076
0.000278473
0.000312090
0.000254631
0.000262499
0.000288486
0.000328302
0.000336409
0.000319958
0.000263214
0.000301361
0.000277758
0.000326872
0.000249863
0.000335455
0.000277758
0.000286579
0.000338554
0.000321865
0.000348330
0.000299931
0.000274658
0.000348091
0.000229120
0.000320911
0.000359297
0.000280619
0.000293970
0.000286818
0.000348568
0.000266314
0.000309467
0.000353098
0.000314474
0.000350237
0.000338554
0.000384331
0.000375748
0.000304222
0.000291348
0.000281334
0.000383854
0.000392914
0.000302315
0.000276089
0.000532150
0.000279188
0.000286579
0.000270844
0.000270605
0.000278473
0.000287533
0.000282764
0.000262022
0.000268698
0.000255823
0.000358343
0.000310659
0.000299692
0.000297070
0.000295401
0.000330210
0.000250101
0.000281572
0.000294685
0.000337362
0.000289202
0.000272036
0.000303984
0.000293732
0.000318527
0.000306606
0.000293493
0.000296593
0.000297546
0.000297785
0.000272751
0.000281096
0.000249624
0.000265837
0.000287056
0.000306129
0.000293016
0.000279665
0.000295877
0.000298262
0.000287771
0.000264883
0.000297070
