0.013784409
0.004120111
0.003950357
0.003857851
0.003942728
0.003968477
0.003983498
0.003904104
0.003874540
0.003868341
0.003776550
0.003872156
0.003940582
0.003816128
0.003937960
0.003925323
0.003888369
0.003852129
0.003905296
0.003831625
0.004051924
0.012698412
0.003864527
0.003931761
0.003836155
0.003844976
0.003827333
0.004049063
0.003946304
0.003946543
0.004270315
0.003864050
0.003948689
0.003900051
0.003882885
0.003909349
0.003834248
0.003990889
0.003910303
0.003875256
0.003942251
0.003854513
0.003927231
0.003952742
0.003963947
0.003930569
0.003970623
0.004075050
0.003827095
0.003898621
0.003962040
0.003934622
0.003873110
0.003831148
0.003917456
0.003864765
0.003885984
0.003948450
0.003969669
0.003882885
0.003988743
0.003900528
0.003931761
0.003897667
0.003852606
0.003887892
0.003872156
0.004005194
0.003944397
0.003911734
0.003905296
0.003908873
0.003897905
0.012705564
0.003865480
0.003945589
0.003941774
0.003524542
0.012794971
0.003906012
0.003821611
0.003939152
0.003788948
0.003940105
0.003806353
0.004012585
0.003835440
0.004089117
0.003831387
0.003874063
0.003888369
0.003902435
0.003862381
0.003952980
0.003964424
0.003967762
0.003979921
0.004132271
0.003833532
0.004218578
