0.000200510
0.000280142
0.000226974
0.000231981
0.000249386
0.000225782
0.000277519
0.000252962
0.000215530
0.000278234
0.000276089
0.000226259
0.000269651
0.000276566
0.000277281
0.000275850
0.000274420
0.000226736
0.000275373
0.000217438
0.000225782
0.000216007
0.000281572
0.000250340
0.000277996
0.000235796
0.000250578
0.000276566
0.000234127
0.000277281
0.000288725
0.000220299
0.000250340
0.000327587
0.000215769
0.000276804
0.000218153
0.000267506
0.000297308
0.000214815
0.000254393
0.000279188
0.000277519
0.000278234
0.000277042
0.000251532
0.000279665
0.000276804
0.000250340
0.000277281
0.000239611
0.000233412
0.000234365
0.000283718
0.000281811
0.000274658
0.000275373
0.000277758
0.000273466
0.000315428
0.000277042
0.000251532
0.000277519
0.000265598
0.000298500
0.000231266
0.000303507
0.000249624
0.000321627
0.000276327
0.000281572
0.000278950
0.000265121
0.000276089
0.000276804
0.000276566
0.000279903
0.000225306
0.000298023
0.000277281
0.000276804
0.000278473
0.000296831
0.000278711
0.000277996
0.000262737
0.000242472
0.000234365
0.000232935
0.000277996
0.000276804
0.000251770
0.000264883
0.000280142
0.000277996
0.000218391
0.000245571
0.000229597
0.000263929
0.000216007
