0.000344276
0.000278473
0.000270367
0.000302076
0.000292540
0.000315666
0.000311136
0.000311136
0.000284433
0.000269413
0.000276327
0.000286341
0.000284910
0.000313520
0.000322104
0.000285625
0.000270367
0.000252962
0.000287771
0.000309706
0.000277042
0.000286818
0.000313044
0.000298023
0.000290871
0.000255346
0.000286341
0.000256777
0.000286579
0.000264406
0.000241041
0.000266552
0.000244141
0.000286818
0.000230551
0.000298262
0.000284910
0.000311613
0.000329494
0.000259161
0.000223637
0.000283241
0.000285625
0.000292540
0.000286102
0.000282526
0.000257730
0.000231981
0.000277281
0.000245810
0.000275850
0.000309706
0.000216961
0.000295877
0.000293732
0.000269175
0.000256062
0.000255823
0.000308514
0.000282764
0.000256300
0.000284433
0.000285864
0.000285864
0.000290632
0.000313044
0.000309706
0.000312328
0.000317335
0.000312328
0.000298500
0.000311852
0.000295639
0.000291824
0.000234842
0.000312090
0.000233173
0.000244141
0.000340700
0.000280619
0.000295639
0.000286341
0.000287056
0.000280142
0.000259399
0.000285625
0.000286818
0.000293970
0.000340223
0.000288725
0.000259399
0.000334263
0.000258923
0.000314474
0.000266314
0.000311375
0.000260830
0.000246763
0.000284910
0.000267506
