0.000583172
0.000530005
0.000479937
0.000522375
0.000529289
0.000572920
0.000548601
0.000570297
0.000578880
0.000568390
0.000567436
0.000744104
0.000537157
0.000532389
0.000550032
0.000564337
0.000529051
0.000556231
0.000541449
0.000573397
0.000545263
0.000576735
0.000536680
0.000529289
0.000546455
0.000548124
0.000526905
0.000556946
0.000533104
0.000535965
0.000539064
0.000537634
0.000547171
0.000526428
0.000481367
0.000546455
0.000529528
0.000564814
0.000550270
0.000553608
0.000533819
0.000532627
0.000488043
0.000575542
0.000571489
0.000536442
0.000541449
0.000542164
0.000554323
0.000534058
0.000563383
0.000551939
0.000531912
0.000533581
0.000542402
0.000536442
0.000534058
0.000539541
0.000554085
0.000530243
0.000542641
0.000568390
0.000534296
0.000550270
0.000541687
0.000558138
0.000530243
0.000544310
0.000544310
0.000533581
0.000582695
0.000535250
0.000543833
0.000566483
0.000536919
0.000527859
0.000540733
0.000534534
0.000542879
0.000567675
0.000564814
0.000535250
0.000568151
0.000566721
0.000563860
0.000573874
0.000550032
0.000556231
0.000535011
0.000574827
0.000541449
0.000525236
0.000567198
0.000573397
0.000534058
0.000547647
0.000552177
0.000537395
0.000535488
0.000502110
