0.000320911
0.000307798
0.000294924
0.000275850
0.000327349
0.000368834
0.000323296
0.000311136
0.000354528
0.000327587
0.000329733
0.000369072
0.000321388
0.000324965
0.000354767
0.000321388
0.000307798
0.000339270
0.000326157
0.000292540
0.000362873
0.000317812
0.000325680
0.000297546
0.000327349
0.000305891
0.000357389
0.000280380
0.000326395
0.000426292
0.000327587
0.000293493
0.000338793
0.000323057
0.000261784
0.000359535
0.000308275
0.000332594
0.000333309
0.000316381
0.000268698
0.000311852
0.000304699
0.000329256
0.000310659
0.000304222
0.000307322
0.000339508
0.000369072
0.000278711
0.000330448
0.000324965
0.000329494
0.000351667
0.000360012
0.000309467
0.000332594
0.000309229
0.000292540
0.000372648
0.000311613
0.000307083
0.000344276
0.000295401
0.000311136
0.000332355
0.000301600
0.000297546
0.000331640
0.000281572
0.000312567
0.000384092
0.000285625
0.000307322
0.000343323
0.000299454
0.000310421
0.000330448
0.000295401
0.000303268
0.000322580
0.000348568
0.000296116
0.000330448
0.000301600
0.000296354
0.000358343
0.000318050
0.000295877
0.000334024
0.000309706
0.000307322
0.000329494
0.000291109
0.000305414
0.000341177
0.000339746
0.000308514
0.000329971
0.000319004
