0.000234127
0.000257969
0.000232935
0.000243664
0.000233173
0.000339508
0.000277519
0.000229597
0.000267744
0.000288248
0.000232220
0.000201225
0.000227928
0.000255823
0.000217438
0.000217438
0.000277281
0.000250816
0.000277519
0.000328302
0.000234842
0.000286818
0.000279665
0.000233412
0.000277996
0.000277519
0.000280142
0.000234842
0.000251532
0.000262260
0.000279427
0.000215769
0.000253439
0.000277758
0.000232935
0.000263453
0.000285625
0.000278473
0.000277996
0.000268936
0.000277281
0.000302792
0.000278473
0.000216722
0.000277996
0.000218153
0.000277519
0.000250816
0.000276804
0.000281811
0.000219345
0.000262499
0.000276327
0.000244379
0.000277281
0.000277042
0.000277758
0.000250578
0.000277042
0.000280619
0.000278711
0.000248671
0.000279427
0.000280619
0.000217438
0.000278950
0.000245571
0.000266314
0.000279427
0.000252247
0.000260592
0.000246763
0.000277042
0.000253439
0.000277281
0.000277758
0.000302792
0.000251293
0.000278234
0.000313759
0.000239849
0.000273228
0.000306368
0.000213385
0.000226259
0.000236750
0.000277758
0.000294924
0.000275135
0.000250816
0.000229120
0.000286102
0.000230789
0.000279427
0.000296593
0.000282526
0.000277996
0.000232935
0.000273466
0.000279665
