0.000298500
0.000230789
0.000259876
0.000258923
0.000314236
0.000262022
0.000301361
0.000235558
0.000278711
0.000235558
0.000268459
0.000279665
0.000278950
0.000263214
0.000316620
0.000303268
0.000310898
0.000304222
0.000329494
0.000302792
0.000256538
0.000239372
0.000242710
0.000331163
0.000305891
0.000235319
0.000305414
0.000302076
0.000303745
0.000302553
0.000303745
0.000268936
0.000273466
0.000305653
0.000292063
0.000260353
0.000233173
0.000235081
0.000235319
0.000269175
0.000304222
0.000293493
0.000262499
0.000304222
0.000301838
0.000303984
0.000299692
0.000303984
0.000288725
0.000235558
0.000339985
0.000290155
0.000268936
0.000245571
0.000300169
0.000303984
0.000313044
0.000314713
0.000268698
0.000313044
0.000299931
0.000270367
0.000309467
0.000314474
0.000303507
0.000255346
0.000236034
0.000247955
0.000329733
0.000237703
0.000234604
0.000233173
0.000313520
0.000302076
0.000304222
0.000313759
0.000330687
0.000227451
0.000304937
0.000289679
0.000239611
0.000305176
0.000234604
0.000221014
0.000300884
0.000304222
0.000301600
0.000236750
0.000302076
0.000321388
0.000301361
0.000304937
0.000324965
0.000301600
0.000331402
0.000306845
0.000300407
0.000303984
0.000269413
0.000276089
