0.064535141
0.014395952
0.000206947
0.000242949
0.000233889
0.000237465
0.000263453
0.000148058
0.000232935
0.000341654
0.000235081
0.000236511
0.000253677
0.000239372
0.000232697
0.000240564
0.000241518
0.000233889
0.000236034
0.000240564
0.000220299
0.000220060
0.000231028
0.000232220
0.000231504
0.000231028
0.000213861
0.000220537
0.000234604
0.000208139
0.000232697
0.000247002
0.000233173
0.000233412
0.000232935
0.000230074
0.000234842
0.000251055
0.000234604
0.000278473
0.000236750
0.000259876
0.000235796
0.000231743
0.000241041
0.000230312
0.000239372
0.000234604
0.000233889
0.000247717
0.000231743
0.000246286
0.000205278
0.000231028
0.000264883
0.000234127
0.000238180
0.000232935
0.000234127
0.000241518
0.000232220
0.000234127
0.000238657
0.000235558
0.000203609
0.000233650
0.000229359
0.000260115
0.000216722
0.000383615
0.000237465
0.000238419
0.000233650
0.000185728
0.000234127
0.000230789
0.000201225
0.000256062
0.000232220
0.000233173
0.000244141
0.000237465
0.000232458
0.000231981
0.000230789
0.000231028
0.000234127
0.000251770
0.000187159
0.000257730
0.000237465
0.000237226
0.000233889
0.000232220
0.000264645
0.000230551
0.000236034
0.000255585
0.000250101
0.000199795
