0.011554718
0.000778675
0.000726938
0.000741005
0.000828266
0.000896931
0.000863314
0.000855923
0.000865936
0.000859976
0.000838518
0.000780582
0.000838518
0.000911951
0.000781775
0.000841856
0.000901222
0.000944853
0.000828743
0.000850439
0.000714779
0.000854969
0.000880241
0.000820637
0.000873327
0.000869989
0.000937223
0.000862360
0.000857830
0.000835419
0.000861645
0.000845194
0.000896692
0.000865698
0.000838041
0.000833750
0.000865698
0.000836372
0.000714302
0.000893831
0.000906229
0.000906706
0.000853777
0.000904560
0.000770092
0.000844479
0.000863075
0.000753641
0.000907660
0.000750542
0.000897408
0.000854969
0.000781298
0.000735760
0.000948191
0.000834465
0.000848770
0.000890493
0.000932217
0.000889301
0.000865221
0.000845909
0.000850916
0.000725746
0.000837326
0.000897169
0.000832558
0.000891924
0.000879765
0.000875950
0.000822783
0.000974178
0.000840425
0.000945091
0.000837564
0.000875473
0.000844955
0.012360334
0.000845671
0.000791550
0.000847340
0.000823498
0.000899315
0.001027107
0.000856638
0.000896215
0.000913620
0.000854731
0.000813961
0.000853777
0.000851393
0.000873327
0.000882864
0.011961460
0.000938416
0.000845909
0.000759602
0.000829935
0.000922918
0.000950098
