0.012005091
0.002059460
0.002136469
0.002175093
0.002145529
0.002221346
0.002124071
0.002132893
0.002144337
0.002066851
0.002179623
0.002144814
0.002031565
0.002065182
0.002125263
0.002154350
0.002131939
0.002126455
0.002102852
0.002179146
0.002111435
0.002073765
0.002131462
0.002243757
0.002101183
0.002136230
0.002090931
0.002251148
0.002177954
0.002136230
0.002147913
0.002331257
0.002205372
0.002290010
0.002141953
0.002115726
0.002058029
0.002177238
0.002119064
0.002121449
0.002169371
0.002204418
0.002166271
0.002206087
0.002177715
0.002157927
0.002208948
0.002253056
0.002255201
0.002208471
0.002209187
0.002265215
0.002146959
0.002203703
0.002216578
0.002175808
0.002095699
0.002152205
0.002236843
0.002167463
0.002169847
0.002227783
0.002192259
0.002169609
0.002172232
0.002107382
0.002167702
0.002202511
0.002138376
0.002159595
0.002136707
0.002170086
0.002148867
0.002232313
0.002206802
0.002073288
0.002110481
0.002166986
0.002240896
0.002130032
0.002159119
0.002167940
0.002154350
0.002244473
0.002168179
0.002101898
0.002280235
0.002187490
0.002324820
0.002100945
0.002180815
0.002137899
0.002133369
0.002173901
0.002130747
0.002058744
0.002206087
0.002119064
0.002169132
0.002134085
