0.000277758
0.000308752
0.000259638
0.000258923
0.000274897
0.000282764
0.000275373
0.000267982
0.000298977
0.000297308
0.000232697
0.000297546
0.000301600
0.000231504
0.000297785
0.000233173
0.000328302
0.000278473
0.000278473
0.000229359
0.000320911
0.000269890
0.000235081
0.000294447
0.000291586
0.000314236
0.000299215
0.000298977
0.000296593
0.000285149
0.000304937
0.000298500
0.000234604
0.000325203
0.000226259
0.000297308
0.000249624
0.000304937
0.000297308
0.000232935
0.000286579
0.000268698
0.000236034
0.000290871
0.000299215
0.000235319
0.000300884
0.000315189
0.000236988
0.000303507
0.000325680
0.000239372
0.000231504
0.000224590
0.000305414
0.000239611
0.000267029
0.000277996
0.000298977
0.000274658
0.000267506
0.000301600
0.000298262
0.000279903
0.000231743
0.000297785
0.000301123
0.000332832
0.000280142
0.000282288
0.000253677
0.000267029
0.000297070
0.000257492
0.000302553
0.000297546
0.000303984
0.000303984
0.000291109
0.000299215
0.000266075
0.000231266
0.000297546
0.000299692
0.000310183
0.000297546
0.000241518
0.000297546
0.000297546
0.000258684
0.000266790
0.000281096
0.000296831
0.000233889
0.000299215
0.000298023
0.000297785
0.000297785
0.000296831
0.000257492
