0.000272751
0.000364065
0.000259399
0.000265360
0.000263929
0.000279665
0.000298262
0.000254154
0.000281572
0.000293970
0.000235796
0.000295162
0.000304937
0.000229120
0.000263929
0.000295639
0.000251532
0.000253201
0.000228643
0.000267506
0.000226736
0.000252008
0.000265837
0.000297308
0.000254393
0.000251055
0.000296354
0.000263214
0.000265121
0.000251293
0.000278711
0.000316620
0.000280619
0.000296354
0.000260353
0.000260353
0.000297308
0.000301361
0.000247002
0.000277042
0.000264406
0.000252008
0.000278234
0.000324726
0.000233173
0.000276327
0.000321865
0.000275135
0.000297308
0.000264168
0.000275373
0.000228643
0.000274420
0.000249147
0.000277996
0.000261545
0.000265837
0.000251055
0.000278234
0.000328541
0.000279427
0.000281572
0.000306845
0.000264406
0.000247002
0.000275612
0.000294924
0.000303984
0.000295877
0.000240326
0.000234365
0.000298500
0.000250340
0.000251532
0.000295877
0.000251055
0.000293255
0.000229836
0.000276327
0.000264168
0.000238419
0.000322104
0.000268221
0.000298977
0.000308752
0.000298977
0.000300646
0.000257254
0.000281096
0.000215769
0.000309944
0.000298977
0.000332117
0.000279188
0.000278473
0.000251532
0.000274181
0.000263929
0.000229120
0.000274181
