0.000371933
0.000342846
0.000310898
0.000364542
0.000308514
0.000330448
0.000403166
0.000346661
0.000326157
0.000345707
0.000308275
0.000406981
0.000343561
0.000349283
0.000307560
0.000359058
0.000302553
0.000344992
0.000307560
0.000346899
0.000308990
0.000343084
0.000305176
0.000329733
0.000304222
0.000348806
0.000298023
0.000344515
0.000308752
0.000342846
0.000299692
0.000334740
0.000306606
0.000340223
0.000287771
0.000349760
0.000312805
0.000349522
0.000308990
0.000346661
0.000312567
0.000340700
0.000304699
0.000340939
0.000306845
0.000346422
0.000313044
0.000343561
0.000287294
0.000352621
0.000308752
0.000331163
0.000307083
0.000348568
0.000302553
0.000341654
0.000302553
0.000347137
0.000303030
0.000348568
0.000318766
0.000349045
0.000303030
0.000332355
0.000303507
0.000337839
0.000308514
0.000348091
0.000310659
0.000343323
0.000307083
0.000344515
0.000300884
0.000359058
0.000288248
0.000341177
0.000308514
0.000328541
0.000306606
0.000343323
0.000291586
0.000349045
0.000305891
0.000332355
0.000301838
0.000336170
0.000301838
0.000342131
0.000308752
0.000346184
0.000298023
0.000330925
0.000310183
0.000350714
0.000298977
0.000348568
0.000311613
0.000352383
0.000298500
0.000338316
