0.000838995
0.000867844
0.000743628
0.000773430
0.000839472
0.000913620
0.000884771
0.000926018
0.000878334
0.000888824
0.000871897
0.000919819
0.001322269
0.000849009
0.000869513
0.000860929
0.000889540
0.000834942
0.000956059
0.000913620
0.000918627
0.000878096
0.000908852
0.000932693
0.000818968
0.000829697
0.000864744
0.000734568
0.000830889
0.000832081
0.000898361
0.000839233
0.000743389
0.000889301
0.000835896
0.000880480
0.000961781
0.000780582
0.000863075
0.000890732
0.000994921
0.000841141
0.000921249
0.000947237
0.000865221
0.000947475
0.000832796
0.000853062
0.000900745
0.000849247
0.000826359
0.000893831
0.000895262
0.000938654
0.000950098
0.000904322
0.000878572
0.000925779
0.000852585
0.000912189
0.000903845
0.000856876
0.000846386
0.000825644
0.000868082
0.000878096
0.000827551
0.000929832
0.000838995
0.000894547
0.000861883
0.000937223
0.000891685
0.000874519
0.000861168
0.000929832
0.000877380
0.000857353
0.000810146
0.000853539
0.000858784
0.000877380
0.000876904
0.000838757
0.000835419
0.000854492
0.000879765
0.000874519
0.000893831
0.000864744
0.000823021
0.000907898
0.000912666
0.000920534
0.000859976
0.000912905
0.000898361
0.000882387
0.000834465
0.000856161
