0.001957417
0.002081394
0.001888037
0.001865864
0.002016783
0.002087355
0.001853228
0.012064934
0.002025843
0.002073050
0.001993418
0.002006054
0.013101101
0.002124071
0.001874208
0.001948833
0.002019405
0.002074242
0.001896143
0.002054691
0.002038956
0.002012968
0.001996517
0.002130747
0.002082348
0.001896620
0.001920700
0.002086163
0.002012491
0.002057552
0.002028465
0.002088070
0.002040148
0.002086163
0.002011538
0.002034664
0.001921177
0.002055168
0.001899242
0.002054453
0.002022266
0.002050161
0.002124786
0.002065897
0.002036572
0.002064705
0.002032280
0.002030134
0.002007723
0.002074003
0.001999378
0.002068996
0.002039194
0.002060890
0.002056360
0.002097130
0.002037764
0.002052784
0.002127171
0.001945019
0.002010584
0.002089262
0.001987696
0.001987219
0.002021790
0.002013445
0.002041340
0.002051353
0.002072573
0.002039671
0.002038002
0.002059460
0.001997232
0.002000332
0.002034187
0.002075911
0.002071857
0.002082825
0.002072096
0.001984119
0.001896381
0.001830578
0.002396584
0.002104282
0.001998186
0.001917601
0.001853228
0.002036095
0.002025604
0.002057791
0.002020836
0.002063751
0.002050877
0.002032280
0.002002001
0.002031088
0.002050638
0.001981258
0.002037287
0.002141476
