0.001210213
0.001290321
0.001253843
0.001335382
0.001312494
0.001199007
0.001323700
0.001311541
0.001425982
0.001372814
0.001341105
0.001315594
0.001383781
0.001301289
0.001236916
0.001231432
0.001415253
0.001328230
0.001263618
0.001397133
0.001298666
0.001323938
0.011959791
0.001371622
0.001445293
0.001284122
0.001199007
0.001379013
0.001322269
0.001338482
0.001354694
0.001190186
0.001299381
0.001462698
0.001399279
0.001412392
0.001332283
0.001323223
0.001363993
0.001364946
0.001206160
0.001365662
0.001336575
0.001277208
0.001288414
0.001324892
0.001327515
0.001359224
0.001368761
0.001296759
0.001315594
0.001335859
0.001371145
0.001427412
0.001341105
0.001368761
0.001337051
0.001460552
0.001272202
0.001363516
0.001317739
0.001300097
0.001346111
0.001424551
0.001351118
0.001389265
0.001370668
0.001313925
0.001348734
0.001322985
0.001328707
0.001380682
0.001317263
0.001333237
0.001336575
0.001444340
0.001339197
0.001412630
0.001397133
0.001373529
0.001364470
0.001360893
0.001325607
0.001319647
0.001359701
0.001324654
0.001360893
0.001353741
0.001377344
0.001344919
0.001326561
0.001399755
0.001345396
0.001316309
0.001358509
0.001384735
0.001402378
0.001317739
0.001334906
0.001469851
