0.000297546
0.000240088
0.000226736
0.000258923
0.000299692
0.000248432
0.000254631
0.000243425
0.000226021
0.000226498
0.000286818
0.000227928
0.000267744
0.000298500
0.000269651
0.000287771
0.000265598
0.000239134
0.000258684
0.000298977
0.000294209
0.000279665
0.000276804
0.000300169
0.000280857
0.000289679
0.000250101
0.000274181
0.000283003
0.000258446
0.000302792
0.000244856
0.000288963
0.000266075
0.000288248
0.000272274
0.000279903
0.000251293
0.000215530
0.000288248
0.000287294
0.000259638
0.000288010
0.000273466
0.000293016
0.000257254
0.000288963
0.000268698
0.000228167
0.000483513
0.000326872
0.000301600
0.000316620
0.000311852
0.000326872
0.000278711
0.000326395
0.000300407
0.000327349
0.000302076
0.000290394
0.000329256
0.000334978
0.000267267
0.000270128
0.000272512
0.000271559
0.000248432
0.000288725
0.000301600
0.000273228
0.000246286
0.000255346
0.000256300
0.000296116
0.000294685
0.000311613
0.000280857
0.000302553
0.000278473
0.000346899
0.000281572
0.000288486
0.000331163
0.000294447
0.000254869
0.000288486
0.000328779
0.000256300
0.000282764
0.000282049
0.000258684
0.000317812
0.000314474
0.000265598
0.000317812
0.000314474
0.000295162
0.000315428
0.000286102
