0.000295639
0.000290632
0.000261545
0.000378370
0.000267267
0.000259161
0.000262976
0.000286579
0.000293970
0.000267267
0.000348568
0.000259876
0.000302792
0.000263214
0.000291586
0.000265598
0.000303507
0.000290394
0.000274897
0.000265837
0.000259161
0.000292778
0.000271320
0.000361443
0.000293732
0.000301838
0.000294447
0.000338554
0.000313997
0.000296116
0.000300646
0.000293493
0.000289679
0.000264168
0.000299454
0.000388145
0.000230074
0.000311852
0.000292063
0.000273466
0.000290632
0.000326157
0.000264645
0.000280142
0.000263214
0.000300884
0.000344753
0.000291348
0.000293255
0.000347614
0.000293255
0.000302792
0.000313282
0.000301838
0.000230551
0.000298738
0.000260830
0.000387907
0.000276566
0.000357389
0.000333071
0.000335455
0.000313997
0.000245571
0.000276804
0.000315189
0.000314474
0.000305414
0.000298738
0.000303507
0.000313044
0.000307560
0.000317335
0.000317335
0.000300407
0.000317097
0.000319958
0.000317335
0.000311613
0.000315666
0.000341654
0.000323772
0.000266552
0.000314713
0.000250340
0.000280619
0.000313520
0.000322819
0.000317812
0.000256062
0.000299215
0.000316381
0.000299215
0.000322104
0.000314236
0.000229120
0.000317097
0.000296116
0.000244617
0.000295639
