0.000362158
0.000401258
0.000395060
0.000343084
0.000399351
0.000385046
0.000398159
0.000329256
0.000434399
0.000347376
0.000376463
0.000362873
0.000302792
0.000329733
0.000430822
0.000338793
0.000394106
0.000388861
0.000394821
0.000389099
0.000445127
0.000380993
0.000359774
0.000379562
0.000414848
0.000345469
0.000388384
0.000331640
0.000400543
0.000380039
0.000375748
0.000395298
0.000433445
0.000327587
0.000366926
0.000375032
0.000409603
0.000340700
0.000433445
0.000343084
0.000343561
0.000371933
0.000395775
0.000397205
0.000426054
0.000375509
0.000328541
0.000383139
0.000368357
0.000329018
0.000445604
0.000329256
0.000345230
0.000384569
0.000396252
0.000357389
0.000432491
0.000329256
0.000344515
0.000490189
0.000347137
0.000333309
0.000368357
0.000325441
0.000345230
0.000426054
0.000318050
0.000342607
0.000385284
0.000389814
0.000326395
0.000435591
0.000346422
0.000327110
0.000374556
0.000403166
0.000328779
0.000432014
0.000398159
0.000331402
0.000383854
0.000412464
0.000345469
0.000433683
0.000342369
0.000371933
0.000362158
0.000396729
0.000345230
0.000414371
0.000400543
0.000374794
0.000416279
0.000325441
0.000329256
0.000400782
0.000334024
0.000398397
0.000381947
0.000319719
