0.000330925
0.000288010
0.000311613
0.000271320
0.000321627
0.000351429
0.000298262
0.000297070
0.000262976
0.000322819
0.000265837
0.000337839
0.000315428
0.000226974
0.000280142
0.000339031
0.000266314
0.000262499
0.000254393
0.000360250
0.000321627
0.000342607
0.000360012
0.000368357
0.000391722
0.000317335
0.000238657
0.000301838
0.000358582
0.000373602
0.000301838
0.000380039
0.000378370
0.000337124
0.000291109
0.000261784
0.000292540
0.000313044
0.000314951
0.000297070
0.000268698
0.000285387
0.000277758
0.000313997
0.000365257
0.000297308
0.000298500
0.000268936
0.000346184
0.000314951
0.000348091
0.000335455
0.000316143
0.000363111
0.000309706
0.000321865
0.000270367
0.000266075
0.000306129
0.000470161
0.000290394
0.000266075
0.000413418
0.000289917
0.000382662
0.000338078
0.000280857
0.000354767
0.000410795
0.000341415
0.000340939
0.000367641
0.000249147
0.000379562
0.000348806
0.000256300
0.000358105
0.000353575
0.000341654
0.000272751
0.000264168
0.000341177
0.000327349
0.000264883
0.000299215
0.000392675
0.000363350
0.000319719
0.000292540
0.000264168
0.000334263
0.000363350
0.000368595
0.000282288
0.000397444
0.000237226
0.000315905
0.000313759
0.000352621
0.000213385
