0.000339031
0.000306606
0.000312328
0.000316381
0.000321388
0.000324965
0.000310898
0.000312328
0.000292540
0.000292778
0.000315905
0.000296831
0.000277281
0.000356913
0.000287056
0.000333786
0.000277996
0.000298977
0.000316620
0.000324011
0.000329494
0.000337124
0.000340700
0.000327110
0.000303507
0.000358820
0.000326633
0.000316858
0.000296831
0.000305176
0.000340700
0.000291348
0.000344753
0.000322342
0.000309706
0.000277758
0.000362396
0.000358105
0.000315666
0.000315666
0.000321865
0.000356913
0.000332832
0.000298977
0.000300884
0.000314236
0.000320673
0.000359535
0.000342131
0.000307798
0.000344038
0.000344515
0.000362873
0.000311613
0.000345469
0.000339746
0.000357866
0.000342369
0.000320673
0.000341415
0.000327587
0.000356913
0.000353813
0.000344992
0.000313997
0.000290394
0.000293016
0.000329018
0.000357628
0.000304461
0.000347137
0.000307798
0.000343084
0.000323057
0.000305176
0.000387430
0.000333309
0.000292063
0.000335217
0.000315666
0.000312090
0.000346899
0.000344276
0.000307083
0.000331640
0.000309229
0.000319242
0.000310898
0.000239372
0.000343561
0.000224590
0.000239372
0.000279903
0.000257492
0.000297308
0.000288248
0.000246048
0.000224829
0.000250578
0.000224113
