0.000560999
0.000578642
0.000376701
0.000427485
0.000485659
0.000595570
0.000514269
0.000556707
0.000511885
0.000571728
0.000541925
0.000571966
0.000495672
0.000500679
0.000522614
0.000526667
0.000460148
0.000513792
0.000545979
0.000594616
0.000457764
0.000602722
0.000561953
0.000498056
0.000593901
0.000646114
0.000438452
0.000501871
0.000536203
0.000537395
0.000525713
0.000563860
0.000550032
0.000567198
0.000520468
0.000593424
0.000550747
0.000586510
0.000547886
0.000574350
0.000482082
0.000526667
0.000539064
0.000659704
0.000560522
0.000576496
0.000521898
0.000560999
0.000527620
0.000533342
0.000533819
0.000599623
0.000549078
0.000598431
0.000503063
0.000577450
0.000579119
0.000571728
0.000486612
0.000473022
0.000427723
0.000497103
0.000451803
0.000589848
0.000550032
0.000544548
0.000527143
0.000599861
0.000521660
0.000588179
0.000535965
0.000591993
0.000522852
0.000489712
0.000577688
0.000558138
0.000533342
0.000526190
0.000500202
0.000565767
0.000428438
0.000516176
0.000447035
0.000575304
0.000449657
0.000550747
0.000498533
0.000604630
0.000434399
0.000592709
0.000465631
0.000591040
0.000476599
0.000589132
0.000524282
0.000564575
0.000475168
0.000558138
0.000557184
0.000547886
