0.000315189
0.000303984
0.000289440
0.000286818
0.000279903
0.000280380
0.000277281
0.000308275
0.000318527
0.000306129
0.000307083
0.000288725
0.000285864
0.000271559
0.000282526
0.000335217
0.000299215
0.000298738
0.000306845
0.000319958
0.000300407
0.000335693
0.000303984
0.000285625
0.000327349
0.000244617
0.000319242
0.000295401
0.000322104
0.000316381
0.000314951
0.000315666
0.000310421
0.000266552
0.000283957
0.000323534
0.000308990
0.000332117
0.000298262
0.000304461
0.000326633
0.000259876
0.000322342
0.000285387
0.000335693
0.000288248
0.000280380
0.000272036
0.000345945
0.000351667
0.000330210
0.000247240
0.000318766
0.000345707
0.000303507
0.000288486
0.000313044
0.000282049
0.000288725
0.000346661
0.000279188
0.000286579
0.000313759
0.000315189
0.000276566
0.000283718
0.000309944
0.000324249
0.000281334
0.000343800
0.000325441
0.000264406
0.000335217
0.000304222
0.000282526
0.000286102
0.000324488
0.000297546
0.000341892
0.000284672
0.000324965
0.000282288
0.000280142
0.000357866
0.000324249
0.000324965
0.000326157
0.000277758
0.000312328
0.000317097
0.000292301
0.000315666
0.000312567
0.000284195
0.000393629
0.000314951
0.000351906
0.000317335
0.000275612
0.000268221
