0.013018370
0.003702641
0.003657818
0.003625631
0.003796577
0.003566027
0.003605843
0.003547192
0.003643513
0.003781796
0.003756523
0.003817320
0.003845453
0.012701750
0.003749371
0.003762245
0.003714323
0.003826380
0.003782272
0.003765821
0.003710985
0.003791332
0.003721237
0.003830671
0.003563166
0.014434099
0.003690243
0.012790680
0.003779173
0.003763914
0.003767967
0.003829002
0.003784657
0.003843307
0.003832579
0.003765345
0.003795385
0.003748894
0.003796577
0.003838778
0.003805637
0.003758669
0.003747940
0.003777981
0.003744602
0.003762722
0.003800154
0.003748894
0.003834486
0.003827333
0.003671646
0.003854513
0.003814220
0.003779173
0.003700256
0.003718376
0.003869057
0.003749371
0.003787756
0.003689289
0.003808498
0.003859520
0.003741741
0.003760815
0.003704309
0.003774405
0.003871441
0.003755569
0.003765583
0.003883362
0.003720999
0.003777742
0.003674269
0.003715754
0.003736973
0.003807306
0.003791332
0.003732204
0.003810406
0.003791571
0.003831625
0.003800154
0.003751278
0.003770351
0.003780127
0.003822327
0.003889799
0.003754377
0.003859520
0.003712177
0.003807783
0.003840208
0.003740549
0.012962580
0.003789902
0.003876448
0.003757954
0.003732920
0.003734350
0.003833532
