0.015947342
0.007235527
0.006872416
0.007181406
0.013494015
0.014357805
0.007152319
0.007047892
0.007180214
0.007241488
0.007185698
0.006858110
0.007098198
0.007111073
0.007106066
0.007081985
0.007187366
0.007208586
0.007153749
0.017569542
0.007206917
0.007212877
0.007125616
0.007354259
0.007181168
0.007091999
0.006951809
0.007029533
0.007090569
0.007125854
0.007185459
0.015788794
0.007113934
0.007055998
0.006995201
0.007227182
0.007077694
0.007133722
0.007200480
0.007064104
0.007194519
0.007150412
0.007117271
0.007027388
0.007154465
0.015928030
0.007255554
0.007029057
0.007072210
0.007052660
0.007222891
0.007174015
0.007174730
0.007158518
0.007252932
0.007118940
0.007088184
0.007191896
0.014172554
0.007266045
0.007193804
0.007067204
0.007106066
0.007221937
0.007162809
0.007114172
0.017895699
0.007190704
0.006936312
0.007140636
0.006973743
0.007255316
0.014163494
0.015624523
0.007182598
0.007223606
0.007120848
0.007107258
0.014135361
0.007101297
0.007217884
0.007112741
0.007156134
0.015650749
0.007111788
0.006968737
0.007030725
0.007174492
0.007253408
0.015774488
0.007170677
0.007092953
0.007074594
0.007210970
0.007183313
0.007153749
0.007179737
0.007085085
0.007200241
0.016155005
