0.000367880
0.000320435
0.000271559
0.000324726
0.000342131
0.000361204
0.000348568
0.000346422
0.000371933
0.000345469
0.000336647
0.000328541
0.000320673
0.000359297
0.000371456
0.000321388
0.000334024
0.000346899
0.000401735
0.000376225
0.000349283
0.000348091
0.000292063
0.000344038
0.000265598
0.000329494
0.000323772
0.000348330
0.000388384
0.000373363
0.000361204
0.000352144
0.000366211
0.000412941
0.000336170
0.000297308
0.000342369
0.000323772
0.000308990
0.000354290
0.000339031
0.000300407
0.000327826
0.000345230
0.000335455
0.000324488
0.000315189
0.000296593
0.000359058
0.000273466
0.000384569
0.000299931
0.000310183
0.000394583
0.000375748
0.000257492
0.000334740
0.000309706
0.000370026
0.000392675
0.000367880
0.000391245
0.000303507
0.000396490
0.000319719
0.000323534
0.000306845
0.000360966
0.000379562
0.000322580
0.000318766
0.000341177
0.000329494
0.000400305
0.000314951
0.000322342
0.000324488
0.000280380
0.000330687
0.000337362
0.000375986
0.000323057
0.000302553
0.000392437
0.000280857
0.000322104
0.000300884
0.000305176
0.000395060
0.000322819
0.000315428
0.000328541
0.000327349
0.000314713
0.000296831
0.000326157
0.000351429
0.000355244
0.000357389
0.000250816
