0.063065767
0.013058186
0.000255108
0.000289917
0.000287533
0.000329733
0.000325441
0.000225782
0.000299454
0.000280857
0.000286818
0.000277042
0.000272512
0.000261307
0.000358820
0.000285625
0.000246048
0.000235558
0.000335932
0.000285387
0.000274181
0.000274897
0.000283718
0.000269651
0.000233889
0.000332594
0.000240326
0.000239849
0.000310659
0.000287294
0.000300646
0.000268698
0.000326872
0.000288486
0.000276089
0.000312328
0.000315189
0.000272989
0.000300646
0.000270128
0.000255108
0.000315189
0.000305653
0.000239134
0.000292778
0.000236034
0.000256062
0.000244379
0.000231981
0.000292778
0.000307798
0.000300884
0.000299692
0.000294209
0.000291348
0.000298262
0.000305414
0.000267744
0.000309944
0.000303030
0.000314951
0.000295162
0.000311852
0.000291348
0.000267744
0.000245571
0.000315666
0.000311613
0.000275373
0.000436068
0.000275612
0.000294924
0.000262260
0.000311375
0.000313044
0.000252247
0.000365734
0.000319242
0.000243664
0.000338078
0.000253201
0.000262499
0.000316620
0.000300884
0.000265598
0.000257254
0.000283003
0.000242710
0.000270844
0.000284195
0.000261068
0.000291348
0.000252962
0.000314713
0.000272036
0.000321388
0.000250340
0.000254631
0.000300884
0.000272989
