86.865966082
86.865269184
86.864659071
86.868494749
86.861967564
86.860632420
86.859769106
86.858873606
86.858214855
86.857654810
86.855414629
86.853809357
86.853637457
86.852967262
86.851638556
86.850259066
86.849135160
86.848570585
86.848410606
86.846790552
86.845417738
86.844808578
86.854675055
86.843288422
86.842270136
86.841047287
86.841218948
86.839772701
86.837751150
86.837832689
86.835848331
86.835624695
86.833785295
86.833837271
86.832337379
86.831389666
86.831274748
86.830193520
86.839099407
86.828566313
86.826379776
86.826704264
86.826108217
86.825032949
86.823859930
86.823124170
86.822133303
86.821413517
86.821525812
86.820636988
86.818413019
86.818894863
86.818990469
86.819087744
86.826992273
86.819114447
86.835115671
86.818757296
86.825524092
86.817693949
116.796428204
116.790495634
116.793560505
116.790430069
116.792524815
116.792473078
116.795503139
116.797082901
116.805829048
116.802289009
116.803082466
116.804622173
116.807536125
116.809887648
116.812420130
116.814306736
116.817134142
116.813851357
116.821549892
116.823169708
116.825073957
116.827248812
116.839480639
116.832666636
116.839630842
116.831575632
116.833198071
116.830558062
116.833293915
116.832986116
116.832982779
116.832067490
116.832050800
116.839038610
116.846021891
116.834031820
1607860131.177308083
1607860131.227189779
1607860131.277138472
1607860131.344181538
1607860131.391301870
1607860131.428117752
1607860131.475545168
1607860131.528134823
1607860131.576063871
1607860131.628449678
1607860131.686726570
1607860131.736383915
1607860131.777677774
1607860131.828088284
1607860131.877615452
1607860131.927029371
1607860131.989555597
1607860132.027212381
1607860132.077312946
1607860132.127913237
1607860132.177806377
1607860132.228186607
1607860132.277356863
1607860132.328130960
1607860132.373238564
1607860132.434298038
1607860132.476064920
1607860132.526812553
1607860132.577671051
1607860132.627622604
1607860132.677839756
1607860132.746923685
1607860132.777445793
1607860132.828158855
1607860132.876486301
1607860132.926846981
1607860132.975578547
1607860133.027936220
1607860133.077169657
1607860133.128151894
