33.499965668
33.499737978
33.499416590
33.498745441
33.497201681
33.497351646
33.496479511
33.495076656
33.494539499
33.493478298
33.492516994
33.490664959
33.490190268
33.489234686
33.487407684
33.487101555
33.486097097
33.485507488
33.484303236
33.483494759
33.482564688
33.481948614
33.480989218
33.480638266
53.431552410
53.430882692
53.431768179
53.432004929
53.431460857
53.431304932
53.431491852
53.430982828
53.430265427
53.430544138
53.430721760
53.430808544
53.431058407
53.430469751
53.440819263
53.429597139
53.429028273
53.429063082
53.428422451
53.428018570
53.427708149
53.427471638
53.427210569
53.426713943
53.425920248
53.435393095
53.425705910
53.426216125
53.425884247
53.425720215
53.425808907
53.426930428
53.427618027
53.427864552
53.428822756
53.429594278
53.430814743
53.431006670
53.431359529
53.432242632
53.432407618
53.433052301
53.433941126
53.434622288
53.434842587
53.445551872
53.435917854
53.437463760
53.437085867
53.437943697
53.438515902
53.448519468
53.439809084
53.440948486
53.440880299
53.441506863
53.442059994
53.452497482
53.443227530
53.444098473
53.444654703
53.446099758
53.445998192
53.447147608
53.447413445
53.447836876
53.448472023
53.449163437
53.449643135
1607860037.790637016
1607860037.841034889
1607860037.891467571
1607860037.942400694
1607860037.992892981
1607860038.043668747
1607860038.093854189
1607860038.144861221
1607860038.195478439
1607860038.245406389
1607860038.296035528
1607860038.356552839
1607860038.397698402
1607860038.448367834
1607860038.499057055
1607860038.548894644
1607860038.598738670
1607860038.648604393
1607860038.699043751
1607860038.748674631
1607860038.798749924
1607860038.849285841
1607860038.898984671
1607860038.949196339
1607860038.999309301
1607860039.049292326
1607860039.099114656
1607860039.149296045
1607860039.199018478
1607860039.249011993
1607860039.298895121
1607860059.304902315
1607860059.355189562
1607860059.405919552
1607860059.457515955
1607860059.508410454
1607860059.559933424
1607860059.610718012
1607860059.661875963
1607860059.722194672
