3.483608246
3.483886242
3.484437227
3.484414577
3.483902454
3.483269453
3.482383966
3.481949568
3.481935501
3.481478691
3.481456280
3.481054068
3.481302738
3.480988503
3.481204748
3.481207848
3.481148720
3.480508566
3.480365992
3.480537653
3.479810476
3.479446650
3.479110718
3.478415012
3.478212118
3.477728605
3.477033138
3.476931334
3.477337599
3.477426529
3.477662563
3.477760792
3.477573156
3.477299690
3.476690531
3.476117611
3.475928545
3.475562811
3.474636793
3.474299908
3.473368883
3.472086191
3.471296310
3.470558882
3.470453501
3.470540285
3.470068693
3.470273733
3.469815254
3.469805479
3.469788313
3.469146729
3.468865633
3.468805552
3.468513489
3.468190193
3.467550278
3.467039824
3.467151880
3.466656685
3.466360092
3.465752125
3.464821339
3.464684010
3.464291811
3.464068890
3.464165688
3.463351727
3.462623358
3.462063551
3.461275578
3.460423470
3.459508896
3.458817720
3.458601236
3.458593845
3.457789898
3.457563639
3.456713438
3.456560373
3.456729650
3.456145287
3.455842257
3.455695868
3.455274582
3.454721928
3.454606295
3.454452515
3.454172611
3.453972578
3.453814745
3.453822851
3.453414917
1607859912.783029318
1607859912.833256960
1607859912.883118629
1607859912.933174133
1607859912.983368874
1607859913.033021927
1607859913.083369255
1607859913.133005619
1607859913.183010340
1607859913.233395815
1607859913.283381224
1607859913.332992554
1607859913.383365154
1607859913.433042765
1607859913.483021259
1607859913.533343554
1607859913.583330154
1607859913.633125544
1607859913.683305979
1607859913.733049870
1607859913.783422709
1607859913.833366871
1607859913.883014679
1607859913.933036804
1607859913.983035564
1607859914.033010244
1607859914.083320618
1607859914.133050442
1607859914.183367491
1607859914.233194828
1607859914.283035278
1607859919.283639908
1607859919.333930016
1607859919.384235382
1607859919.434617281
1607859919.485114336
1607859919.535581112
1607859919.586005926
1607859919.636451483
1607859919.686664581
