65.013481379
65.013605833
65.013488531
65.012893915
65.012833357
65.013398647
65.013623953
65.026273966
65.015527248
65.013653755
65.013911963
65.014015198
65.015320778
65.016302824
65.016829014
65.015687704
65.015605450
65.024165630
65.016904593
65.016846418
65.017389774
65.018125057
65.017856121
65.019354343
65.017912865
65.018092632
65.018413305
65.019554377
65.019113541
65.019028664
65.019158840
65.020091295
65.020279884
65.019739866
65.019066095
65.020236254
65.021290064
65.019572258
65.018059969
65.018154383
65.016716957
65.015576124
65.015737057
65.014337063
65.013287067
65.012959242
65.012826681
65.011533499
65.011390209
65.011426210
65.012356997
65.011683941
65.011919975
65.010894537
65.011007547
65.011905670
65.012740850
65.011654615
65.011282206
65.011552334
65.011320114
65.011548042
65.010731220
65.021825790
65.011608362
65.011874676
65.011084557
65.012125492
65.012462139
65.012084484
65.013154268
65.011666536
65.012314081
65.011111736
65.011235476
65.011883259
65.012491703
65.011872292
65.011211395
65.011567831
65.012299061
65.011342287
65.010955095
65.011800289
65.011083841
65.012100935
65.011264801
65.012208462
65.011865616
65.011422157
65.020037174
1607860094.319901466
1607860094.364400625
1607860094.416288614
1607860094.467986107
1607860094.524179459
1607860094.571722031
1607860094.631232977
1607860094.675658226
1607860094.727212906
1607860094.778829813
1607860094.831702948
1607860094.888652802
1607860094.934923887
1607860094.985701561
1607860095.036905050
1607860095.089298487
1607860095.141868353
1607860095.197116852
1607860095.245289564
1607860095.303173304
1607860095.348344088
1607860095.404294252
1607860095.452368736
1607860095.503656626
1607860095.555091619
1607860095.606049538
1607860095.657430887
1607860095.708801508
1607860095.760935545
1607860095.813356638
1607860095.863312244
1607860095.913748741
1607860095.964125395
1607860096.013969898
1607860096.064305544
1607860096.114007950
1607860096.169379234
1607860096.213287592
1607860096.263737202
1607860096.313662291
