0.131821871
0.081968307
0.031462908
0.000190735
0.000253916
0.000314236
0.000265121
0.000335217
0.000278473
0.000245094
0.000306368
0.000308037
0.000308990
0.000286818
0.000237465
0.000252247
0.000273943
0.000231028
0.000220060
0.000232935
0.000184536
0.000168324
0.000197172
0.000237942
0.000310421
0.000283718
0.000315905
0.000273943
0.000323296
0.000383854
0.000252724
0.000219822
0.000180721
0.000473738
0.000216484
0.000174522
0.000181913
0.000169992
0.000173569
0.000174284
0.000181675
0.000195026
0.000184059
0.000203609
0.000179529
0.000243187
0.000339508
0.000232220
0.000256300
0.000188112
0.000186682
0.000173330
0.000158787
0.000421524
0.000216246
0.000195265
0.000173807
0.000173330
0.000298262
0.000184298
0.000219822
0.000220776
0.000302792
0.000204086
0.000221491
0.000216246
0.000219345
0.000241756
0.000221014
0.000257730
0.000230551
0.000218153
0.000202417
0.000202179
0.000229597
0.000221014
0.000169992
0.000139952
0.000188351
0.000190020
0.000159502
0.000190258
0.000196218
0.000310898
0.000276566
0.000272274
0.000303268
0.000267982
0.000298977
0.000291348
0.000335932
0.000332117
0.000260353
0.000278234
0.000303030
0.000298500
0.000252962
0.000284672
0.000344992
0.000325680
1607859894.296139240
1607859894.346671104
1607859894.396940231
1607859894.447361708
1607859894.497732878
1607859894.548209190
1607859894.598291636
1607859894.648743629
1607859894.699094296
1607859894.749500513
1607859894.799577236
1607859894.849997044
1607859894.900459290
1607859894.950578690
1607859895.001153469
1607859895.051535845
1607859895.101947784
1607859895.152400494
1607859895.202702522
1607859895.253113985
1607859895.303650618
1607859895.353909254
1607859895.403968573
1607859895.454411745
1607859895.504865170
1607859895.555039406
1607859895.605633736
1607859895.655971527
1607859895.706387997
1607859895.756557941
1607859895.806748629
1607859895.856928110
1607859895.907342196
1607859895.957521915
1607859896.007915258
1607859896.058387756
1607859896.108755827
1607859896.159181595
1607859896.209581137
1607859896.260010242
