16.825839520
16.826072931
16.826035023
16.826657057
16.826416254
16.827013016
16.827425957
16.827693224
16.828183651
16.828740597
16.829644442
16.829337358
16.829500198
16.829174519
16.829540491
16.830169678
16.830495119
16.830777645
16.830453396
16.830610275
16.830347061
16.830264091
16.830213070
16.830619335
16.830894709
16.831135273
16.831181526
16.831241131
16.832002401
16.832226515
16.832721949
16.833325148
16.833810568
16.834744453
16.835319519
16.834785938
16.835294008
16.834614038
16.833799124
16.832286119
16.830808401
16.830459118
16.829529047
16.828510523
16.828335762
16.826576233
16.826563597
16.824934721
16.824286461
16.822881222
16.821863651
16.821568251
16.820683479
16.819244146
16.818751812
16.817908764
16.817463636
16.817612410
16.817822695
16.816663980
26.767854691
26.768005133
26.768005133
26.768379211
26.768803120
26.769632816
26.769883156
26.770638943
26.771034718
26.771136045
26.771943808
26.772183180
26.772788763
26.773556948
26.774098158
26.774567604
26.775393486
26.776027203
26.776350021
26.776947021
26.777406693
26.777880669
26.778564453
26.778280258
26.779251575
26.779831409
26.780436754
26.780659914
26.780939102
26.781163216
26.781286001
26.781796694
26.781927586
26.782146931
26.782444715
26.782961607
1607859951.117038727
1607859951.167915344
1607859951.218929052
1607859951.269848108
1607859951.320767164
1607859951.371012688
1607859951.421801329
1607859951.472863197
1607859951.523887157
1607859951.574796438
1607859951.625607967
1607859951.676616430
1607859951.727397919
1607859951.778425217
1607859951.829495430
1607859951.880073786
1607859951.931127310
1607859951.981311798
1607859952.031795502
1607859952.082859516
1607859952.133650780
1607859952.184668541
1607859952.235726595
1607859952.286573648
1607859952.335947752
1607859952.386068821
1607859952.436339140
1607859952.486109257
1607859952.536343813
1607859952.585755825
1607859952.635436058
1607859952.686336279
1607859952.736369610
1607859952.786341429
1607859952.836335182
1607859952.886118650
1607859952.936367512
1607859952.986096144
1607859953.036380291
1607859953.086233377
