30.004630804
30.004315615
30.004425526
30.003656387
30.003355980
30.003360033
30.003500700
30.003552437
30.003753185
30.004033804
30.004077673
30.004530430
30.004641771
30.004897594
30.005796432
30.005418777
30.005489588
30.005152225
30.005507946
30.005449533
30.005654812
30.005614519
30.005638361
30.005697727
30.004976749
30.004351854
30.004557371
30.004531860
30.004127026
30.003866911
30.004092932
30.003724813
30.004418135
30.004671812
30.004215479
30.004243612
30.004184961
30.004072666
30.004014730
30.004161119
30.004194975
30.003977537
30.004242897
30.004087687
30.004634380
30.004721403
30.004689217
30.005020857
30.004587650
30.003843069
30.004361629
30.005004644
30.005200386
30.005049706
30.005086422
30.004998446
30.005856276
30.005785227
30.004267693
30.004500389
30.004726171
30.004628658
30.005064964
30.004765272
30.005095005
30.004540443
30.004847050
30.005346060
30.005367279
30.004868269
30.005055189
30.005011320
30.005148172
30.005021334
30.005125999
30.004596949
30.004822731
30.005483866
30.005733252
30.004966259
30.005508423
30.005623817
30.005229712
30.004972219
30.005795240
30.004511356
30.004997015
30.005416632
30.004951954
30.004645109
30.004982233
1607859994.292819023
1607859994.343498468
1607859994.394592524
1607859994.445616007
1607859994.496727943
1607859994.547520876
1607859994.598617554
1607859994.649713755
1607859994.700260878
1607859994.751336813
1607859994.802385569
1607859994.853493929
1607859994.904551268
1607859994.955639362
1607859995.006754637
1607859995.057621717
1607859995.108675957
1607859995.159546852
1607859995.210679531
1607859995.261742353
1607859995.312880993
1607859995.363856077
1607859995.414230108
1607859995.465228319
1607859995.516357899
1607859995.567439318
1607859995.618325233
1607859995.669395447
1607859995.719455957
1607859995.770393372
1607859995.821135759
1607859995.872165680
1607859995.923210621
1607859995.974346876
1607859996.025103569
1607859996.076182127
1607859996.127124786
1607859996.177900076
1607859996.228930950
1607859996.279641628
