18.498347759
18.497666597
18.496414661
18.496111870
18.494957685
18.494468689
18.493727446
18.492946386
18.491840839
18.491538048
18.490267992
18.489561081
18.489108801
18.488666296
18.488078117
18.487732172
18.486442327
18.485291481
18.485263109
18.484425545
18.483208656
18.482548475
18.481580973
18.481213808
28.432010889
28.431971312
28.432574749
28.433290005
28.433732033
28.433851242
28.434754848
28.435083866
28.434390306
28.434709311
28.435101032
28.434881687
28.435015678
28.435983419
28.435992479
28.436126947
28.436419010
28.436370134
28.436449289
28.436428547
28.437356710
28.438045740
28.438146114
28.438578367
28.438552380
28.438843012
28.439117193
28.440006256
28.441114664
28.441527128
28.442038774
28.442701578
28.443045855
28.443428040
28.443797827
28.444308996
28.444879055
28.444700718
28.445398331
28.445733309
28.445386648
28.445548534
28.444879055
28.444902420
28.445791483
28.445829391
28.445879936
28.446376085
28.447822332
28.449256420
28.450017214
28.450876474
28.451241255
28.451796293
28.453354836
28.453860998
28.454938650
28.453833818
28.454647303
28.454933882
28.454173088
28.454322338
28.454389334
28.454308033
28.454531670
28.454286575
28.454634190
28.453637123
28.454819202
1607859967.788518906
1607859967.838372469
1607859967.888520718
1607859967.938291073
1607859967.988554001
1607859968.038513660
1607859968.087980747
1607859968.138525724
1607859968.188051701
1607859968.238577843
1607859968.288537741
1607859968.338257790
1607859968.388498068
1607859968.438325882
1607859968.488518238
1607859968.538257122
1607859968.588001251
1607859968.638554335
1607859968.688085794
1607859968.738409996
1607859968.788519621
1607859968.838532925
1607859968.888529301
1607859968.938041449
1607859968.988366842
1607859969.038514137
1607859969.087978601
1607859969.138497114
1607859969.188070059
1607859969.238578320
1607859969.288512707
1607859979.290068865
1607859979.340227127
1607859979.391332626
1607859979.442319632
1607859979.493449926
1607859979.544433594
1607859979.595369816
1607859979.646486759
1607859979.696497202
