1.813040018
1.813058615
1.813338280
1.813176870
1.813068867
1.813096762
1.813325167
1.812990904
1.812975407
1.813164949
1.813081741
1.813035488
1.812875271
1.812874794
1.812985420
1.812932014
1.812940598
1.812656164
1.813004017
1.812904119
1.812852859
1.813090086
1.812992334
1.812722921
1.812325954
1.812610626
1.812798500
1.812954903
1.813064575
1.813289165
1.813236952
1.813262701
1.813299656
1.813368320
1.813302517
1.813216925
1.813121319
1.813100100
1.813121796
1.812958002
1.813233614
1.813377619
1.813358307
1.813484430
1.813505173
1.813401937
1.813249826
1.813189983
1.813218355
1.813097000
1.813133717
1.813484192
1.813403368
1.813802719
1.813747883
1.813849926
1.813846588
1.813472748
1.813210487
1.813532114
6.764629126
6.764592171
6.765170097
6.765594482
6.765854597
6.766166687
6.766776562
6.767102718
6.766906023
6.766848087
6.767346382
6.768002272
6.768614292
6.769222498
6.769506931
6.770079613
6.770659924
6.770296335
6.770563841
6.770344734
6.770598650
6.770414352
6.770690918
6.770643950
6.771385431
6.771171808
6.770880938
6.771310091
6.771328926
6.771250963
6.771594048
6.771942139
6.772046566
6.772767782
6.773093939
6.772833347
1607859906.104566813
1607859906.154696703
1607859906.205074310
1607859906.255552292
1607859906.306332827
1607859906.357052088
1607859906.407145023
1607859906.457364559
1607859906.507859707
1607859906.558629990
1607859906.609310150
1607859906.660259962
1607859906.711309671
1607859906.762309790
1607859906.812782764
1607859906.862888575
1607859906.913146734
1607859906.963277817
1607859907.013348341
1607859907.063484192
1607859907.113714457
1607859907.163802862
1607859907.214195490
1607859907.264463902
1607859907.314811468
1607859907.365020752
1607859907.415429115
1607859907.466125727
1607859907.516353369
1607859907.566523790
1607859907.617009401
1607859907.667106867
1607859907.717719793
1607859907.768440008
1607859907.818619728
1607859907.869094610
1607859907.919339895
1607859907.969435215
1607859908.020000935
1607859908.070847273
