0.000202179
0.000261307
0.000226021
0.000200033
0.000158072
0.000184774
0.000162601
0.000175476
0.000206947
0.000174999
0.000171900
0.000148058
0.000177860
0.000179529
0.000257015
0.000191927
0.000176430
0.000176668
0.000195026
0.000182629
0.000281334
0.000217915
0.000178337
0.000171900
0.000192404
0.000178099
0.000271320
0.000195742
0.000156879
0.000198603
0.000175714
0.000182152
0.000174284
0.000248194
0.000181913
0.000234127
0.000145912
0.000147343
0.000130415
0.000137329
0.000288248
0.000236750
0.000145197
0.000155449
0.000144720
0.000402927
0.000411272
0.000198841
0.000416756
0.000211000
0.000185966
0.000156641
0.000224590
0.000200748
0.000141621
0.000410080
0.000280857
0.000223398
0.000202894
0.000201702
0.000146627
0.000138760
0.000148296
0.000205755
0.000184536
0.000154018
0.000125408
0.000148773
0.000260830
0.000210047
0.000208378
0.000191212
0.000185966
0.000181675
0.000303507
0.000213146
0.000167131
0.000161648
0.000169039
0.000199080
0.000257730
0.000134468
0.000147343
0.000124454
0.000155210
0.000138283
0.000280619
0.000138283
0.000269651
0.000164032
0.000167608
0.000174046
0.000178576
0.000226974
0.000175238
0.000175953
0.000154972
0.000158310
0.000177622
0.000149250
