0.001349688
0.001311779
0.001470804
0.001436710
0.001473427
0.001412392
0.001550436
0.001489878
0.001289606
0.001349449
0.001424551
0.001420975
0.001426220
0.001457691
0.001447678
0.001415730
0.001419067
0.001440763
0.001450062
0.001500368
0.001505852
0.001439571
0.001405716
0.001435280
0.001433611
0.001463890
0.001512051
0.001397848
0.001586676
0.001431704
0.001321316
0.001318455
0.001503944
0.001546621
0.001448154
0.001406670
0.001456738
0.001565456
0.001418114
0.001454115
0.001421452
0.001429796
0.001424551
0.001288891
0.001371145
0.001459360
0.001398802
0.001377583
0.001480341
0.001449347
0.001347303
0.001466751
0.001483917
0.001520157
0.001290083
0.001341343
0.001359701
0.001409292
0.001406193
0.001403093
0.001506567
0.001536608
0.001246452
0.001384735
0.001461029
0.001530170
0.001354218
0.001415491
0.001337290
0.001388073
0.001426458
0.001457453
0.001340866
0.001402140
0.001414061
0.001545191
0.001374960
0.001447439
0.001371622
0.001472473
0.001394749
0.001492262
0.001274824
0.001428127
0.001488686
0.001418352
0.001358986
0.001477242
0.001433134
0.001505613
0.001346827
0.001307011
0.001397610
0.001468420
0.001333475
0.001450300
0.001398087
0.001510143
0.001376152
0.001567364
