0.002307892
0.002243280
0.002638817
0.002405643
0.002394915
0.002388000
0.002373695
0.002189398
0.002291918
0.002310991
0.002518654
0.002433538
0.002394676
0.002356052
0.012438059
0.002345800
0.002416134
0.002497435
0.002384663
0.002449989
0.002469301
0.002670765
0.002495766
0.002096653
0.002018213
0.012327194
0.002354145
0.002539873
0.002591610
0.002178431
0.002030849
0.002543688
0.002396822
0.002191544
0.002413988
0.002474070
0.002499580
0.002328873
0.002586842
0.002666235
0.002403259
0.002361298
0.002668619
0.002378702
0.002356291
0.012959957
0.002707243
0.003036737
0.002568007
0.002295971
0.002632141
0.012104750
0.002583504
0.002454042
0.002443552
0.002673149
0.002591848
0.011784792
0.002357721
0.002593279
0.002617359
0.002686024
0.002448559
0.002584696
0.002737999
0.002625704
0.002528429
0.002316713
0.002521992
0.002327919
0.002537489
0.002357721
0.002473354
0.002494097
0.002653837
0.002329350
0.002550125
0.002533436
0.001893044
0.001892090
0.011750460
0.002185583
0.002377033
0.002580643
0.002407074
0.002168417
0.002074003
0.002588511
0.002168179
0.002254486
0.002841949
0.002453089
0.002720833
0.002724409
0.002817631
0.002601385
0.002769709
0.002653122
0.002531528
0.002384186
