0.000366926
0.000335455
0.000396013
0.000521660
0.000387430
0.000410557
0.000405550
0.000408173
0.000389814
0.000410795
0.000388861
0.000449419
0.000388384
0.000429630
0.000410795
0.000405550
0.000411749
0.000394344
0.000436544
0.000355482
0.000415325
0.000403643
0.000411749
0.000590086
0.000412703
0.000392199
0.000395298
0.000374556
0.000545263
0.000377655
0.000377178
0.000377178
0.000390053
0.000424147
0.000393629
0.000398874
0.000395298
0.000393152
0.000431538
0.000414848
0.000400305
0.000399113
0.000422001
0.000430584
0.000429630
0.000432491
0.000431061
0.000407457
0.000368595
0.000410557
0.000400066
0.000403166
0.000399590
0.000475168
0.000373125
0.000382900
0.000350475
0.000368357
0.000384092
0.000559092
0.000360012
0.000362873
0.000320196
0.000416756
0.000304937
0.000326157
0.000383854
0.000371456
0.000373125
0.000338554
0.000368595
0.000362635
0.000369787
0.000400305
0.000384331
0.000333548
0.000389099
0.000363827
0.000430822
0.000356674
0.000360489
0.000350952
0.000408888
0.000372171
0.000349522
0.000366211
0.000368595
0.000384331
0.000405073
0.000360966
0.000370026
0.000358343
0.000379562
0.000424385
0.000358343
0.000346899
0.000332832
0.000356436
0.000415087
0.000353336
