0.131812096
0.081957102
0.031453848
0.000217676
0.000293016
0.000329018
0.000281334
0.000330448
0.000270128
0.000223160
0.000299215
0.000282526
0.000342369
0.000253201
0.000244856
0.000251055
0.000285387
0.000230074
0.000219345
0.000241280
0.000185251
0.000187635
0.000200033
0.000216722
0.000291109
0.000303745
0.000313282
0.000271082
0.000324488
0.000409126
0.000256538
0.000217438
0.000176430
0.000472069
0.000228882
0.000170231
0.000162363
0.000140905
0.000151396
0.000159025
0.000161171
0.000165701
0.000155449
0.000165224
0.000159264
0.000217676
0.000358105
0.000249624
0.000241518
0.000200033
0.000185966
0.000168800
0.000155210
0.000433683
0.000189781
0.000168085
0.000170708
0.000168085
0.000290632
0.000170231
0.000233412
0.000209093
0.000315189
0.000207424
0.000217915
0.000215530
0.000218391
0.000266314
0.000220060
0.000284433
0.000219822
0.000231028
0.000205755
0.000206470
0.000230551
0.000202179
0.000151396
0.000138044
0.000148773
0.000157833
0.000150681
0.000191927
0.000206470
0.000303030
0.000283957
0.000288486
0.000326872
0.000280142
0.000308275
0.000306368
0.000340223
0.000363350
0.000250101
0.000274897
0.000331640
0.000299215
0.000254154
0.000308275
0.000369310
0.000328064
