0.005389452
0.004559755
0.004489183
0.004472017
0.004334211
0.004490376
0.004490137
0.004324675
0.014313221
0.004318714
0.004415035
0.004278421
0.004024744
0.004284620
0.004222155
0.004416466
0.017014265
0.005119324
0.004139185
0.004111290
0.004070044
0.004653692
0.004537821
0.004855394
0.004662991
0.004329920
0.011857748
0.004798412
0.004139900
0.004107475
0.004031897
0.004361391
0.005559206
0.004556656
0.004147053
0.004149675
0.005235672
0.004694939
0.004325390
0.004129410
0.004365921
0.004808187
0.004296064
0.003809690
0.004392862
0.005516529
0.004158735
0.004100084
0.004856586
0.004456282
0.004216194
0.004431725
0.004302740
0.004117489
0.003939390
0.004718542
0.004423380
0.004559994
0.004010677
0.004414558
0.004286766
0.004657030
0.004187584
0.003959894
0.004292011
0.005071878
0.004253149
0.003966331
0.004113197
0.003842831
0.004105330
0.004314661
0.015757084
0.004378557
0.004393101
0.004175186
0.003931761
0.004878521
0.004922628
0.005533695
0.004122496
0.004662275
0.004368544
0.004109621
0.004592419
0.005192757
0.004450083
0.004492044
0.004412174
0.004699945
0.004092932
0.004135609
0.004197359
0.003986597
0.004497051
0.004204273
0.004810095
0.004230022
0.004269838
0.003664255
