0.000301600
0.000295639
0.000279665
0.000230312
0.000230789
0.000265360
0.000285387
0.000254869
0.000367641
0.000336885
0.000318050
0.000312328
0.000303984
0.000322580
0.000299931
0.000330925
0.000297546
0.000260830
0.000328302
0.000272989
0.000266790
0.000317574
0.000262976
0.000244617
0.000244141
0.000220299
0.000266075
0.000293493
0.000279903
0.000317574
0.000308037
0.000306129
0.000323772
0.000269175
0.000270605
0.000318527
0.000270128
0.000222206
0.000283957
0.000257015
0.000289679
0.000299215
0.000268698
0.000244617
0.000303268
0.000298977
0.000304937
0.000315428
0.000303507
0.000285864
0.000379324
0.000258923
0.000295639
0.000262737
0.000222445
0.000224590
0.000243425
0.000210524
0.000247240
0.000277996
0.000288486
0.000326633
0.000272512
0.000298023
0.000257015
0.000330925
0.000243664
0.000210047
0.000224829
0.000271082
0.000252247
0.000333071
0.000329494
0.000256062
0.000353336
0.000264645
0.000269890
0.000256062
0.000267744
0.000284910
0.000274420
0.000284433
0.000320673
0.000222683
0.000308752
0.000253916
0.000226259
0.000206232
0.000159264
0.000304222
0.000251770
0.000284672
0.000205755
0.000217676
0.000234365
0.000279903
0.000229597
0.000258923
0.000191927
0.000188828
