0.000362635
0.000359297
0.000272989
0.000373602
0.000489473
0.000346661
0.000326633
0.000394821
0.000392914
0.000365019
0.000358582
0.000333071
0.000370026
0.000383377
0.000353813
0.000410795
0.000359774
0.000346422
0.000353813
0.000309229
0.000392675
0.000362635
0.000352383
0.000386000
0.000393152
0.000357866
0.000345707
0.000388384
0.000344276
0.000345707
0.000416040
0.000332832
0.000371456
0.000327110
0.000375032
0.000331163
0.000359774
0.000373602
0.000328302
0.000391722
0.000359058
0.000403166
0.000351429
0.000358582
0.000339031
0.000397682
0.000410080
0.000344992
0.000396729
0.000348806
0.000388384
0.000433445
0.000340223
0.000366211
0.000375271
0.000360966
0.000405788
0.000362396
0.000345230
0.000587940
0.000344515
0.000352383
0.000343323
0.000370264
0.000362396
0.000570059
0.000298500
0.000335217
0.000364542
0.000332355
0.000338078
0.000377655
0.000365973
0.000350952
0.000482798
0.000384569
0.000435591
0.000379562
0.000268698
0.000282764
0.000353813
0.000346184
0.000339985
0.000356197
0.000462770
0.000424385
0.000351191
0.000342369
0.000334501
0.000339508
0.000332355
0.000328779
0.000337362
0.000310183
0.000393867
0.000366926
0.000361204
0.000349998
0.000353336
0.000360250
