0.000216484
0.000223637
0.000272751
0.000190973
0.000544548
0.000226021
0.000178576
0.000219584
0.000214815
0.000247240
0.000293255
0.000180960
0.000224113
0.000288248
0.000186682
0.000306845
0.000193596
0.000195503
0.000180721
0.000193834
0.000293016
0.000245333
0.000248671
0.000296354
0.000232220
0.000375748
0.000283241
0.000241995
0.000255823
0.000241995
0.000238419
0.000224590
0.000176907
0.000308275
0.000241995
0.000264645
0.000262976
0.000413418
0.000187397
0.000232935
0.000231028
0.000260115
0.000227451
0.000179768
0.000356913
0.000339270
0.000262022
0.000201702
0.000285149
0.000276089
0.000268936
0.000221968
0.000188828
0.000219822
0.000248194
0.000288248
0.000296593
0.000181913
0.000265598
0.000247478
0.000180006
0.000190973
0.000202179
0.000213623
0.000208378
0.000194311
0.000278950
0.000259638
0.000230312
0.000249386
0.000423431
0.000298738
0.000296116
0.000243902
0.000194311
0.000234365
0.000200748
0.000181913
0.000267744
0.000242710
0.000206709
0.000206947
0.000284672
0.000224590
0.000208378
0.000194550
0.000174761
0.000188828
0.000247002
0.000304699
0.000223398
0.000211477
0.000240088
0.000237703
0.000198841
0.000190973
0.000259638
0.000232220
0.000304461
0.000236511
