0.000507832
0.000513077
0.000549793
0.000501156
0.000545502
0.000507832
0.000460148
0.000515938
0.000392675
0.000551462
0.000504017
0.000542879
0.000540495
0.000548840
0.000516415
0.000509739
0.000497341
0.000521660
0.000503302
0.000505924
0.000531673
0.000483274
0.000510693
0.000514030
0.000485420
0.000502586
0.000517130
0.000483990
0.000515699
0.000554085
0.000490665
0.000565290
0.000552177
0.000492334
0.000573635
0.000514507
0.000444651
0.000499249
0.000493765
0.000516176
0.000569344
0.000551701
0.000537395
0.000494003
0.000526190
0.000516176
0.000482321
0.000490189
0.000486851
0.000508547
0.000548124
0.000512123
0.000524759
0.000521421
0.000535250
0.000525236
0.000582457
0.000470638
0.000507355
0.000593662
0.000499249
0.000482321
0.000523567
0.000495434
0.000498772
0.000529051
0.000533104
0.000533104
0.000550508
0.000489473
0.000509501
0.000533819
0.000523806
0.000512600
0.000550508
0.000483513
0.000516415
0.000496864
0.000518084
0.000521898
0.000539541
0.000536919
0.000501394
0.000544786
0.000540495
0.000507355
0.000568151
0.000515223
0.000558853
0.000518560
0.000561476
0.000473738
0.000573874
0.000541925
0.000519753
0.000530481
0.000499010
0.000522852
0.000540495
0.000494957
