0.030139446
0.016721010
0.019994736
0.016200304
0.017403364
0.030544519
0.016086578
0.015988111
0.027375698
0.017279148
0.016483068
0.016740561
0.016072989
0.016205788
0.016411304
0.015891552
0.016466856
0.024210215
0.017418385
0.015549421
0.014476538
0.016638756
0.024809837
0.016287565
0.014406443
0.016482353
0.016378880
0.016011000
0.017043352
0.015284300
0.016983032
0.015988827
0.014277697
0.023307562
0.030349016
0.017931938
0.014547586
0.016226053
0.016270399
0.028695822
0.028859615
0.015609980
0.014385700
0.014662981
0.015162230
0.015016556
0.020661116
0.024065256
0.016486406
0.016633511
0.016444206
0.016208410
0.028439522
0.016474485
0.013953447
0.016264677
0.016358137
0.017275810
0.016625404
0.015025139
0.020895481
0.016876221
0.014205456
0.025708199
0.016547918
0.016687870
0.016971350
0.035370111
0.014714479
0.014659405
0.016622543
0.016091824
0.016147852
0.017336369
0.016028404
0.015146971
0.017123222
0.028089762
0.021113634
0.016165495
0.016031265
0.014579535
0.016899586
0.015707254
0.026151896
0.016596317
0.014512777
0.016262531
0.016549587
0.023603439
0.014922380
0.015490055
0.017245054
0.016841173
0.015998840
0.015972853
0.014194012
0.017284155
0.014890194
0.016490936
