0.014273882
0.009081125
0.008717060
0.007664919
0.006060600
0.007571936
0.016829252
0.008606911
0.008399963
0.008309126
0.009372234
0.014539957
0.008755445
0.008806705
0.008444786
0.008177280
0.008778572
0.015694380
0.008092880
0.012280703
0.008680344
0.013855457
0.008892536
0.008329630
0.008648396
0.008084774
0.008083344
0.008299589
0.008540392
0.009152889
0.008182287
0.007308960
0.007775068
0.008357525
0.008737326
0.008725405
0.014707804
0.008604288
0.008212566
0.008407831
0.008398294
0.008716822
0.008548975
0.013517380
0.008359671
0.008434534
0.008167744
0.008355379
0.008544922
0.008472681
0.008483410
0.008234501
0.008401155
0.008677959
0.008342505
0.008585691
0.008202553
0.008319855
0.008473396
0.008363724
0.008186817
0.008084536
0.018068790
0.008568764
0.007789373
0.007820129
0.008327961
0.008472204
0.007893801
0.008436203
0.007878780
0.008036375
0.008192062
0.008386850
0.008072853
0.007510185
0.007955313
0.007993221
0.017836094
0.008150816
0.007829666
0.008041382
0.008188009
0.008386850
0.008186579
0.008041620
0.007936954
0.008183956
0.008735418
0.009153843
0.007411957
0.007289410
0.007538319
0.008507967
0.017458200
0.008606672
0.024440527
0.008299351
0.014757633
0.007844448
