0.000792503
0.000795603
0.000803709
0.000806570
0.000819683
0.000804186
0.000810385
0.000842094
0.000788450
0.000828028
0.000800133
0.000816584
0.000788450
0.000804901
0.000787735
0.000853062
0.000796556
0.000820875
0.000820160
0.000815392
0.000837326
0.000834465
0.000925779
0.000817537
0.000859499
0.000809908
0.000827789
0.000838280
0.000677109
0.000808239
0.000812769
0.000799894
0.000782728
0.000840664
0.000838757
0.000847816
0.000829458
0.000826597
0.000796318
0.000806570
0.000809193
0.000842571
0.000806570
0.000830173
0.000816822
0.000822306
0.000780106
0.000794649
0.000833988
0.000843048
0.000783443
0.000942230
0.000781298
0.000848055
0.000781775
0.000801086
0.000825644
0.000838757
0.000814915
0.000838995
0.000830412
0.000827312
0.000828505
0.000871420
0.000833511
0.000847340
0.000824213
0.000938892
0.000813007
0.000807524
0.000821352
0.000846148
0.000824213
0.000833511
0.000816345
0.000835180
0.000783443
0.000824690
0.000802517
0.000850677
0.000797749
0.000841379
0.000801325
0.000818253
0.000797272
0.000827074
0.000810146
0.000905752
0.000805140
0.000820160
0.000755548
0.000816107
0.000891209
0.000779629
0.000782967
0.000803947
0.000797272
0.000813484
0.000799656
0.000820637
