0.000249147
0.000211239
0.000192165
0.000229836
0.000253201
0.000264168
0.000247478
0.000470877
0.000274897
0.000281811
0.000212193
0.000263214
0.000203609
0.000209332
0.000214577
0.000192165
0.000300407
0.000250340
0.000231028
0.000187397
0.000177145
0.000187635
0.000209570
0.000217676
0.000178099
0.000186443
0.000185013
0.000207424
0.000226974
0.000180483
0.000195265
0.000202179
0.000300646
0.000314236
0.000279665
0.000276804
0.000239134
0.000225306
0.000186205
0.000310898
0.000323296
0.000351906
0.000297785
0.000337362
0.000274658
0.000318289
0.000336170
0.000321150
0.000306606
0.000338316
0.000312567
0.000306606
0.000294924
0.000305891
0.000323534
0.000317812
0.000322580
0.000302553
0.000285625
0.000380278
0.000237226
0.000242949
0.000250816
0.000237226
0.000306368
0.000256777
0.000252247
0.000261545
0.000263691
0.000226736
0.000298977
0.000272989
0.000264406
0.000284195
0.000507355
0.000244141
0.000328302
0.000344753
0.000313520
0.000270844
0.000572205
0.000269175
0.000262737
0.000260830
0.000298738
0.000225544
0.000265598
0.000249863
0.000200748
0.000179052
0.000227690
0.000275373
0.000211239
0.000199080
0.000206709
0.000199318
0.000305891
0.000318050
0.000308990
0.000336885
