0.000330448
0.000298023
0.000248909
0.000318289
0.000320911
0.000219584
0.000253677
0.000293493
0.000280619
0.000315428
0.000256062
0.000349045
0.000305176
0.000355482
0.000332355
0.000275135
0.000321150
0.000316620
0.000339985
0.000303507
0.000530243
0.000288248
0.000352621
0.000253439
0.000398397
0.000255346
0.000318527
0.000332117
0.000344753
0.000275135
0.000275373
0.000407457
0.000247002
0.000267506
0.000248909
0.000267267
0.000244617
0.000250578
0.000275850
0.000301838
0.000288963
0.000356674
0.000325441
0.000268459
0.000332117
0.000333786
0.000409365
0.000301600
0.000297546
0.000298738
0.000395775
0.000352144
0.000315905
0.000256062
0.000259399
0.000320435
0.000305891
0.000313997
0.000316620
0.000367403
0.000384092
0.000295401
0.000244617
0.000381470
0.000321865
0.000345707
0.000285149
0.000304222
0.000266314
0.000229836
0.000327826
0.000312567
0.000314236
0.000310183
0.000317812
0.000341654
0.000269651
0.000257254
0.000318766
0.000291109
0.000297785
0.000403643
0.000264645
0.000276089
0.000445127
0.000293970
0.000316381
0.000550032
0.000308990
0.000268459
0.000257492
0.000272751
0.000319481
0.000291824
0.000271559
0.000294924
0.000294447
0.000290871
0.000301361
0.000295162
