0.017062426
0.016415596
0.010224104
0.010690928
0.010275841
0.010245323
0.010517597
0.011426210
0.011280537
0.011613131
0.010488510
0.011581659
0.011008263
0.011035919
0.010644674
0.010821342
0.010028362
0.010381937
0.011507988
0.030407906
0.010597229
0.011364937
0.011574984
0.015471458
0.021079063
0.016694784
0.011092186
0.021387815
0.011896372
0.019867182
0.010440350
0.008974552
0.011814594
0.009944677
0.018641472
0.011800528
0.018547297
0.009874582
0.010535002
0.015904665
0.010472298
0.014448404
0.010593891
0.012123108
0.010877609
0.010224819
0.011177778
0.030280352
0.010658979
0.019266605
0.011266232
0.010180235
0.019063234
0.010807276
0.010591030
0.020860910
0.010193348
0.010595083
0.010487318
0.010878325
0.012094975
0.011150599
0.011945963
0.012029886
0.011568785
0.019753456
0.011825323
0.010554075
0.009867668
0.010255337
0.009907484
0.010825872
0.012171984
0.011134624
0.011822462
0.011940718
0.010494947
0.015786886
0.010478497
0.010787725
0.010383129
0.010841370
0.019828081
0.010938644
0.012501717
0.011412621
0.011533976
0.017503262
0.010081291
0.009633303
0.010014772
0.010960102
0.012189388
0.011697054
0.011350870
0.021734715
0.010569572
0.010743856
0.010971069
0.010450125
