0.061841965
0.012506485
0.000189781
0.000258207
0.000309229
0.000334263
0.000348091
0.000290632
0.000369072
0.000321388
0.000356197
0.000319958
0.000328302
0.000339270
0.000331640
0.000318766
0.000350714
0.000289440
0.000345707
0.000333786
0.000333309
0.000286102
0.000319004
0.000315905
0.000324249
0.000255585
0.000236273
0.000235319
0.000252962
0.000225067
0.000281096
0.000235796
0.000236988
0.000267744
0.000291348
0.000209808
0.000452280
0.000315666
0.000303745
0.000592947
0.000601053
0.000247002
0.000162601
0.000285625
0.000509024
0.000214577
0.000248194
0.000240803
0.000202179
0.000292063
0.000228643
0.000259161
0.000348330
0.000310183
0.000282526
0.000284195
0.000360489
0.000298738
0.000366926
0.000329018
0.000338316
0.000270367
0.000222683
0.000324965
0.000219345
0.000330687
0.000261068
0.000291586
0.000271559
0.000353813
0.000190973
0.000304699
0.000310183
0.000316620
0.000329018
0.000312328
0.000355721
0.000283718
0.000245094
0.000300884
0.000258207
0.000357628
0.000379086
0.000332355
0.000283241
0.000346899
0.000299215
0.000307560
0.000255585
0.000308514
0.000293016
0.000298262
0.000350475
0.000296593
0.000236034
0.000282526
0.000293255
0.000338078
0.000335693
0.000270844
