0.000332594
0.000303268
0.000294209
0.000285387
0.000300884
0.000326157
0.000300884
0.000324488
0.000308037
0.000299215
0.000342131
0.000315905
0.000320435
0.000303984
0.000335455
0.000390530
0.000369549
0.000269175
0.000308037
0.000265837
0.000301838
0.000285864
0.000280619
0.000285625
0.000288248
0.000265598
0.000248432
0.000278711
0.000278234
0.000317574
0.000303268
0.000280142
0.000313997
0.000279188
0.000293016
0.000276566
0.000285387
0.000300407
0.000303268
0.000323057
0.000256538
0.000279188
0.000281572
0.000279665
0.000270605
0.000256300
0.000246763
0.000293255
0.000308037
0.000323057
0.000291824
0.000304699
0.000302553
0.000293732
0.000304222
0.000294209
0.000294924
0.000294924
0.000291109
0.000308275
0.000305891
0.000273943
0.000281334
0.000279427
0.000274181
0.000299215
0.000322580
0.000295877
0.000310421
0.000294209
0.000279665
0.000283718
0.000308514
0.000294447
0.000299692
0.000258684
0.000277996
0.000285625
0.000293732
0.000288725
0.000303984
0.000303984
0.000286102
0.000281334
0.000301361
0.000298023
0.000287294
0.000298500
0.000299215
0.000316858
0.000301600
0.000295877
0.000282288
0.000283480
0.000309467
0.000321150
0.000329018
0.000284910
0.000302315
0.000284195
