0.000430107
0.000425339
0.000495672
0.000458241
0.000498533
0.000532150
0.000498295
0.000456810
0.000460386
0.000460625
0.000450373
0.000561714
0.000467777
0.000447035
0.000536203
0.000439644
0.000498056
0.000480413
0.000517368
0.000437975
0.000506639
0.000441313
0.000458241
0.000516891
0.000464916
0.000525475
0.000514746
0.000463009
0.000486135
0.000541925
0.000494719
0.000411749
0.000496864
0.000471592
0.000530720
0.000480652
0.000454903
0.000415564
0.000494480
0.000462055
0.000470400
0.000498295
0.000461578
0.000473499
0.000512362
0.000417948
0.000476122
0.000483274
0.000474930
0.000518560
0.000514269
0.000416517
0.000426292
0.000496149
0.000454664
0.000448465
0.000480175
0.000480175
0.000445843
0.000617027
0.000427961
0.000475645
0.000515461
0.000494480
0.000422001
0.000488758
0.000438929
0.000478506
0.000446320
0.000452280
0.000408173
0.000485420
0.000480413
0.000478745
0.000520706
0.000463009
0.000493050
0.000516176
0.000454903
0.000446558
0.000491381
0.000474215
0.000479460
0.000511885
0.000437260
0.000474215
0.000515461
0.000406981
0.000478983
0.000511885
0.000478745
0.000441790
0.000487089
0.000480652
0.000484467
0.000590563
0.000494719
0.000435114
0.000454903
0.000409126
