0.000355959
0.000364542
0.000331640
0.000299215
0.000292301
0.000338554
0.000369310
0.000341177
0.000357151
0.000321150
0.000335455
0.000338316
0.000336409
0.000342131
0.000324249
0.000342369
0.000340223
0.000334263
0.000370502
0.000360489
0.000344276
0.000370979
0.000344992
0.000342131
0.000373840
0.000345945
0.000318289
0.000342607
0.000320911
0.000348091
0.000366688
0.000311136
0.000336647
0.000313997
0.000367880
0.000338554
0.000339270
0.000329971
0.000356197
0.000343561
0.000294209
0.000361204
0.000318527
0.000370264
0.000343800
0.000362158
0.000356674
0.000355959
0.000339031
0.000319242
0.000350714
0.000345707
0.000336885
0.000317097
0.000370026
0.000347614
0.000326872
0.000359535
0.000345707
0.000400305
0.000321865
0.000344276
0.000344038
0.000355005
0.000338554
0.000341892
0.000311613
0.000330210
0.000341177
0.000338554
0.000345945
0.000323057
0.000344038
0.000339508
0.000331640
0.000350475
0.000323772
0.000330687
0.000316143
0.000359535
0.000359774
0.000323772
0.000334740
0.000316620
0.000326633
0.000358343
0.000341654
0.000344515
0.000341892
0.000317097
0.000352621
0.000347853
0.000339031
0.000318527
0.000317335
0.000346422
0.000328541
0.000348330
0.000318050
0.000312328
