0.000363588
0.000386953
0.000288725
0.000355482
0.000330448
0.000380754
0.000372410
0.000314951
0.000364304
0.000369072
0.000362396
0.000301600
0.000317097
0.000329494
0.000374794
0.000378132
0.000378847
0.000326633
0.000364780
0.000329018
0.000326157
0.000334978
0.000348806
0.000317812
0.000373602
0.000366449
0.000318527
0.000319004
0.000382662
0.000320673
0.000318527
0.000329733
0.000325203
0.000391483
0.000330210
0.000328302
0.000321865
0.000316381
0.000287533
0.000304937
0.000324488
0.000331163
0.000239134
0.000324488
0.000315189
0.000385523
0.000316381
0.000286579
0.000297070
0.000318527
0.000347137
0.000338316
0.000364065
0.000326633
0.000376463
0.000324488
0.000280619
0.000272274
0.000288963
0.000298738
0.000334501
0.000305653
0.000292778
0.000329256
0.000343800
0.000320196
0.000392914
0.000388145
0.000360250
0.000390768
0.000279188
0.000322342
0.000370026
0.000328064
0.000363350
0.000274420
0.000288963
0.000318527
0.000406981
0.000281572
0.000283241
0.000302315
0.000282764
0.000360727
0.000358582
0.000370026
0.000318766
0.000326872
0.000294924
0.000455856
0.000315428
0.000365734
0.000328302
0.000354528
0.000289202
0.000363827
0.000377655
0.000320435
0.000380039
0.000309944
