0.000343561
0.000352383
0.000284910
0.000368357
0.000306129
0.000361204
0.000373840
0.000363111
0.000361204
0.000366449
0.000327110
0.000321627
0.000297070
0.000324249
0.000259161
0.000270367
0.000324488
0.000362396
0.000376463
0.000331402
0.000289917
0.000312328
0.000319481
0.000354290
0.000256300
0.000386953
0.000288725
0.000295162
0.000344992
0.000308037
0.000344992
0.000312567
0.000290155
0.000341415
0.000244379
0.000336170
0.000380754
0.000365496
0.000296354
0.000293970
0.000342607
0.000272512
0.000361204
0.000338078
0.000375748
0.000338793
0.000325680
0.000398397
0.000371695
0.000310421
0.000339508
0.000283718
0.000354528
0.000399351
0.000306845
0.000328541
0.000542164
0.000333786
0.000339270
0.000344515
0.000334263
0.000331640
0.000340700
0.000292540
0.000305891
0.000267744
0.000292540
0.000367165
0.000322580
0.000320196
0.000321865
0.000319719
0.000353098
0.000297308
0.000302553
0.000309229
0.000386000
0.000302315
0.000277519
0.000321388
0.000316858
0.000331879
0.000336885
0.000319958
0.000318050
0.000321865
0.000335693
0.000314236
0.000312090
0.000262499
0.000285864
0.000303030
0.000333548
0.000316381
0.000315666
0.000320911
0.000321627
0.000339508
0.000275612
0.000294447
