0.001076221
0.001235008
0.001174927
0.001128674
0.001192093
0.001228094
0.001170635
0.001181602
0.001162767
0.001159430
0.001137495
0.001225710
0.001196861
0.001205921
0.001128435
0.001193285
0.001155853
0.001124859
0.001176119
0.001213312
0.001201153
0.001079798
0.001244307
0.001203537
0.000948429
0.001216888
0.001166344
0.001226425
0.001155853
0.001270056
0.001286507
0.001136065
0.001188993
0.001260281
0.001124144
0.001241207
0.001243591
0.001163721
0.001220465
0.001120090
0.001107454
0.001179457
0.001212597
0.001174688
0.001197815
0.001146317
0.001134872
0.001091480
0.001209736
0.001142502
0.001188755
0.001185179
0.001194954
0.001251459
0.001196623
0.001149893
0.001095772
0.001080036
0.001220465
0.001190424
0.001174927
0.001098633
0.001137972
0.001130342
0.001219749
0.001219273
0.001250744
0.001071930
0.001193523
0.001010418
0.001157761
0.001199722
0.001240253
0.001111746
0.001113176
0.001155376
0.001216888
0.001096725
0.001170397
0.001044750
0.001295567
0.001197100
0.001118183
0.001114130
0.001211166
0.000983000
0.001121759
0.001123428
0.001199961
0.001068115
0.001219034
0.001191616
0.001195669
0.001159668
0.001258850
0.001134634
0.001126766
0.001116276
0.001067877
0.001205921
