0.001858473
0.001854181
0.001823902
0.001717091
0.001688480
0.001734972
0.001841307
0.001739979
0.001913548
0.001963377
0.002191067
0.001880646
0.001991510
0.001878023
0.001902580
0.001716137
0.001832485
0.002020121
0.002115726
0.001650333
0.001851320
0.001848221
0.001906157
0.001754761
0.001817703
0.001856804
0.001918316
0.001693249
0.001780987
0.001909256
0.001940727
0.012462616
0.001830101
0.001844883
0.001748800
0.001838684
0.001913786
0.001798153
0.001983166
0.001810312
0.001821280
0.001895905
0.001835823
0.001804590
0.001755476
0.001906633
0.001810789
0.012074232
0.001842737
0.001847029
0.001851082
0.001699924
0.001778603
0.001757383
0.001916647
0.001791477
0.001848221
0.001816511
0.001792431
0.001798153
0.001920700
0.001753330
0.001830339
0.001784801
0.001849890
0.001858711
0.001751184
0.001730442
0.001728773
0.001850605
0.001755238
0.001694441
0.001810789
0.001691580
0.001764536
0.001891613
0.001935005
0.001814365
0.001780510
0.001752853
0.001772881
0.001780748
0.001773596
0.001687765
0.001865864
0.001808882
0.001753092
0.001776695
0.001835585
0.001740456
0.001864910
0.001837969
0.001802206
0.001789808
0.001794338
0.001809597
0.001847029
0.001904249
0.001821280
0.001917124
