0.015487432
0.005886078
0.005202055
0.013661623
0.005988836
0.005347490
0.005261660
0.005374908
0.005334139
0.005897999
0.005295753
0.005243063
0.005316496
0.005384684
0.005193233
0.015013695
0.005971909
0.005569220
0.005707264
0.005603075
0.005789518
0.005855083
0.018370152
0.006092787
0.006077766
0.006166935
0.005511761
0.006189823
0.005977631
0.005867004
0.005892754
0.006403208
0.006218195
0.006328583
0.014873028
0.018637419
0.013967276
0.005741835
0.005633354
0.005862713
0.005820990
0.005803108
0.005820274
0.005940914
0.006114483
0.005857229
0.005845547
0.005922079
0.005734444
0.005908251
0.005938530
0.005981207
0.005944967
0.005765915
0.005919218
0.005525589
0.005885839
0.005922318
0.005944729
0.005800724
0.014809847
0.006157160
0.005925417
0.005698442
0.005604506
0.005855560
0.005831242
0.005922318
0.005928040
0.005795479
0.005716562
0.018483639
0.005787373
0.005798101
0.005747318
0.005907774
0.005741835
0.005860090
0.005681515
0.018948793
0.005728722
0.005532980
0.005545855
0.005731821
0.005573034
0.005655527
0.005686045
0.005728722
0.005772829
0.005744934
0.005672693
0.005909920
0.006172419
0.005628586
0.005717993
0.005728006
0.005681515
0.005767584
0.005720854
0.005826950
