0.000344992
0.000422239
0.000322342
0.000382185
0.000331640
0.000338316
0.000365019
0.000378847
0.000320673
0.000376701
0.000417948
0.000331163
0.000368357
0.000399590
0.000408173
0.000422239
0.000401020
0.000395298
0.000367403
0.000396252
0.000339031
0.000395536
0.000372887
0.000360727
0.000475883
0.000384569
0.000336170
0.000391245
0.000324726
0.000398636
0.000318766
0.000379086
0.000315428
0.000337362
0.000428438
0.000392675
0.000427723
0.000372410
0.000327587
0.000337839
0.000337124
0.000329733
0.000343323
0.000388622
0.000373125
0.000370264
0.000333309
0.000323057
0.000372171
0.000404119
0.000385761
0.000411034
0.000383615
0.000372410
0.000385046
0.000342607
0.000333786
0.000371933
0.000387192
0.000403166
0.000444651
0.000323296
0.000355721
0.000383615
0.000351429
0.000371695
0.000381470
0.000370741
0.000398636
0.000419617
0.000382423
0.000383615
0.000383139
0.000384569
0.000325441
0.000402212
0.000390768
0.000413179
0.000367403
0.000374794
0.000354052
0.000384331
0.000385761
0.000338793
0.000321388
0.000368834
0.000405312
0.000386715
0.000385046
0.000378609
0.000376701
0.000312090
0.000382662
0.000336647
0.000328779
0.000386715
0.000382900
0.000369310
0.000372171
0.000371456
