0.000354767
0.000349760
0.000305414
0.000286102
0.000332355
0.000280142
0.000267982
0.000312567
0.000303745
0.000323772
0.000319004
0.000313282
0.000279665
0.000335217
0.000346422
0.000310898
0.000323772
0.000314713
0.000312805
0.000367403
0.000333309
0.000336409
0.000333786
0.000328541
0.000414371
0.000327110
0.000317335
0.000365973
0.000334024
0.000338554
0.000313282
0.000299215
0.000341654
0.000309229
0.000361443
0.000282049
0.000355721
0.000340223
0.000339985
0.000331163
0.000313282
0.000359058
0.000324011
0.000349998
0.000390530
0.000327587
0.000332355
0.000302553
0.000325918
0.000392199
0.000362396
0.000333548
0.000347614
0.000356197
0.000373602
0.000345707
0.000320435
0.000286579
0.000327587
0.000513554
0.000326633
0.000328064
0.000293732
0.000300407
0.000373602
0.000298738
0.000345230
0.000295639
0.000297070
0.000327826
0.000313282
0.000322819
0.000306845
0.000339031
0.000341654
0.000341177
0.000319004
0.000309467
0.000324249
0.000349283
0.000314236
0.000346661
0.000311852
0.000292063
0.000338554
0.000359774
0.000355482
0.000305891
0.000279188
0.000333548
0.000329018
0.000315666
0.000319481
0.000316620
0.000344276
0.000322342
0.000320911
0.000343323
0.000314951
0.000307560
