0.001177549
0.001367569
0.001331091
0.001234293
0.001301050
0.001149893
0.001226902
0.001271963
0.001175642
0.001253366
0.001238585
0.001323462
0.001266718
0.001221180
0.001199961
0.001224995
0.001239538
0.001165152
0.001246929
0.001248598
0.001358271
0.001176357
0.001258373
0.001265764
0.001182318
0.001218796
0.001215935
0.001235485
0.001139879
0.001141310
0.001227140
0.001168489
0.001229525
0.001201868
0.001205206
0.001228333
0.001251221
0.001095772
0.001182318
0.001233101
0.001234055
0.001165867
0.001256943
0.001204252
0.001218319
0.001238823
0.001247406
0.001227856
0.001179934
0.001168251
0.001214743
0.001182079
0.001156807
0.001250029
0.001194239
0.001074553
0.001205683
0.001254320
0.001243591
0.001300573
0.001210213
0.012291193
0.001290560
0.001250267
0.001208544
0.012426376
0.001059532
0.001220465
0.001237869
0.001181841
0.001225710
0.001207590
0.001220465
0.001239300
0.001206636
0.001201630
0.001267195
0.001278162
0.001336575
0.001315594
0.001226902
0.012280226
0.001452923
0.001272678
0.001239777
0.001168489
0.001232862
0.001189709
0.001241446
0.001112700
0.001139402
0.001144409
0.001170158
0.001139641
0.001161098
0.001194954
0.001103878
0.001038074
0.001188040
0.001283169
