0.000279665
0.000225544
0.000262022
0.000256062
0.000239611
0.000275612
0.000263214
0.000247478
0.000296593
0.000264168
0.000264883
0.000313997
0.000279427
0.000246048
0.000263929
0.000264168
0.000276804
0.000302315
0.000242949
0.000244141
0.000256777
0.000265121
0.000267982
0.000263453
0.000273228
0.000231266
0.000272274
0.000253439
0.000260830
0.000270128
0.000243425
0.000302076
0.000249386
0.000264406
0.000269651
0.000263929
0.000251532
0.000289440
0.000263929
0.000232220
0.000287056
0.000319481
0.000265121
0.000319004
0.000250578
0.000251055
0.000240564
0.000469446
0.000268221
0.000260830
0.000241756
0.000224113
0.000254869
0.000242949
0.000271082
0.000259399
0.000278711
0.000292540
0.000313520
0.000264406
0.000312328
0.000312805
0.000277996
0.000272512
0.000289679
0.000261545
0.000261307
0.000286818
0.000300884
0.000261068
0.000239372
0.000217915
0.000235796
0.000243902
0.000312805
0.000263214
0.000312805
0.000298977
0.000263691
0.000263453
0.000261068
0.000306845
0.000348806
0.000261545
0.000232220
0.000213623
0.000246286
0.000315905
0.000249147
0.000525713
0.000298023
0.000261068
0.000245810
0.000246048
0.000247002
0.000242472
0.000323296
0.000306845
0.000306368
0.000249147
