0.000270844
0.000284195
0.000265360
0.000263453
0.000281811
0.000249386
0.000268459
0.000309944
0.000261784
0.000265121
0.000259399
0.000254631
0.000258207
0.000271559
0.000256062
0.000218153
0.000273705
0.000254631
0.000257254
0.000375032
0.000254869
0.000269413
0.000268936
0.000264883
0.000254869
0.000267982
0.000268698
0.000272989
0.000258684
0.000280619
0.000269890
0.000282764
0.000268221
0.000252485
0.000253916
0.000266552
0.000275850
0.000267267
0.000267506
0.000267267
0.000259161
0.000273466
0.000268698
0.000267982
0.000269890
0.000251293
0.000270844
0.000255823
0.000268221
0.000268936
0.000272036
0.000252962
0.000270605
0.000274658
0.000267267
0.000270844
0.000267506
0.000270844
0.000267982
0.000252485
0.000251532
0.000286102
0.000253916
0.000253677
0.000270128
0.000255108
0.000269175
0.000256300
0.000297785
0.000271559
0.000271797
0.000334978
0.000271320
0.000259161
0.000278711
0.000275135
0.000271320
0.000290632
0.000294447
0.000298977
0.000262737
0.000265837
0.000268221
0.000301361
0.000282764
0.000256300
0.000293255
0.000292540
0.000291348
0.000311613
0.000264883
0.000340939
0.000288248
0.000301600
0.000271082
0.000238895
0.000289917
0.000285625
0.000303745
0.000245333
