0.000672817
0.000627756
0.000622988
0.000613928
0.000776291
0.000718594
0.000704527
0.000702620
0.000606537
0.000658274
0.000628948
0.000673532
0.000643730
0.000630856
0.000614882
0.000614405
0.000541210
0.000677347
0.000617981
0.000715017
0.000640154
0.000651121
0.000630379
0.000669718
0.000676632
0.000635147
0.000599384
0.000640154
0.000585079
0.000624418
0.000657797
0.000709295
0.000617504
0.000614643
0.000593901
0.000606537
0.000720978
0.000624180
0.000689268
0.000710964
0.000564814
0.000636578
0.000559092
0.000673056
0.000630140
0.000632524
0.000540018
0.000708580
0.000611544
0.000683308
0.000583172
0.000592947
0.000568151
0.000617743
0.000566244
0.000591993
0.000591278
0.000725508
0.000597000
0.000616312
0.000530005
0.000723839
0.000746012
0.000602007
0.000752687
0.000724077
0.000714302
0.000734329
0.000672340
0.000732422
0.000676632
0.000748634
0.000663042
0.000763893
0.000670671
0.000639439
0.000702381
0.000696659
0.000693798
0.000710964
0.000591993
0.000685930
0.000701666
0.000734091
0.000660658
0.000703335
0.000685930
0.000673532
0.000601053
0.000698328
0.000654459
0.000726223
0.000623226
0.000718117
0.000620365
0.000733376
0.000757933
0.000757456
0.000600815
0.000744581
