0.000413895
0.000370502
0.000455141
0.000308275
0.000426292
0.000427961
0.000342607
0.000346422
0.000399590
0.000324726
0.000370264
0.000385046
0.000384092
0.000386715
0.000378847
0.000329494
0.000341654
0.000346661
0.000364542
0.000363827
0.000375509
0.000345945
0.000390291
0.000366688
0.000527143
0.000348806
0.000431061
0.000467062
0.000439882
0.000401974
0.000339746
0.000324726
0.000414610
0.000345707
0.000385284
0.000383139
0.000424862
0.000384808
0.000361681
0.000339985
0.000472069
0.000410557
0.000385284
0.000430107
0.000505924
0.000349522
0.000509262
0.000396013
0.000345945
0.000326157
0.000390053
0.000335693
0.000425339
0.000493526
0.000323772
0.000322580
0.000389576
0.000347137
0.000474930
0.000611544
0.000348330
0.000344753
0.000389338
0.000360489
0.000347614
0.000408649
0.000362873
0.000350952
0.000399351
0.000350475
0.000347376
0.000377417
0.000343800
0.000360012
0.000386477
0.000360250
0.000349998
0.000360727
0.000350237
0.000362158
0.000401020
0.000363588
0.000340223
0.000408888
0.000359774
0.000345469
0.000383615
0.000343084
0.000365734
0.000392675
0.000367165
0.000357866
0.000382900
0.000357151
0.000371218
0.000407696
0.000359774
0.000322342
0.000327587
0.000335932
