0.000271797
0.000268698
0.000577450
0.000232697
0.000220776
0.000173569
0.000303984
0.000226974
0.000202656
0.000194073
0.000154972
0.000187874
0.000130415
0.000194788
0.000206232
0.000408888
0.000260115
0.000266075
0.000284195
0.000281096
0.000302076
0.000302315
0.000278711
0.000300646
0.000282288
0.000285149
0.000270128
0.000262976
0.000257969
0.000276089
0.000263929
0.000267744
0.000258446
0.000269651
0.000268936
0.000246286
0.000259876
0.000257015
0.000254869
0.000267267
0.000268221
0.000256300
0.000261784
0.000258923
0.000270605
0.000253916
0.000254154
0.000254869
0.000254631
0.000260353
0.000282526
0.000257492
0.000250340
0.000268698
0.000309229
0.000497103
0.000200510
0.000192881
0.000252485
0.000266314
0.000164509
0.000274897
0.000181198
0.000196218
0.000153065
0.000167608
0.000154972
0.000255108
0.000166416
0.000183821
0.000185490
0.000243187
0.000223398
0.000180483
0.000182629
0.000165224
0.000155210
0.000181913
0.000206947
0.000149012
0.000196218
0.000231743
0.000195503
0.000152111
0.000210524
0.000253677
0.000208616
0.000176191
0.000232935
0.000206709
0.000202656
0.000187159
0.000192642
0.000194073
0.000184536
0.000208139
0.000189781
0.000320196
0.000184298
0.000454426
