0.004043579
0.003893375
0.003219604
0.003279209
0.003646851
0.003565073
0.003321648
0.003401041
0.003973961
0.004243135
0.003158569
0.003229856
0.015614748
0.004182577
0.003109455
0.003220320
0.003506422
0.004047871
0.015554428
0.013890743
0.003108025
0.003127337
0.003552914
0.003567696
0.003507614
0.003598452
0.003608942
0.003601074
0.003505230
0.003455162
0.003581285
0.003619432
0.003783226
0.003622532
0.003560781
0.003190279
0.003721714
0.012531281
0.003573895
0.003528118
0.003659725
0.003810883
0.004037380
0.003953457
0.003368378
0.013254881
0.004009247
0.003343821
0.003224134
0.003956318
0.003484964
0.003350973
0.003233910
0.013581991
0.004107237
0.003067970
0.003344297
0.003882408
0.003526211
0.003861189
0.003376245
0.003779411
0.003608704
0.003869057
0.003523111
0.012658119
0.003563643
0.003682852
0.003484964
0.003740549
0.003502131
0.003423691
0.003317833
0.003853798
0.003590107
0.003445148
0.003304482
0.003483772
0.003322840
0.003808498
0.003644466
0.003179312
0.003242254
0.004367590
0.003732920
0.003224134
0.003292799
0.003824234
0.003499746
0.003805399
0.003547430
0.003732204
0.003474474
0.003863811
0.003540993
0.003305197
0.003259182
0.003865242
0.003489971
0.003305912
