0.000334978
0.000308275
0.000259399
0.000277519
0.000289917
0.000261068
0.000260115
0.000308752
0.000258684
0.000262260
0.000290394
0.000273705
0.000260115
0.000286579
0.000260115
0.000258923
0.000270367
0.000373125
0.000265360
0.000272512
0.000296354
0.000263929
0.000260115
0.000260115
0.000269651
0.000260830
0.000261784
0.000237226
0.000283003
0.000241756
0.000259638
0.000261545
0.000259876
0.000297070
0.000286341
0.000272512
0.000283957
0.000279665
0.000266075
0.000260592
0.000255108
0.000260830
0.000285625
0.000261068
0.000261784
0.000272989
0.000260353
0.000248671
0.000261307
0.000283241
0.000278950
0.000307083
0.000263929
0.000277758
0.000359058
0.000355482
0.000277996
0.000265121
0.000398874
0.000361681
0.000277758
0.000279903
0.000269890
0.000254154
0.000351906
0.000280857
0.000371933
0.000359058
0.000304461
0.000363588
0.000354290
0.000342846
0.000269890
0.000270128
0.000280619
0.000379086
0.000373363
0.000282049
0.000280380
0.000351667
0.000281811
0.000340939
0.000250578
0.000352859
0.000281096
0.000380039
0.000264883
0.000353575
0.000271559
0.000339270
0.000267744
0.000350475
0.000283718
0.000267982
0.000353575
0.000353336
0.000279427
0.000284672
0.000291824
0.000278950
