0.015323639
0.016155243
0.006384611
0.006346703
0.006594896
0.006660223
0.006411552
0.006609678
0.007448912
0.016687393
0.015106916
0.006428480
0.006480932
0.006750822
0.006639957
0.025326252
0.007120371
0.016709089
0.006470442
0.006623030
0.015600681
0.015448093
0.006557703
0.006624222
0.006848574
0.014156103
0.006366014
0.006094933
0.006452799
0.006248951
0.015606642
0.006433249
0.006655931
0.006625891
0.006578684
0.006747723
0.023275614
0.006828308
0.005817890
0.006026030
0.005973577
0.005862236
0.006033659
0.006727457
0.006455898
0.006289959
0.006430149
0.006801844
0.015270472
0.006604910
0.005890369
0.006536245
0.005978823
0.005907059
0.005917311
0.006223202
0.006124020
0.006249905
0.005944967
0.006550550
0.006381750
0.006381989
0.006321192
0.006500006
0.014667988
0.006926775
0.006566286
0.007373333
0.007294416
0.006804943
0.006966352
0.017283678
0.007277966
0.007446051
0.006883621
0.007497311
0.006990910
0.007174015
0.007245302
0.007450104
0.007133722
0.006995440
0.006863117
0.007396221
0.007374763
0.007099390
0.007356644
0.007338047
0.007203817
0.007295370
0.007524490
0.007121325
0.006979465
0.016247749
0.005875349
0.006357431
0.006336927
0.006504297
0.006503344
0.005905628
