0.063592911
0.013426781
0.000249863
0.000235319
0.000237226
0.000236511
0.000248671
0.000157118
0.000247478
0.000184059
0.000254631
0.000240326
0.000333786
0.000245094
0.000237942
0.000249147
0.000265121
0.000273228
0.000320911
0.000323057
0.000237226
0.000260353
0.000213861
0.000290394
0.000239372
0.000284433
0.000253201
0.000252485
0.000227451
0.000185013
0.000196695
0.000178099
0.000219107
0.000260353
0.000195980
0.000176907
0.000196218
0.000162840
0.000211954
0.000223637
0.000226498
0.000208378
0.000241041
0.000287056
0.000244141
0.000172853
0.000187397
0.000271797
0.000207186
0.000205994
0.000227690
0.000235081
0.000173092
0.000260592
0.000188828
0.000171423
0.000176668
0.000221968
0.000232935
0.000192165
0.000224829
0.000194788
0.000166178
0.000183105
0.000182867
0.000253916
0.000211954
0.000190735
0.000341892
0.000186443
0.000184774
0.000206470
0.000154972
0.000187635
0.000191927
0.000189304
0.000261784
0.000198126
0.000277758
0.000228882
0.000207186
0.000193119
0.000227213
0.000186443
0.000138283
0.000169277
0.000185013
0.000169992
0.000185013
0.000257730
0.000324249
0.000252247
0.000235319
0.000231028
0.000214100
0.000296593
0.000246286
0.000323057
0.000286579
0.000339985
