0.000269890
0.000298500
0.000273228
0.000262022
0.000274658
0.000286102
0.000271082
0.000262260
0.000270128
0.000269651
0.000310898
0.000270367
0.000270128
0.000281334
0.000262737
0.000257492
0.000271320
0.000258923
0.000270367
0.000235558
0.000287771
0.000288248
0.000288010
0.000273705
0.000293732
0.000288486
0.000309467
0.000289440
0.000295877
0.000334263
0.000273943
0.000273943
0.000287056
0.000291586
0.000274897
0.000275373
0.000308037
0.000282288
0.000308037
0.000308275
0.000243902
0.000263929
0.000343561
0.000317097
0.000302792
0.000281572
0.000302792
0.000306368
0.000276327
0.000287771
0.000291824
0.000298977
0.000288248
0.000289202
0.000296354
0.000312090
0.000272751
0.000299454
0.000305891
0.000310421
0.000297785
0.000273466
0.000275135
0.000277519
0.000263453
0.000263691
0.000277042
0.000306368
0.000308037
0.000286102
0.000273705
0.000288963
0.000300884
0.000288963
0.000276327
0.000273943
0.000264645
0.000291586
0.000292301
0.000290394
0.000274897
0.000295639
0.000275612
0.000290394
0.000299692
0.000276327
0.000288963
0.000283957
0.000283957
0.000310898
0.000273466
0.000243664
0.000287533
0.000275850
0.000279665
0.000262976
0.000283718
0.000264168
0.000310183
0.000225782
