0.012314320
0.001475811
0.001363277
0.001568794
0.001632214
0.001599550
0.001337767
0.001358032
0.001615047
0.001588583
0.001390934
0.001334190
0.001623869
0.001360416
0.001625061
0.001577377
0.001372814
0.001332998
0.001558304
0.001608133
0.001347780
0.001385450
0.001350164
0.001432657
0.001552105
0.001588345
0.001283884
0.001376629
0.001615763
0.001347780
0.001583815
0.001365423
0.001359940
0.001336575
0.001623869
0.001388788
0.001298428
0.001555204
0.001340389
0.001398802
0.001582384
0.001561642
0.001678467
0.001340628
0.001613379
0.001361132
0.001656294
0.001596451
0.001332760
0.001349688
0.001584053
0.001359224
0.001607656
0.001351357
0.001604080
0.001573801
0.001344442
0.001678705
0.001575708
0.001361847
0.001584530
0.001372814
0.001429081
0.001343250
0.001574516
0.001643181
0.001361847
0.001577377
0.001372576
0.001351833
0.001617432
0.001569033
0.001609325
0.001345158
0.001634359
0.001361132
0.001579523
0.001351357
0.001348972
0.001351595
0.001636505
0.001576900
0.001575470
0.001350641
0.001350164
0.001628637
0.001338959
0.001368284
0.001568079
0.001334667
0.001650572
0.001378298
0.001564026
0.001356363
0.001564980
0.001584530
0.001358271
0.001384735
0.001577139
0.001604080
0.001317739
0.001277685
0.001286745
0.001297235
0.001291513
0.001277208
0.001326561
0.001272202
0.001307964
0.001287937
0.001282930
0.001277924
0.001281023
0.001315117
0.001285791
0.001329184
0.001280785
0.001300573
0.001277685
0.001279354
0.001276970
0.001279116
0.001344919
0.001293421
0.001306057
0.001354456
0.001283169
0.001289368
0.001260996
0.001290321
0.001268387
0.001290560
0.001348972
0.001302481
0.001276493
0.001285315
0.001293898
0.001286983
0.001275301
0.001373529
