0.012833595
0.002681732
0.002777815
0.002416134
0.002795935
0.002781391
0.002457857
0.002379656
0.002823114
0.002405643
0.002783775
0.002737761
0.002844810
0.002418995
0.002418995
0.002383232
0.002780676
0.002382040
0.002771139
0.002748966
0.002441883
0.002434015
0.002787113
0.002491236
0.002767086
0.002399445
0.002412558
0.002755404
0.002749681
0.002422333
0.002462864
0.002438545
0.002729893
0.002758741
0.002399206
0.002824068
0.002743006
0.002419233
0.002416372
0.002804756
0.002758980
0.002777100
0.002753973
0.002475262
0.002752542
0.002755880
0.002778530
0.002420187
0.002395630
0.002445459
0.002744436
0.002766848
0.002389908
0.002739668
0.002800941
0.002439260
0.002448082
0.002769232
0.002763033
0.002778292
0.002397299
0.002791643
0.002486706
0.002432585
0.002766371
0.002774000
0.002439260
0.002781153
0.002412558
0.002444983
0.002388716
0.002792835
0.002408981
0.002765894
0.002761364
0.002770901
0.002423525
0.002440214
0.002784252
0.002740860
0.002747536
0.002453089
0.002725124
0.002406120
0.002401829
0.002506495
0.002796650
0.002451420
0.002749443
0.002387524
0.012522697
0.002414465
0.002418995
0.002748966
0.002765656
0.002758503
0.002449274
0.002463579
0.002781630
0.002412558
0.002785683
0.002303600
0.002318144
0.002294779
0.002295017
0.002294064
0.002288342
0.002342463
0.002307177
0.002323151
0.002288818
0.002312183
0.002270222
0.002294302
0.002304792
0.002281189
0.002288580
0.002317429
0.002306938
0.002282858
0.002292156
0.002281427
0.002322435
0.002322435
0.002310038
0.002299786
0.002315521
0.002315521
0.002272606
0.002286196
0.002271652
0.002305031
0.002297878
0.002302885
0.002293110
0.002280474
0.002298117
0.002303600
0.002289772
0.002299786
