0.000267982
0.000272512
0.000262260
0.000265360
0.000276566
0.000270128
0.000266552
0.000265837
0.000263453
0.000270128
0.000272751
0.000268459
0.000269651
0.000284195
0.000273228
0.000271082
0.000269651
0.000274897
0.000271082
0.000267744
0.000266075
0.000270844
0.000267267
0.000238419
0.000266790
0.000273705
0.000274658
0.000268936
0.000272036
0.000271797
0.000270128
0.000269175
0.000290632
0.000265837
0.000267506
0.000267506
0.000268698
0.000267029
0.000267506
0.000276089
0.000270128
0.000279665
0.000267744
0.000279427
0.000267982
0.000269413
0.000268221
0.000265598
0.000268936
0.000269651
0.000269413
0.000272512
0.000276327
0.000268459
0.000282288
0.000269413
0.000268459
0.000267029
0.000268698
0.000274897
0.000263691
0.000267267
0.000267744
0.000267744
0.000268459
0.000277042
0.000265598
0.000269413
0.000270367
0.000268221
0.000266790
0.000272751
0.000268459
0.000272036
0.000267029
0.000278473
0.000269413
0.000269890
0.000276327
0.000271797
0.000269413
0.000270367
0.000274420
0.000268221
0.000269890
0.000272751
0.000267267
0.000266552
0.000275612
0.000269175
0.000268221
0.000268459
0.000277758
0.000280142
0.000268221
0.000268936
0.000276566
0.000266790
0.000273705
0.000269175
0.000270844
0.000266790
0.000264406
0.000280619
0.000269175
0.000264645
0.000266075
0.000278473
0.000277042
0.000275612
0.000265598
0.000264168
0.000265837
0.000267744
0.000258923
0.000263929
0.000278711
0.000266790
0.000270367
0.000266790
0.000267506
0.000266314
0.000265837
0.000268698
0.000269651
0.000267267
0.000266790
0.000266790
0.000264406
0.000265837
0.000264168
0.000264645
0.000276089
0.000266790
0.000272751
0.000269651
0.000266790
0.000267506
0.000269413
0.000277281
