0.000467777
0.000459194
0.000374794
0.000473738
0.000382185
0.000380039
0.000466585
0.000376940
0.000380278
0.000385284
0.000464678
0.000369549
0.000377178
0.000379801
0.000478268
0.000380278
0.000378370
0.000380516
0.000461340
0.000377893
0.000379801
0.000383139
0.000383854
0.000377893
0.000371456
0.000454187
0.000377893
0.000378847
0.000377893
0.000455379
0.000386715
0.000376463
0.000452995
0.000380993
0.000380993
0.000386715
0.000458717
0.000373840
0.000454187
0.000394106
0.000377417
0.000380039
0.000470161
0.000385046
0.000387430
0.000376463
0.000486374
0.000387430
0.000381231
0.000388622
0.000377417
0.000476360
0.000372648
0.000379086
0.000377655
0.000458002
0.000376940
0.000375986
0.000375032
0.000467300
0.000383615
0.000375748
0.000461578
0.000372887
0.000378132
0.000375509
0.000375986
0.000381470
0.000459909
0.000377893
0.000378370
0.000483274
0.000387430
0.000376225
0.000376463
0.000369549
0.000469208
0.000377178
0.000376463
0.000463963
0.000389814
0.000389576
0.000375509
0.000463724
0.000375271
0.000383854
0.000376701
0.000458717
0.000375986
0.000381231
0.000459433
0.000375986
0.000374794
0.000379086
0.000468731
0.000373840
0.000383377
0.000387669
0.000459909
0.000375032
0.000374079
0.000366926
0.000381947
0.000369310
0.000373363
0.000355482
0.000377178
0.000368834
0.000365019
0.000371456
0.000364542
0.000370264
0.000365496
0.000366211
0.000364304
0.000368834
0.000363350
0.000367641
0.000380516
0.000367641
0.000370502
0.000372887
0.000364780
0.000370264
0.000370979
0.000390768
0.000369072
0.000364542
0.000372171
0.000367641
0.000364780
0.000370979
0.000370264
0.000371933
0.000367165
0.000365734
0.000359535
0.000369310
0.000370026
0.000378132
