0.000384808
0.000331163
0.000337601
0.000334740
0.000328541
0.000399590
0.000325441
0.000333071
0.000337362
0.000407696
0.000328541
0.000332355
0.000334263
0.000327349
0.000339508
0.000330925
0.000332594
0.000402212
0.000328302
0.000334740
0.000331879
0.000393867
0.000325441
0.000331163
0.000333548
0.000328541
0.000331640
0.000397205
0.000332117
0.000332355
0.000313759
0.000325918
0.000352859
0.000401974
0.000332355
0.000332594
0.000351429
0.000334024
0.000404596
0.000332594
0.000328302
0.000330687
0.000342607
0.000329256
0.000328064
0.000327826
0.000394106
0.000329018
0.000330687
0.000344753
0.000328541
0.000395536
0.000333786
0.000330687
0.000332832
0.000392914
0.000328779
0.000326633
0.000330925
0.000329018
0.000331879
0.000324726
0.000334263
0.000334978
0.000329494
0.000395775
0.000331640
0.000330448
0.000328779
0.000329494
0.000329256
0.000401974
0.000332355
0.000332832
0.000335932
0.000328302
0.000344038
0.000398636
0.000328302
0.000339270
0.000401497
0.000337124
0.000328541
0.000329971
0.000336170
0.000327349
0.000394106
0.000329018
0.000329971
0.000321388
0.000335455
0.000332594
0.000330925
0.000329018
0.000405312
0.000328779
0.000329733
0.000336647
0.000406981
0.000346184
0.000329494
0.000324726
0.000331163
0.000325680
0.000336647
0.000327349
0.000328779
0.000324488
0.000328064
0.000329256
0.000324011
0.000330448
0.000329256
0.000331640
0.000334501
0.000343561
0.000327349
0.000331879
0.000328064
0.000335693
0.000329971
0.000337362
0.000326157
0.000325203
0.000326633
0.000329971
0.000325680
0.000329256
0.000328302
0.000324965
0.000329018
0.000326157
0.000330687
0.000328779
0.000327826
0.000323057
0.000330687
0.000325918
0.000328302
0.000334501
