0.000348806
0.000303507
0.000297785
0.000305414
0.000311852
0.000302076
0.000358105
0.000299454
0.000255346
0.000249147
0.000301361
0.000298738
0.000318527
0.000297546
0.000228405
0.000231981
0.000267267
0.000488281
0.000282764
0.000277996
0.000275135
0.000305414
0.000262737
0.000335932
0.000267982
0.000278950
0.000275135
0.000350475
0.000248432
0.000276089
0.000254154
0.000266075
0.000286818
0.000387907
0.000259161
0.000239611
0.000224352
0.000292063
0.000295639
0.000300646
0.000296354
0.000368357
0.000294685
0.000294924
0.000298738
0.000272989
0.000273943
0.000275850
0.000273466
0.000275373
0.000273943
0.000276327
0.000272989
0.000327587
0.000283718
0.000276089
0.000273943
0.000272751
0.000278234
0.000271797
0.000266314
0.000274658
0.000273228
0.000339985
0.000274181
0.000273705
0.000274181
0.000275612
0.000272512
0.000275373
0.000277758
0.000338554
0.000274420
0.000273228
0.000273228
0.000287056
0.000271559
0.000272036
0.000273943
0.000271559
0.000272751
0.000273466
0.000270128
0.000332594
0.000276089
0.000270128
0.000273705
0.000266790
0.000273943
0.000278950
0.000276327
0.000274897
0.000273705
0.000347376
0.000278234
0.000271082
0.000275850
0.000272512
0.000271559
0.000270367
0.000272036
0.000268221
0.000275135
0.000271320
0.000273466
0.000276327
0.000270605
0.000271797
0.000270844
0.000275373
0.000269651
0.000272989
0.000267506
0.000272274
0.000268221
0.000269175
0.000276089
0.000270367
0.000277519
0.000275135
0.000272989
0.000270844
0.000273943
0.000272036
0.000270605
0.000277042
0.000273466
0.000275850
0.000276804
0.000276089
0.000272036
0.000277281
0.000273705
0.000321388
0.000302076
0.000301361
0.000299692
0.000296593
0.000297070
0.000308275
