0.015314102
0.005348682
0.004459858
0.005311012
0.004415274
0.005335093
0.005582571
0.004432917
0.005389929
0.004474163
0.005350828
0.005316257
0.004477739
0.005275488
0.005285978
0.004443169
0.005360126
0.004351377
0.004488230
0.004435778
0.005291462
0.004472017
0.005327463
0.004700422
0.005353451
0.004373074
0.004439354
0.005274773
0.005315065
0.004443169
0.004404306
0.014368534
0.004437923
0.005306959
0.005278349
0.004379034
0.005276442
0.004408121
0.005286694
0.004385710
0.005283594
0.004409552
0.005378723
0.005271912
0.004402399
0.004396200
0.004709005
0.004418373
0.005318165
0.004421949
0.004472017
0.005303621
0.005338907
0.004262447
0.005261660
0.004413128
0.005342960
0.004244804
0.004475117
0.004455328
0.005276918
0.005272627
0.004723310
0.004447460
0.005331039
0.004418850
0.005245924
0.005274773
0.004395723
0.004391432
0.005261421
0.005292892
0.005257368
0.004354954
0.005347490
0.004435062
0.005306959
0.004428864
0.004444599
0.005337238
0.005281925
0.004408598
0.005325794
0.005304337
0.004481554
0.004704475
0.004369736
0.005316496
0.004398823
0.005310059
0.004463434
0.005347013
0.004412413
0.004400730
0.004415751
0.004407167
0.005270481
0.005301952
0.004463673
0.005303383
0.005302191
0.004245758
0.004258394
0.004204273
0.004208565
0.004214048
0.004204988
0.004257679
0.004247427
0.004200220
0.004190922
0.004156828
0.004266500
0.004195452
0.004168749
0.004239082
0.004216194
0.004220486
0.004238129
0.004177094
0.004209042
0.004171610
0.004249811
0.004165888
0.004166126
0.004173994
0.004195452
0.004291296
0.004204512
0.004164696
0.004153490
0.004190445
0.004212141
0.004238129
0.004164934
0.004243851
0.004242420
0.004226923
0.004236698
0.004236937
