0.000604630
0.000632048
0.000617504
0.000535488
0.000540257
0.000608206
0.000607252
0.000611067
0.000538588
0.000602722
0.000535488
0.000617981
0.000539303
0.000535965
0.000629425
0.000613213
0.000608683
0.000545025
0.000611782
0.000633717
0.000548124
0.000538349
0.000621796
0.000627518
0.000520945
0.000537634
0.000612259
0.000536919
0.000544548
0.000536919
0.000539780
0.000609875
0.000615835
0.000554085
0.000534773
0.000609875
0.000616312
0.000541449
0.000547171
0.000610828
0.000612259
0.000539064
0.000611305
0.000551224
0.000617504
0.000533104
0.000602722
0.000626326
0.000537395
0.000543594
0.000615120
0.000539303
0.000560760
0.000612736
0.000611544
0.000612259
0.000535488
0.000604868
0.000535488
0.000540972
0.000532150
0.000522375
0.000630617
0.000617743
0.000537395
0.000617504
0.000558138
0.000607967
0.000623465
0.000535727
0.000611782
0.000612020
0.000609636
0.000531673
0.000614643
0.000540257
0.000537872
0.000544071
0.000536203
0.000606060
0.000609159
0.000531197
0.000612259
0.000610590
0.000614882
0.000625372
0.000615597
0.000551939
0.000535727
0.000633240
0.000607729
0.000542164
0.000535727
0.000618458
0.000537157
0.000536203
0.000610828
0.000623941
0.000611067
0.000539303
0.000612974
0.000522137
0.000518560
0.000531197
0.000524282
0.000524044
0.000526190
0.000526428
0.000523329
0.000523567
0.000518560
0.000530243
0.000523329
0.000519276
0.000540733
0.000524044
0.000524998
0.000521898
0.000526667
0.000520945
0.000526905
0.000534773
0.000525475
0.000529766
0.000525713
0.000522614
0.000519276
0.000529528
0.000524759
0.000524044
0.000524521
0.000523806
0.000521660
0.000529528
0.000522375
0.000524044
0.000523567
0.000520706
0.000525475
0.000535011
