0.011198282
0.000245810
0.000259638
0.000263929
0.000189781
0.000256300
0.000279903
0.000258207
0.000270367
0.000224352
0.000254393
0.000257730
0.000254154
0.000201702
0.000232220
0.000244856
0.000203133
0.000258446
0.000204325
0.000263929
0.000266075
0.000267267
0.000270128
0.000263214
0.000249863
0.000283241
0.000243902
0.000257730
0.000281334
0.000265598
0.000258207
0.000274897
0.000256538
0.000259876
0.000205517
0.000197887
0.000267982
0.000258446
0.000256062
0.000203609
0.000214815
0.000227690
0.000213623
0.000208378
0.000285864
0.000229836
0.000200033
0.000231266
0.000228882
0.000205278
0.000209093
0.000199556
0.000194788
0.000200510
0.000195265
0.000194311
0.000218391
0.000198841
0.000195980
0.000193357
0.000265121
0.000267506
0.000259876
0.000279427
0.000201225
0.000250816
0.000255108
0.000232697
0.000253439
0.000243902
0.000247240
0.000232458
0.000238180
0.000237942
0.000230551
0.000231266
0.000195980
0.000263453
0.000270128
0.000263929
0.000260592
0.000275612
0.000257730
0.000264168
0.000267029
0.000266790
0.000266790
0.000253677
0.000278950
0.000263453
0.000252485
0.000256300
0.000217199
0.000239849
0.000216484
0.000227451
0.000242233
0.000197649
0.000199556
0.000254393
0.000262737
0.000205040
0.000262499
0.000258446
0.000267982
0.000266790
0.000271320
0.000268221
0.000275373
0.000243187
0.000272274
0.000266314
0.000323057
0.000265837
0.000230551
0.000262022
0.000266075
0.000247955
0.000256777
0.000252247
0.000215530
0.000247717
0.000237942
0.000244856
0.000192642
0.000260830
0.000259638
0.000206470
0.000252485
0.000238657
0.000257015
0.000215292
0.000251293
0.000255585
0.000233173
0.000205517
0.000270128
0.000269413
0.000266075
0.000275135
