0.000269175
0.000293493
0.000273228
0.000274420
0.000272274
0.000333309
0.000273228
0.000276089
0.000284672
0.000272751
0.000273228
0.000271797
0.000277281
0.000271559
0.000278234
0.000270605
0.000273228
0.000277996
0.000270844
0.000287771
0.000274181
0.000268459
0.000269175
0.000274897
0.000293016
0.000278950
0.000271082
0.000268459
0.000282288
0.000276089
0.000266790
0.000282049
0.000283957
0.000278473
0.000272512
0.000275373
0.000272989
0.000270128
0.000272036
0.000272989
0.000274420
0.000270367
0.000278950
0.000270844
0.000288725
0.000270128
0.000270367
0.000273943
0.000272989
0.000273228
0.000277996
0.000272751
0.000275135
0.000272989
0.000273705
0.000277281
0.000275373
0.000270367
0.000271559
0.000270844
0.000278473
0.000271320
0.000284910
0.000273943
0.000273705
0.000268936
0.000271320
0.000271320
0.000273466
0.000273466
0.000271082
0.000271320
0.000326157
0.000286579
0.000270844
0.000279427
0.000283957
0.000271320
0.000273943
0.000269413
0.000275612
0.000276566
0.000272036
0.000271320
0.000275135
0.000278473
0.000272751
0.000271797
0.000272036
0.000275612
0.000269175
0.000274181
0.000272751
0.000272274
0.000271320
0.000272512
0.000271320
0.000273228
0.000271320
0.000271082
0.000276804
0.000269651
0.000267506
0.000272274
0.000272274
0.000272036
0.000279188
0.000272274
0.000273705
0.000270128
0.000270367
0.000272512
0.000270605
0.000277519
0.000272274
0.000272512
0.000272512
0.000270367
0.000271797
0.000272274
0.000271559
0.000274658
0.000271559
0.000276566
0.000277042
0.000270367
0.000276089
0.000273228
0.000270844
0.000274181
0.000270367
0.000276804
0.000272989
0.000270367
0.000270128
0.000271559
0.000275135
0.000270605
0.000278473
0.000253439
