0.000280142
0.000283241
0.000284195
0.000282526
0.000280619
0.000283003
0.000280857
0.000294209
0.000281096
0.000296593
0.000279665
0.000281096
0.000344992
0.000283003
0.000283003
0.000291348
0.000282526
0.000293255
0.000298738
0.000284910
0.000284910
0.000287771
0.000282526
0.000291824
0.000247717
0.000289917
0.000285149
0.000282288
0.000284195
0.000343084
0.000291109
0.000296116
0.000284195
0.000286102
0.000281572
0.000285625
0.000286341
0.000299692
0.000286818
0.000285149
0.000281096
0.000303030
0.000285149
0.000299215
0.000287056
0.000282049
0.000291348
0.000341654
0.000284195
0.000293255
0.000282526
0.000282526
0.000289202
0.000283480
0.000283480
0.000296831
0.000285864
0.000282764
0.000285149
0.000288963
0.000281096
0.000317335
0.000288010
0.000285149
0.000285387
0.000301123
0.000341892
0.000288010
0.000288725
0.000294924
0.000290632
0.000284672
0.000283957
0.000258684
0.000286579
0.000289202
0.000286579
0.000292301
0.000286818
0.000289440
0.000286341
0.000284195
0.000285149
0.000290632
0.000286579
0.000342607
0.000287056
0.000286818
0.000288248
0.000288248
0.000274181
0.000289440
0.000288963
0.000288486
0.000312805
0.000291824
0.000288010
0.000287771
0.000287533
0.000287294
0.000284910
0.000298262
0.000293016
0.000283003
0.000285387
0.000280142
0.000281811
0.000283480
0.000298262
0.000280380
0.000285387
0.000286579
0.000283957
0.000287771
0.000283480
0.000282526
0.000280380
0.000297070
0.000294685
0.000283241
0.000286579
0.000286341
0.000288486
0.000286102
0.000282049
0.000297546
0.000284195
0.000286341
0.000299215
0.000286341
0.000292063
0.000285149
0.000283718
0.000285149
0.000283957
0.000285149
0.000285864
0.000285387
0.000287294
0.000287771
