0.000403404
0.000220299
0.000270128
0.000185490
0.000179768
0.000173807
0.000171423
0.000174522
0.000261784
0.000182629
0.000268698
0.000172853
0.000175953
0.000179768
0.000256777
0.000180721
0.000177622
0.000172853
0.000259638
0.000177622
0.000177145
0.000174999
0.000174284
0.000262976
0.000176907
0.000259638
0.000171185
0.000171661
0.000176907
0.000257254
0.000174999
0.000173807
0.000174284
0.000175238
0.000258207
0.000178814
0.000176907
0.000171661
0.000209093
0.000260830
0.000173807
0.000255823
0.000176907
0.000176430
0.000176430
0.000255585
0.000170708
0.000175953
0.000263929
0.000179529
0.000178576
0.000252962
0.000180960
0.000174999
0.000171185
0.000181913
0.000263691
0.000170469
0.000175476
0.000174284
0.000176430
0.000171900
0.000178099
0.000262022
0.000173569
0.000257730
0.000170469
0.000170708
0.000173330
0.000257730
0.000171661
0.000173092
0.000178337
0.000179291
0.000174761
0.000256777
0.000175714
0.000172138
0.000256538
0.000173569
0.000177383
0.000255585
0.000172138
0.000258923
0.000175953
0.000174999
0.000171185
0.000171423
0.000261068
0.000174999
0.000175476
0.000171900
0.000255585
0.000175953
0.000173569
0.000178337
0.000260830
0.000175714
0.000175476
0.000257015
0.000530243
0.000185966
0.000172853
0.000172853
0.000172853
0.000168800
0.000168562
0.000169516
0.000174284
0.000175953
0.000178814
0.000170946
0.000174284
0.000172853
0.000167847
0.000170469
0.000176430
0.000168562
0.000171900
0.000171185
