0.000127792
0.000136137
0.000081539
0.000092506
0.000082254
0.000133753
0.000077486
0.000072479
0.000072956
0.000104427
0.000083208
0.000088930
0.000078201
0.000079393
0.000077724
0.000074387
0.000071287
0.000071764
0.000073195
0.000080109
0.000075579
0.000071049
0.000072002
0.000072002
0.000077248
0.000074625
0.000078678
0.000072241
0.000073433
0.000081062
0.000071287
0.000079393
0.000071764
0.000077486
0.000077724
0.000074625
0.000071764
0.000076532
0.000091076
0.000132322
0.000076771
0.000073910
0.000079393
0.000071764
0.000077486
0.000074387
0.000075340
0.000071526
0.000073195
0.000078678
0.000071764
0.000085592
0.000072718
0.000077963
0.000078440
0.000073433
0.000078201
0.000072479
0.000072956
0.000079870
0.000074387
0.000078678
0.000077248
0.000070572
0.000077963
0.000075340
0.000075340
0.000072002
0.000074148
0.000083208
0.000073910
0.000076771
0.000129700
0.000074148
0.000078440
0.000076294
0.000073195
0.000071049
0.000072956
0.000081062
0.000075340
0.000078678
0.000071764
0.000071049
0.000079393
0.000074625
0.000079870
0.000077963
0.000076056
0.000080585
0.000071287
0.000081539
0.000080585
0.000075817
0.000077724
0.000074148
0.000070095
0.000070333
0.000072956
0.000077963
0.000074625
0.000072002
0.000070572
0.000070095
0.000076056
0.000074625
0.000074387
0.000076294
0.000072241
0.000086069
0.000071049
0.000078440
0.000086308
0.000072479
0.000077963
0.000073910
0.000075817
0.000071049
0.000071764
0.000081301
