0.011098146
0.000802994
0.000804186
0.000801325
0.000656843
0.000646353
0.000789165
0.000669479
0.000795364
0.000811338
0.000643253
0.000801325
0.000640154
0.000666857
0.000804901
0.000801325
0.000641823
0.000789642
0.000800371
0.000674009
0.000640869
0.000805616
0.000646114
0.000797033
0.000797033
0.000657797
0.000645876
0.011045933
0.000788927
0.000635624
0.000642061
0.000801802
0.000792980
0.000793934
0.000628233
0.001427650
0.001417637
0.000807047
0.001415491
0.000642538
0.000792265
0.001407623
0.001192093
0.000793934
0.000648022
0.000649929
0.000787020
0.000787258
0.000639439
0.000655174
0.000803709
0.000806570
0.000643730
0.000643492
0.000788689
0.000795126
0.000791550
0.000649214
0.000642776
0.000794649
0.000641108
0.000793457
0.000624895
0.000646114
0.000801802
0.000795364
0.001020432
0.000797033
0.000792265
0.000792265
0.000640869
0.000795364
0.000797033
0.000651121
0.000647545
0.000795603
0.000790834
0.000648737
0.000625610
0.000790358
0.000662088
0.000799417
0.000698805
0.000633240
0.000640392
0.000802040
0.000647068
0.010742664
0.000793457
0.000791073
0.000658274
0.000651836
0.000646353
0.000800371
0.000622034
0.000794172
0.000648975
0.000659466
0.000801325
0.000651360
0.000643253
0.000619650
0.000624657
0.000628710
0.000624895
0.000630617
0.000622272
0.000622034
0.000632524
0.000622988
0.000627518
0.000627756
0.000625610
0.000620365
0.000626802
0.000633240
0.000623465
0.000635386
0.000624180
0.000628233
