0.011482239
0.001582623
0.001525164
0.001514912
0.001235008
0.001206875
0.001499891
0.001550674
0.001489162
0.001200438
0.001491070
0.001217365
0.001206160
0.001242638
0.001505136
0.001213551
0.001493454
0.001510620
0.001503706
0.001535416
0.001219988
0.001488209
0.001204491
0.001499414
0.002581596
0.001232862
0.001502275
0.002817154
0.001491547
0.001200676
0.001226902
0.001519680
0.001501083
0.001207829
0.001490593
0.001212835
0.001521826
0.001210928
0.001497030
0.001490593
0.001493931
0.001207352
0.001221657
0.001170874
0.001503468
0.001204014
0.001220703
0.001494884
0.001511812
0.001207113
0.001504421
0.001216412
0.001204967
0.001489639
0.002801418
0.001218081
0.001483679
0.001489878
0.001213789
0.001488209
0.001518250
0.001172781
0.001509905
0.001313210
0.001181841
0.002952337
0.002982855
0.001483679
0.003039598
0.002794504
0.001509666
0.001212358
0.003001451
0.001202345
0.001204729
0.001507521
0.001491785
0.001205921
0.001234531
0.001498938
0.001504898
0.002998114
0.001305819
0.001218319
0.001514673
0.001224995
0.001501083
0.001500607
0.001507044
0.002962828
0.002836704
0.001504660
0.002826929
0.001496315
0.001507998
0.001216412
0.001498222
0.002744198
0.001493454
0.002738953
0.002767324
0.001166344
0.002600193
0.001172066
0.001164198
0.001167297
0.001160383
0.001158953
0.001171589
0.001158714
0.001171350
0.001164198
0.001160622
0.001160145
0.001163721
0.001161814
0.001151562
0.001154661
0.001169443
0.001165390
