0.000115871
0.000089884
0.000077248
0.000070810
0.000067711
0.000067711
0.000071764
0.000075579
0.000067949
0.000069857
0.000066996
0.000065804
0.000077009
0.000072241
0.000071764
0.000066042
0.000068426
0.000077009
0.000072956
0.000076771
0.000067472
0.000075340
0.000073671
0.000069857
0.000072241
0.000079155
0.000070333
0.000075579
0.000066519
0.000073910
0.000072718
0.000067472
0.000074148
0.000070095
0.000070333
0.000066757
0.000071764
0.000074625
0.000066042
0.000197649
0.000067472
0.000076771
0.000072241
0.000072718
0.000067711
0.000067949
0.000067949
0.000072718
0.000068188
0.000075817
0.000072241
0.000066042
0.000071526
0.000068426
0.000074148
0.000070333
0.000066042
0.000075817
0.000065804
0.000067711
0.000066757
0.000072718
0.000072718
0.000069380
0.000066519
0.000065804
0.000067949
0.000072956
0.000065804
0.000076056
0.000066519
0.000066042
0.000071764
0.000069141
0.000069857
0.000071526
0.000068903
0.000074148
0.000067234
0.000076056
0.000067234
0.000072241
0.000073671
0.000069141
0.000068188
0.000071287
0.000067711
0.000074148
0.000065565
0.000070333
0.000067234
0.000065088
0.000071526
0.000069141
0.000069857
0.000066042
0.000068188
0.000073671
0.000065804
0.000073195
0.000071526
0.000073671
0.000072241
0.000069141
0.000066280
0.000065088
0.000066996
0.000072479
0.000067711
0.000069857
0.000066042
0.000064373
0.000071287
0.000068188
0.000071764
0.000069857
0.000066757
0.000072956
0.000065565
0.000081301
