0.010706663
0.000075340
0.000066519
0.000064373
0.000061512
0.000070572
0.000059605
0.000075102
0.000067234
0.000063896
0.000072956
0.000063896
0.000064611
0.000061035
0.000062466
0.000071049
0.000072718
0.000066996
0.000063896
0.000066757
0.000070095
0.000064135
0.000061750
0.000059128
0.000102520
0.000103712
0.000062466
0.000073433
0.000061750
0.000057697
0.000067472
0.000078201
0.000064850
0.000072718
0.000061989
0.000070572
0.000067711
0.000075340
0.000067472
0.000066280
0.000069380
0.000062704
0.000061035
0.000061274
0.000059843
0.000067949
0.000059605
0.000062227
0.000060081
0.000058889
0.000067234
0.000066757
0.000066280
0.000060797
0.000061512
0.000071049
0.000060558
0.000075579
0.000068188
0.000064373
0.000066996
0.000066519
0.000064373
0.000065804
0.000060558
0.000068426
0.000153303
0.000125885
0.000063658
0.000060320
0.000069141
0.000064373
0.000065088
0.000100613
0.000062943
0.000072479
0.000069618
0.000071287
0.000062704
0.000108719
0.000072718
0.000065327
0.000061274
0.000066280
0.000061035
0.000072718
0.000060558
0.000063419
0.000061035
0.000057459
0.000069141
0.000067234
0.000065804
0.000066280
0.000060558
0.000069618
0.000060081
0.000069618
0.000061512
0.000066042
0.000079155
0.000067234
0.000064135
0.000063896
0.000063658
0.000071287
0.000062466
0.000077724
0.000071049
0.000062943
0.000069857
0.000065565
0.000065327
0.000063658
0.000064611
0.000072002
0.000071049
0.000066042
0.000064135
0.000080109
