0.021223783
0.017611265
0.010285616
0.011751413
0.017215729
0.012092590
0.011813164
0.010726452
0.010834455
0.011717081
0.011773825
0.010833263
0.011863470
0.010856390
0.013595104
0.021317482
0.014219046
0.010631800
0.018062115
0.010640383
0.011971712
0.011869669
0.010757446
0.011821270
0.010728359
0.011135101
0.010457039
0.011851788
0.011667252
0.010655403
0.011739731
0.011862040
0.010596514
0.011965275
0.018216372
0.011672258
0.011940241
0.010522604
0.010658503
0.010382891
0.011948109
0.018156528
0.010740042
0.011873484
0.010938168
0.010678053
0.010432005
0.012008429
0.010349274
0.010252953
0.011600971
0.011424780
0.010456085
0.010298014
0.011947393
0.011463881
0.010483265
0.011531115
0.011902809
0.010225058
0.010253906
0.011633396
0.010291815
0.022020340
0.014125586
0.010477781
0.011564732
0.011778116
0.011870861
0.013624907
0.010702848
0.010592699
0.010676861
0.011831999
0.010700703
0.011867762
0.011901140
0.010579109
0.011986017
0.011524200
0.010323524
0.016096592
0.010975361
0.011597395
0.010283470
0.018065691
0.011635780
0.010493517
0.011550903
0.010579586
0.016097546
0.010270357
0.011695862
0.011501789
0.010271788
0.010314465
0.011724710
0.014982939
0.018147230
0.010436773
0.018049002
0.010317564
0.010139704
0.010378838
0.010243654
0.010088205
0.010286808
0.010116577
0.010335445
0.010160685
0.018442392
0.010216713
0.010054588
0.010266304
0.010350943
0.015479326
0.015540361
0.010206938
0.010614634
0.019357443
