0.000124216
0.000123978
0.000081778
0.000072956
0.000066280
0.000089407
0.000072002
0.000083208
0.000066757
0.000069141
0.000066280
0.000065327
0.000071049
0.000068188
0.000068903
0.000074863
0.000070572
0.000078440
0.000070333
0.000073195
0.000070333
0.000073671
0.000074148
0.000068188
0.000067472
0.000068903
0.000065565
0.000075340
0.000067234
0.000070572
0.000072241
0.000062943
0.000071764
0.000067234
0.000067949
0.000068188
0.000066280
0.000073433
0.000064850
0.000080109
0.000065804
0.000074625
0.000073910
0.000069380
0.000065565
0.000070572
0.000070333
0.000074387
0.000063658
0.000069141
0.000064611
0.000062943
0.000070095
0.000069857
0.000069857
0.000069380
0.000066519
0.000073195
0.000065088
0.000066519
0.000064611
0.000071764
0.000072002
0.000068426
0.000065088
0.000063181
0.000069380
0.000073433
0.000065327
0.000074148
0.000070810
0.000063896
0.000070095
0.000068188
0.000067949
0.000071526
0.000066280
0.000072479
0.000064373
0.000073433
0.000065804
0.000070810
0.000071764
0.000067711
0.000065088
0.000068665
0.000065565
0.000090122
0.000068426
0.000088930
0.000067711
0.000065088
0.000070810
0.000068188
0.000068665
0.000072002
0.000065327
0.000074387
0.000065088
0.000066042
0.000064850
0.000076771
0.000071287
0.000067234
0.000064611
0.000063658
0.000065327
0.000072241
0.000063896
0.000066996
0.000063896
0.000062943
0.000070095
0.000067234
0.000069857
0.000068188
0.000066042
0.000072718
0.000067234
0.000079632
