0.012782574
0.012096405
0.002986670
0.005772114
0.002966642
0.007400513
0.006073952
0.002454996
0.003006697
0.002959013
0.005662203
0.003018141
0.005971670
0.002998114
0.005771160
0.005917072
0.007419825
0.007372856
0.005999804
0.007404327
0.007366180
0.012389660
0.007448435
0.012847900
0.006027460
0.007367373
0.005958557
0.005927801
0.007423878
0.007390499
0.006038189
0.005933523
0.007455349
0.007332087
0.007416964
0.005953550
0.012953043
0.007354736
0.007399559
0.005918741
0.007331133
0.007400036
0.006031275
0.007397175
0.006541729
0.007435560
0.005923271
0.012768269
0.005944014
0.005959511
0.007358074
0.007409573
0.005946398
0.005884647
0.005935431
0.012881756
0.007377148
0.007413149
0.005686998
0.005947590
0.007430553
0.007441759
0.005928993
0.006567001
0.007356405
0.007437468
0.005726814
0.007337093
0.005917311
0.007416725
0.005919218
0.007319689
0.012820959
0.007354259
0.007403851
0.005949736
0.007394314
0.014723301
0.005974770
0.005971432
0.007471800
0.007429361
0.006458998
0.007457256
0.006046772
0.007437944
0.005930185
0.005908728
0.005881548
0.007380962
0.005945921
0.007397652
0.007370472
0.005895615
0.007379532
0.007434368
0.005934000
0.003022432
0.007388115
0.005914211
0.007385731
0.012485743
0.012376070
0.005662680
0.005660057
0.005681992
0.005686522
0.005208254
0.005692959
0.002357960
0.005653381
0.005706787
0.012420654
0.005678415
0.005656719
0.005682468
0.005682230
0.002394438
0.005667448
0.005008698
