0.000545502
0.000781298
0.000443459
0.000454903
0.000357389
0.000356674
0.000435591
0.000357628
0.000428438
0.000377655
0.000446796
0.000359774
0.000353575
0.000353575
0.000441313
0.000433922
0.000357628
0.000438929
0.000438929
0.000430584
0.000349760
0.000350714
0.000432014
0.000349998
0.000427723
0.000433922
0.000351667
0.000348330
0.000348091
0.000436544
0.000351429
0.000432968
0.000434399
0.000353813
0.000432014
0.000351667
0.000445604
0.000443697
0.000352144
0.000427961
0.000432968
0.000439167
0.000352621
0.000362396
0.000441074
0.000355959
0.000433683
0.000353336
0.000434637
0.000360489
0.000435591
0.000350952
0.000432968
0.000356436
0.000440598
0.000358105
0.000430822
0.000358820
0.000428677
0.000357151
0.000350475
0.000431061
0.000429392
0.000355721
0.000431776
0.000350952
0.000435352
0.000430107
0.000430584
0.000355244
0.000359058
0.000435352
0.000354290
0.000440121
0.000361443
0.000350714
0.000437975
0.000438929
0.000350475
0.000348568
0.000430822
0.000349045
0.000429630
0.000348806
0.000437021
0.000344753
0.000353336
0.000440598
0.000427961
0.000437021
0.000356674
0.000349283
0.000431538
0.000361919
0.000439882
0.000349998
0.000436544
0.000358343
0.000431776
0.000434637
0.000358582
0.000344753
0.000340700
0.000346422
0.000351191
0.000344992
0.000345707
0.000343561
0.000342846
0.000346422
0.000343084
0.000343084
0.000343800
0.000343323
0.000347614
0.000348568
0.000360727
0.000350952
0.000346422
0.000344276
