0.000162601
0.000148535
0.000076056
0.000079155
0.000073910
0.000091791
0.000082016
0.000071526
0.000084400
0.000068188
0.000071287
0.000094175
0.000083923
0.000077486
0.000071526
0.000067949
0.000067949
0.000094175
0.000081062
0.000069618
0.000073195
0.000068426
0.000067949
0.000095844
0.000081778
0.000083208
0.000076532
0.000070095
0.000079393
0.000094414
0.000088692
0.000076532
0.000079393
0.000075817
0.000072479
0.000089645
0.000076532
0.000071049
0.000076294
0.000069857
0.000072479
0.000090599
0.000071526
0.000076532
0.000072241
0.000072956
0.000068903
0.000090837
0.000080824
0.000071526
0.000076294
0.000073910
0.000075102
0.000095844
0.000075579
0.000069857
0.000074863
0.000090599
0.000079870
0.000090122
0.000075102
0.000070810
0.000068903
0.000074863
0.000070810
0.000074863
0.000122786
0.000070333
0.000076294
0.000068665
0.000079393
0.000069380
0.000074625
0.000074625
0.000072002
0.000068188
0.000067949
0.000069141
0.000076532
0.000072241
0.000074625
0.000074625
0.000067711
0.000073671
0.000071287
0.000074387
0.000069380
0.000069141
0.000077248
0.000068665
0.000070333
0.000068188
0.000075340
0.000074625
0.000071049
0.000073671
0.000068188
0.000107050
0.000147820
0.000079155
0.000076294
0.000068665
0.000066519
0.000073195
0.000070333
0.000071287
0.000072956
0.000067472
0.000074625
0.000067472
0.000077486
0.000069380
0.000074387
0.000074148
0.000069857
0.000067472
0.000067234
0.000069141
0.000075340
0.000070095
