0.000171900
0.000173092
0.000202179
0.000125647
0.000116110
0.000123024
0.000114679
0.000124693
0.000186682
0.000123978
0.000116348
0.000118732
0.000195503
0.000116110
0.000115156
0.000120401
0.000115871
0.000122070
0.000120163
0.000116825
0.000176430
0.000120640
0.000119686
0.000117540
0.000179529
0.000115156
0.000112772
0.000123501
0.000117540
0.000121593
0.000121117
0.000184536
0.000124454
0.000115633
0.000125408
0.000124693
0.000116110
0.000121355
0.000182152
0.000113249
0.000114679
0.000179052
0.000121355
0.000117064
0.000117302
0.000115156
0.000113726
0.000120640
0.000117302
0.000183105
0.000114918
0.000117540
0.000123501
0.000114441
0.000123739
0.000185251
0.000113487
0.000122309
0.000118017
0.000128746
0.000181198
0.000119448
0.000130177
0.000124931
0.000116348
0.000114679
0.000171185
0.000123739
0.000119209
0.000117064
0.000178099
0.000118494
0.000120401
0.000118732
0.000122309
0.000120640
0.000177145
0.000123024
0.000116348
0.000120878
0.000116825
0.000119209
0.000123262
0.000121117
0.000115871
0.000184774
0.000113487
0.000121593
0.000119448
0.000121117
0.000115156
0.000118017
0.000122786
0.000174761
0.000114918
0.000121117
0.000114441
0.000184298
0.000117064
0.000115395
0.000115871
0.000115871
0.000118494
0.000114918
0.000117540
0.000114441
0.000111341
0.000120401
0.000115871
0.000115395
0.000112295
0.000115156
0.000119925
0.000113010
0.000120878
0.000119925
0.000115156
0.000120163
0.000117540
0.000117779
