0.000411749
0.000156641
0.000102520
0.000158072
0.000091314
0.000091314
0.000097752
0.000093937
0.000097275
0.000095606
0.000153303
0.000099421
0.000091791
0.000099897
0.000103712
0.000093699
0.000097275
0.000095367
0.000090599
0.000090837
0.000091076
0.000150442
0.000092983
0.000090837
0.000095367
0.000091076
0.000100613
0.000096798
0.000093460
0.000091791
0.000149012
0.000099182
0.000092745
0.000092030
0.000097036
0.000092745
0.000097036
0.000093222
0.000096321
0.000150919
0.000122070
0.000106335
0.000096798
0.000091791
0.000091553
0.000090599
0.000100374
0.000094652
0.000095606
0.000097275
0.000095606
0.000155210
0.000091553
0.000099659
0.000097036
0.000090599
0.000097513
0.000093222
0.000090599
0.000091791
0.000093937
0.000098944
0.000150442
0.000089169
0.000089645
0.000089407
0.000095844
0.000093222
0.000098228
0.000089407
0.000095367
0.000150919
0.000090361
0.000092983
0.000101089
0.000094175
0.000097513
0.000095129
0.000088215
0.000088930
0.000146151
0.000097275
0.000093460
0.000090599
0.000089169
0.000088453
0.000094891
0.000095129
0.000093222
0.000092506
0.000146151
0.000098467
0.000090361
0.000100136
0.000104666
0.000093937
0.000099182
0.000092268
0.000095606
0.000098467
0.000152349
0.000097036
0.000092030
0.000090361
0.000089407
0.000088215
0.000095606
0.000093222
0.000092506
0.000089407
0.000092745
0.000098944
0.000089169
0.000094414
0.000093699
0.000088215
0.000093699
0.000092745
0.000089645
0.000088692
