0.000143528
0.000148535
0.000089407
0.000103712
0.000082731
0.000088453
0.000090122
0.000085831
0.000080824
0.000105858
0.000096321
0.000082254
0.000087738
0.000142097
0.000079870
0.000086069
0.000081062
0.000085115
0.000082970
0.000097036
0.000088930
0.000082493
0.000077724
0.000085831
0.000076532
0.000083923
0.000082016
0.000080824
0.000079393
0.000080585
0.000087023
0.000080347
0.000090122
0.000135660
0.000078917
0.000084400
0.000082254
0.000079870
0.000078201
0.000080109
0.000085354
0.000081778
0.000080347
0.000084639
0.000079155
0.000087976
0.000081301
0.000085592
0.000163078
0.000148296
0.000091314
0.000078917
0.000080824
0.000086546
0.000079870
0.000084877
0.000082731
0.000079870
0.000078440
0.000083447
0.000086546
0.000081778
0.000083447
0.000079155
0.000077009
0.000085831
0.000133276
0.000083447
0.000085592
0.000079870
0.000085354
0.000079632
0.000086784
0.000085831
0.000079632
0.000083923
0.000082016
0.000085831
0.000077486
0.000081539
0.000085115
0.000081301
0.000079870
0.000128984
0.000077248
0.000085354
0.000081062
0.000081778
0.000077486
0.000082254
0.000087500
0.000077724
0.000079393
0.000091076
0.000078917
0.000087261
0.000081062
0.000078917
0.000078917
0.000079155
0.000086069
0.000080109
0.000076771
0.000077724
0.000077009
0.000082731
0.000088453
0.000082970
0.000078917
0.000080585
0.000083685
0.000078201
0.000085592
0.000084639
0.000077963
0.000084877
0.000079632
0.000078440
0.000082970
0.000094652
