0.010886192
0.010834217
0.010582924
0.010646582
0.010635376
0.010696411
0.010646105
0.010663748
0.010570049
0.010568619
0.010636330
0.010703802
0.010579824
0.010655165
0.010639429
0.010568857
0.010569096
0.010712862
0.010582209
0.010573387
0.010637999
0.010571718
0.010562181
0.010675192
0.010571957
0.010659933
0.010576487
0.010565042
0.010641813
0.010604143
0.010572672
0.010640383
0.010633945
0.010638952
0.010562420
0.010597229
0.010643244
0.010638714
0.010634899
0.010559559
0.010561466
0.010668278
0.010576487
0.010564804
0.010639906
0.010636568
0.010634899
0.010665178
0.010647058
0.010566235
0.010570765
0.010639191
0.010646343
0.010592222
0.010647297
0.010578156
0.010556936
0.010631561
0.010632277
0.010677338
0.010580063
0.010581732
0.010646105
0.010647774
0.010578394
0.010657787
0.010581255
0.010581255
0.010652304
0.010581970
0.010646582
0.010580063
0.010660648
0.010647297
0.010648966
0.010584116
0.010644674
0.010574341
0.010576010
0.010583639
0.010653019
0.010652781
0.010651827
0.010655403
0.010580301
0.000525713
0.010588646
0.010649204
0.010577202
0.010580063
0.010648012
0.010652065
0.010646582
0.010578394
0.010581255
0.010653496
0.010578871
0.010656118
0.010650635
0.010580301
0.010581017
0.010577202
0.010574818
0.010568619
0.010569334
0.010575533
0.010590553
0.010578156
0.010569572
0.010574579
0.010572910
0.010566711
0.010558605
0.010558605
0.010559082
0.010555983
0.010554075
0.010552406
0.010551214
0.010553598
0.010555029
0.010553598
0.010551691
0.010549545
0.010553598
0.010556698
0.010559559
0.010553122
0.010549545
0.010552645
0.010551929
0.010565758
0.010557175
0.010557175
0.010554075
0.010552645
0.010581732
0.010562420
0.010563612
0.010959864
