0.000209808
0.000247717
0.000166416
0.000151396
0.000159025
0.000172377
0.000150919
0.000142813
0.000155210
0.000143290
0.000202894
0.000172138
0.000153303
0.000150442
0.000144005
0.000142574
0.000144482
0.000171185
0.000151634
0.000142574
0.000142574
0.000145435
0.000143051
0.000169039
0.000149250
0.000142574
0.000142813
0.000141382
0.000146389
0.000165462
0.000149727
0.000148535
0.000141144
0.000141621
0.000139713
0.000166416
0.000147581
0.000143528
0.000148535
0.000141144
0.000141382
0.000166416
0.000208855
0.000148296
0.000142097
0.000142097
0.000143051
0.000165701
0.000148296
0.000144005
0.000142097
0.000139713
0.000143528
0.000166893
0.000154495
0.000144243
0.000149488
0.000140905
0.000146866
0.000164032
0.000148296
0.000144958
0.000143051
0.000144005
0.000140190
0.000139713
0.000139475
0.000140190
0.000145674
0.000142813
0.000140190
0.000140429
0.000140905
0.000139236
0.000142097
0.000139236
0.000198841
0.000142336
0.000144958
0.000141859
0.000140190
0.000138998
0.000139475
0.000138998
0.000140190
0.000140667
0.000139713
0.000139475
0.000144243
0.000141621
0.000139475
0.000138283
0.000141382
0.000146151
0.000141859
0.000139475
0.000139475
0.000138998
0.000142336
0.000138521
0.000139236
0.000138998
0.000150681
0.000138998
0.000164509
0.000150681
0.000146151
0.000141859
0.000138998
0.000146151
0.000138760
0.000139236
0.000139475
0.000140905
0.000137568
0.000138521
0.000138283
0.000138283
0.000143766
0.000139475
0.000138044
0.000138521
0.000139475
0.000138283
0.000144958
0.000139713
0.000137806
0.000148535
0.000140667
0.000143290
0.000140190
0.000139475
0.000140429
0.000139236
0.000139236
0.000141382
0.000142574
0.000139236
0.000142336
0.000495911
