0.000219107
0.000222206
0.000136614
0.000190496
0.000126600
0.000123739
0.000156879
0.000131130
0.000126600
0.000127554
0.000123501
0.000122786
0.000150681
0.000134945
0.000126839
0.000127554
0.000123024
0.000132084
0.000147581
0.000130653
0.000126600
0.000126362
0.000124693
0.000122547
0.000147820
0.000130415
0.000131845
0.000125885
0.000127792
0.000121593
0.000146627
0.000131369
0.000125408
0.000123978
0.000124693
0.000123739
0.000144958
0.000133514
0.000125647
0.000123262
0.000124454
0.000125885
0.000145435
0.000130177
0.000125647
0.000123262
0.000133038
0.000129223
0.000145674
0.000129223
0.000126123
0.000137568
0.000125170
0.000127792
0.000142574
0.000129461
0.000132084
0.000125170
0.000126839
0.000122547
0.000147343
0.000131845
0.000125885
0.000123262
0.000125885
0.000123501
0.000145435
0.000130177
0.000129223
0.000123739
0.000182629
0.000133514
0.000148296
0.000131130
0.000125170
0.000122070
0.000122547
0.000128031
0.000145674
0.000130653
0.000130653
0.000139236
0.000135660
0.000153065
0.000160694
0.000143528
0.000131369
0.000125170
0.000126600
0.000135422
0.000158787
0.000145674
0.000138760
0.000137329
0.000138044
0.000134945
0.000159025
0.000142813
0.000143528
0.000140905
0.000135422
0.000138044
0.000158787
0.000139952
0.000136137
0.000133991
0.000133991
0.000139236
0.000159502
0.000142813
0.000140429
0.000147820
0.000138044
0.000136137
0.000137329
0.000148058
0.000140190
0.000138521
0.000135422
0.000133753
0.000134230
0.000133276
0.000133038
0.000139713
0.000135422
0.000134468
0.000132084
0.000133276
0.000131845
0.000133991
0.000132084
0.000132322
0.000131607
0.000132561
0.000132084
0.000134468
0.000134468
0.000149488
0.000137568
0.000499249
