0.000216961
0.000275373
0.000162363
0.000152826
0.000148535
0.000196934
0.000159264
0.000160456
0.000152111
0.000147820
0.000146866
0.000196457
0.000219584
0.000257015
0.000160933
0.000165701
0.000152826
0.000203848
0.000165224
0.000157118
0.000150919
0.000151157
0.000149012
0.000177622
0.000157118
0.000151634
0.000144958
0.000139713
0.000164986
0.000174284
0.000206947
0.000144243
0.000145197
0.000143051
0.000139475
0.000174046
0.000146866
0.000145435
0.000141621
0.000140429
0.000141382
0.000164032
0.000150204
0.000144005
0.000142097
0.000138998
0.000195026
0.000164032
0.000146627
0.000149012
0.000146151
0.000140905
0.000140190
0.000164509
0.000145912
0.000141382
0.000139236
0.000139236
0.000144243
0.000163317
0.000147104
0.000142574
0.000142574
0.000143528
0.000139713
0.000198126
0.000141621
0.000140667
0.000138760
0.000143766
0.000140190
0.000139236
0.000138760
0.000138283
0.000142813
0.000139475
0.000138998
0.000136614
0.000137806
0.000144243
0.000139475
0.000137806
0.000194550
0.000152111
0.000141859
0.000138760
0.000141144
0.000139475
0.000142813
0.000142097
0.000138760
0.000142574
0.000138760
0.000140190
0.000138760
0.000139475
0.000136614
0.000142097
0.000138283
0.000137568
0.000146866
0.000137329
0.000174999
0.000142813
0.000138044
0.000149727
0.000139952
0.000138760
0.000137091
0.000142097
0.000137329
0.000137091
0.000137329
0.000142097
0.000138044
0.000155449
0.000141859
0.000139236
0.000142097
0.000138044
0.000136614
0.000137329
0.000137329
0.000136375
0.000140905
0.000138283
0.000137568
0.000139475
0.000136614
0.000137091
0.000139713
0.000140667
0.000138760
0.000137568
0.000136852
0.000137329
0.000136137
0.000136137
0.000154734
0.000528097
