0.025275230
0.003370762
0.003214359
0.002729654
0.003242016
0.003365278
0.002736092
0.002758741
0.003260374
0.003245592
0.002723217
0.003355026
0.003262043
0.002731562
0.002712965
0.002743959
0.003393888
0.002768040
0.003248930
0.003257990
0.002615213
0.002715349
0.003324986
0.003034592
0.003257990
0.002739668
0.003260851
0.003258228
0.002821684
0.003271103
0.127097845
0.179720163
0.241678953
0.310153961
0.369974136
0.465231657
0.520356655
0.597660065
0.692458391
0.796273470
0.873343468
0.952115536
1.000756979
1.115312815
1.210295916
1.203853130
1.105052233
1.006228447
0.907329559
0.964179993
0.997661114
1.056758165
1.138657808
1.039643526
0.940650225
0.841073513
0.735556364
0.636053085
0.537092686
0.489741564
0.592241526
0.607255459
0.508233547
0.601506948
0.707748175
0.846181631
0.931853294
1.055866003
0.958004951
0.968492031
1.014734030
0.917142153
0.819021702
0.721069813
0.625137806
0.648395061
0.550549984
0.452667475
0.354734898
0.398597717
0.301010132
0.203223705
0.105314970
0.009263039
0.002749681
0.002926350
0.003737926
0.003270149
0.002744436
0.002741098
0.003299475
0.003271103
0.003257513
0.003243923
0.002730846
0.003262758
0.002741814
0.002761364
0.002718449
0.003264904
0.003256321
0.002635479
0.002606392
0.002622843
0.002645254
0.002624512
0.002614975
0.002658367
0.002600908
0.002617359
0.002603054
0.002616882
0.002613306
0.002616167
0.002606153
0.002604246
0.002607107
0.002656698
0.002612829
0.002623320
0.002609730
0.002350569
0.002348423
0.002345324
0.011476040
0.002361774
0.002319098
0.002375126
0.002334595
0.002342939
0.002321005
0.002339840
0.002317429
0.002336979
0.002315044
0.002341270
0.002313375
0.002392292
0.002325058
0.002754927
