0.008866072
0.008107901
0.455348969
0.827249050
1.252415180
1.463423729
1.437819719
1.341092587
1.237250805
1.137193918
1.111459970
1.308449745
1.211607933
1.209149122
1.109094381
1.000574112
1.160672903
1.063360691
0.964987993
0.869142056
0.773694038
0.678125143
0.705141783
0.609637260
0.673465252
0.577915192
0.800154209
0.704845190
0.609488964
0.518150806
0.422603607
0.326880455
0.231123686
0.135342360
0.043312073
0.005699873
0.005868912
0.410977364
0.878999233
1.171912670
1.076478481
0.981031179
0.885490179
0.804068327
0.725511551
0.630001068
0.534278154
0.438961506
0.343261957
0.247092724
0.151773214
0.056034327
0.402625322
0.767059565
1.010520220
1.090205669
0.994532585
0.898721933
0.803421736
0.707838058
0.611912251
0.515835762
0.420072794
0.324269295
0.228429079
0.132543802
0.036650181
0.005765200
0.006848812
0.005774498
0.006843328
0.005741119
0.404196978
0.810238123
0.753726006
0.731885672
0.636270761
0.540437222
0.444241762
0.348447561
0.252562523
0.157040596
0.061263800
0.259520292
0.163964272
0.068135023
0.016683102
0.014497042
0.006842136
0.006843328
0.005733490
0.005803108
0.006829977
0.005746603
0.006829977
0.203402758
0.570809841
0.763891697
0.681855917
0.586080790
0.490324497
0.579916716
0.484204292
0.388485432
0.292671442
0.755681038
1.127981901
1.229683399
1.134212255
1.038041830
0.947853327
0.851681471
0.779085636
0.699513435
0.610513210
0.514799356
0.418943167
0.323551178
0.227186680
0.131179571
0.034794331
0.375028372
0.820727825
0.839917898
0.754866362
0.659121275
0.563357592
0.467462778
0.371791124
0.429358482
0.333392859
0.237897396
0.450019836
0.560054064
0.843917847
0.748252153
0.652511358
0.721696854
0.756383896
0.782853127
