0.000203609
0.000234365
0.000158072
0.000204802
0.000139475
0.000183582
0.000144482
0.000140667
0.000143766
0.000137568
0.000135899
0.000168324
0.000146627
0.000142097
0.000138521
0.000138283
0.000137568
0.000162125
0.000149250
0.000141144
0.000138044
0.000137329
0.000136852
0.000162601
0.000145674
0.000142097
0.000137806
0.000141859
0.000135660
0.000166416
0.000147104
0.000140429
0.000138760
0.000136852
0.000136852
0.000160694
0.000145435
0.000138521
0.000143528
0.000140190
0.000138044
0.000161648
0.000158072
0.000144243
0.000140429
0.000140667
0.000138521
0.000157595
0.000147581
0.000142097
0.000138998
0.000138283
0.000137329
0.000165462
0.000146866
0.000143290
0.000138283
0.000136852
0.000136852
0.000160217
0.000143290
0.000139236
0.000138998
0.000136137
0.000135899
0.000134706
0.000135899
0.000140667
0.000137806
0.000138044
0.000135899
0.000136137
0.000135183
0.000193119
0.000133038
0.000134706
0.000135183
0.000145912
0.000139713
0.000140905
0.000137329
0.000138760
0.000136614
0.000136137
0.000135422
0.000138760
0.000136852
0.000137806
0.000136137
0.000136614
0.000135422
0.000141859
0.000136614
0.000147581
0.000144005
0.000137568
0.000138044
0.000141382
0.000138521
0.000136614
0.000135660
0.000137091
0.000139713
0.000133514
0.000136614
0.000133514
0.000135422
0.000138998
0.000135183
0.000138521
0.000136614
0.000135183
0.000135660
0.000134230
0.000134230
0.000138044
0.000135183
0.000135899
0.000135183
0.000134706
0.000136137
0.000137568
0.000138760
0.000136852
0.000136137
0.000138760
0.000135660
0.000145674
0.000139236
0.000134468
0.000133276
0.000135899
0.000135899
0.000134945
0.000135183
0.000135183
0.000134945
0.000139713
0.000135422
0.000497580
