0.000524044
0.000354767
0.000327826
0.000238180
0.000238180
0.000353336
0.000251055
0.000241756
0.000236273
0.000239134
0.000314951
0.000277281
0.000244856
0.000309944
0.000236034
0.000235081
0.000234365
0.000279188
0.000320673
0.000241041
0.000230789
0.000239134
0.000309944
0.000261545
0.000324249
0.000246525
0.000237465
0.000306845
0.000233412
0.000261545
0.000238180
0.000244617
0.000311136
0.000299454
0.000320435
0.000282526
0.000248432
0.000239372
0.000236034
0.000320196
0.000234842
0.000279188
0.000250101
0.000239849
0.000232220
0.000442266
0.000252485
0.000302076
0.000243664
0.000314236
0.000233650
0.000244379
0.000309467
0.000261307
0.000248671
0.000314236
0.000240088
0.000236988
0.000232935
0.000259876
0.000245571
0.000313282
0.000235319
0.000311136
0.000233412
0.000233650
0.000305653
0.000233173
0.000232697
0.000243664
0.000233173
0.000307560
0.000231266
0.000232697
0.000238180
0.000303745
0.000233412
0.000232697
0.000230074
0.000307322
0.000231028
0.000239849
0.000311136
0.000236511
0.000231266
0.000309706
0.000233650
0.000229359
0.000231504
0.000303745
0.000236511
0.000231028
0.000235081
0.000231743
0.000305653
0.000236273
0.000233889
0.000304222
0.000236511
0.000235319
0.000239134
0.000227928
0.000229836
0.000226974
0.000226259
0.000225544
0.000228167
0.000229359
0.000227451
0.000226259
0.000228405
0.000232935
0.000228405
0.000226498
0.000227451
0.000235796
0.000229597
0.000234842
0.000228643
0.000228405
0.000233650
0.000229836
0.000229120
0.000231504
0.000228405
0.000226736
0.000227213
0.000225306
0.000227690
0.000227928
0.000229120
0.000230074
0.000226736
0.000225306
0.000283241
0.000232935
0.000228643
0.000227451
0.000228882
0.000614405
