0.000251055
0.000344276
0.000186205
0.000174761
0.000173330
0.000305891
0.000184298
0.000173569
0.000173569
0.000169992
0.000245094
0.000203609
0.000181437
0.000174046
0.000175238
0.000171900
0.000253439
0.000203609
0.000181675
0.000174284
0.000242233
0.000169992
0.000171185
0.000193119
0.000177622
0.000174284
0.000241041
0.000169039
0.000170946
0.000193357
0.000178814
0.000180483
0.000241756
0.000172615
0.000177383
0.000195980
0.000178099
0.000187159
0.000176907
0.000239372
0.000174522
0.000194311
0.000177622
0.000176668
0.000239849
0.000175953
0.000172615
0.000195026
0.000182867
0.000174046
0.000239372
0.000170469
0.000171423
0.000193357
0.000178576
0.000176430
0.000182152
0.000237942
0.000168085
0.000193834
0.000181913
0.000175953
0.000175714
0.000172853
0.000170469
0.000240564
0.000168324
0.000169039
0.000171185
0.000235796
0.000174522
0.000171661
0.000169277
0.000168085
0.000236034
0.000174999
0.000168324
0.000169754
0.000170231
0.000167847
0.000168324
0.000232458
0.000169992
0.000168085
0.000170708
0.000235796
0.000168324
0.000167847
0.000168085
0.000167847
0.000176430
0.000173569
0.000237465
0.000168562
0.000168324
0.000174046
0.000168562
0.000231266
0.000169277
0.000176430
0.000172377
0.000165939
0.000166893
0.000164986
0.000167608
0.000167370
0.000165939
0.000165701
0.000167608
0.000165462
0.000165939
0.000164986
0.000165939
0.000166655
0.000167370
0.000166416
0.000171661
0.000164747
0.000164747
0.000165224
0.000170708
0.000168324
0.000166178
0.000166655
0.000169039
0.000166178
0.000166416
0.000164509
0.000166893
0.000166416
0.000167370
0.000165701
0.000166178
0.000165462
0.000166893
0.000167131
0.000165462
0.000168085
0.000172853
0.000538826
