0.033562422
0.001775503
0.001625776
0.001344204
0.001585245
0.001743793
0.001349449
0.001366615
0.001611948
0.001593590
0.001323938
0.001722336
0.001611948
0.001342058
0.041986227
0.073633194
0.073854208
0.073655128
0.073858976
0.073852301
0.073848724
0.073590279
0.073832273
0.073701382
0.073604822
0.073589802
0.073846579
0.073599815
0.073982000
0.073626518
0.073610544
0.073873997
0.073850393
0.073571205
0.073928833
0.073616743
0.073590040
0.073836327
0.073841333
0.073607445
0.074042320
0.073881149
0.073876143
0.073583364
0.073854923
0.073589563
0.073972702
0.073625565
0.073843956
0.073585033
0.073843002
0.073842764
0.073691845
0.073607206
0.073848009
0.073867798
0.073598862
0.073884726
0.073961496
0.073596478
0.073544741
0.073894501
0.073730946
0.076114178
0.073968410
0.073593855
0.073844194
0.073583603
0.073561430
0.073837280
0.063227892
0.073556900
0.073580265
0.073819399
0.073565960
0.073824644
0.074073076
0.073859692
0.073622465
0.073824167
0.073590755
0.073828220
0.073842049
0.073573828
0.073594093
0.073848248
0.073648214
0.073852539
0.073824167
0.073591232
0.073554993
0.073825598
0.073818207
0.073578835
0.073609114
0.073832273
0.073834658
0.073561192
0.073564291
0.073837757
0.073589563
0.073556423
0.073518753
0.073539734
0.073553324
0.073407412
0.073557138
0.073534250
0.073526859
0.073525190
0.073529243
0.073553085
0.073560953
0.073554993
0.073539734
0.073565722
0.073544741
0.073557138
0.073524952
0.073520899
0.073513269
0.073544979
0.073551416
0.073533535
0.073535442
0.073535919
0.073549509
0.073539257
0.073520899
0.053032160
0.001281500
0.001276016
0.001290083
0.001277208
0.001276016
0.001283169
0.001274586
0.001299620
0.001278639
0.001703978
