0.000192165
0.000219584
0.000133276
0.000124931
0.000123501
0.000157595
0.000129938
0.000133514
0.000125170
0.000131845
0.000126839
0.000158787
0.000130892
0.000127316
0.000122547
0.000119925
0.000129461
0.000150681
0.000130177
0.000124216
0.000124454
0.000129700
0.000124216
0.000148773
0.000131845
0.000128269
0.000123739
0.000123024
0.000121355
0.000146151
0.000128508
0.000124931
0.000121117
0.000122309
0.000120878
0.000145435
0.000127554
0.000130892
0.000124931
0.000123024
0.000124693
0.000146627
0.000128031
0.000124454
0.000123501
0.000121117
0.000127077
0.000144243
0.000131130
0.000129700
0.000129700
0.000123024
0.000120401
0.000145435
0.000128746
0.000125170
0.000124931
0.000122309
0.000120878
0.000144243
0.000137806
0.000126600
0.000122309
0.000122547
0.000121355
0.000122309
0.000121832
0.000126123
0.000121832
0.000120640
0.000123501
0.000120163
0.000119448
0.000121117
0.000123262
0.000120401
0.000126362
0.000121355
0.000120878
0.000120163
0.000120401
0.000123024
0.000119925
0.000119209
0.000118971
0.000122786
0.000121593
0.000121355
0.000120401
0.000120163
0.000118494
0.000127077
0.000120640
0.000121593
0.000120401
0.000119686
0.000118971
0.000125170
0.000120401
0.000121117
0.000120163
0.000122309
0.000118732
0.000118494
0.000118494
0.000118732
0.000124931
0.000120640
0.000151157
0.000127077
0.000124216
0.000122786
0.000121593
0.000121832
0.000121117
0.000119686
0.000119209
0.000119448
0.000119925
0.000121355
0.000119686
0.000182390
0.000120401
0.000118732
0.000118256
0.000118494
0.000120163
0.000125647
0.000120163
0.000119925
0.000119925
0.000122070
0.000122786
0.000127077
0.000120401
0.000118971
0.000124454
0.000120401
0.000119448
0.000558138
