0.032016516
0.031568289
0.031504869
0.031481028
0.031449556
0.031508446
0.031353474
0.031473160
0.031464577
0.031345129
0.031559944
0.031388283
0.031351089
0.031354189
0.031344891
0.031479597
0.031552076
0.031507730
0.031473637
0.031323433
0.031349182
0.031473160
0.031541586
0.031497478
0.031344891
0.031471491
0.031476974
0.031344414
0.031540394
0.031366587
0.031474352
0.031339169
0.031356335
0.031476498
0.031537771
0.031366825
0.031481743
0.031343222
0.031346560
0.031462193
0.031385422
0.031500816
0.031472921
0.031337500
0.031476736
0.031358480
0.031400204
0.031495810
0.031484127
0.031343699
0.031339884
0.031342506
0.031526089
0.031355858
0.031467915
0.031325579
0.031473875
0.031337261
0.031400681
0.031495094
0.031336784
0.031472921
0.031395435
0.031469107
0.031340837
0.031349659
0.031470537
0.031339645
0.031496048
0.031341076
0.031475782
0.031475782
0.031466484
0.031338930
0.031472683
0.031471014
0.031339884
0.031471491
0.031341791
0.031338692
0.031322241
0.031341076
0.031476021
0.031469822
0.031472683
0.031474113
0.031344891
0.031339169
0.031463146
0.031338692
0.031465054
0.031336308
0.031479359
0.031335354
0.031486988
0.031343460
0.031475306
0.031473637
0.031337976
0.031341791
0.031465530
0.031340122
0.031325102
0.031322479
0.031318665
0.031329155
0.031332016
0.031328917
0.031319618
0.031326771
0.031316519
0.031314850
0.031313658
0.031316280
0.031319857
0.031317711
0.031334162
0.031316757
0.031315565
0.031318665
0.031318188
0.031329632
0.031328678
0.031313181
0.031313419
0.031332016
0.031323910
0.031313181
0.031318665
0.031336784
0.031322718
0.031327486
0.031320572
0.031321526
0.031318665
0.031321049
0.031319857
0.031311989
0.031311989
0.031939507
