0.002258301
0.002226591
0.002634048
0.002370358
0.002377748
0.002379894
0.002436399
0.002238989
0.002287149
0.002393246
0.002493620
0.002445698
0.002510309
0.002227306
0.023417711
0.002229452
0.002410650
0.002389669
0.002244949
0.002341747
0.002463102
0.011428356
0.002486229
0.002098560
0.001900673
0.012310028
0.002336502
0.002538681
0.002546787
0.002152920
0.002007008
0.002543211
0.002283812
0.002290726
0.002455235
0.002375364
0.002489328
0.002335548
0.002555370
0.002718925
0.002399445
0.002338171
0.002664804
0.002284050
0.002260923
0.012953520
0.002708673
0.003034592
0.002576113
0.002398252
0.002643108
0.011983633
0.002574205
0.002454758
0.002479076
0.002687931
0.002613544
0.011853456
0.002364635
0.002598524
0.002644777
0.002731323
0.002426624
0.002594233
0.002772570
0.002621651
0.002531528
0.002216578
0.002549887
0.002352953
0.002552986
0.002358437
0.002548695
0.002496481
0.002653837
0.002339840
0.002560854
0.002562761
0.001897097
0.001878023
0.011764526
0.002265215
0.002385139
0.002484798
0.002473116
0.002246380
0.002173662
0.002597094
0.002234459
0.002242327
0.002848625
0.002378225
0.002672672
0.002809048
0.002671719
0.002498865
0.002847910
0.002589941
0.002501249
0.002394199
