0.000310659
0.000285864
0.000260115
0.000320911
0.000293970
0.000238895
0.000261784
0.000301361
0.000299215
0.000316858
0.000265598
0.000349045
0.000304222
0.000352621
0.000324249
0.000255108
0.000313759
0.000305653
0.000336170
0.000296593
0.000518084
0.000262260
0.000318766
0.000262499
0.000371456
0.000265598
0.000319958
0.000324488
0.000309706
0.000253677
0.000275373
0.000392437
0.000237465
0.000284433
0.000253916
0.000287533
0.000252724
0.000243664
0.000259876
0.000296116
0.000274897
0.000349998
0.000313759
0.000265598
0.000304461
0.000326157
0.000325441
0.000296831
0.000278711
0.000289440
0.000356913
0.000334501
0.000322580
0.000257730
0.000261307
0.000325918
0.000302792
0.000303745
0.000311375
0.000383854
0.000281811
0.000257254
0.000250101
0.000364065
0.000274897
0.000311613
0.000313282
0.000299692
0.000264168
0.000216484
0.000303984
0.000310421
0.000314236
0.000308275
0.000319242
0.000348330
0.000253201
0.000258207
0.000314951
0.000284910
0.000282049
0.000392675
0.000257492
0.000265598
0.000436544
0.000301361
0.000280857
0.000539303
0.000295639
0.000255823
0.000245571
0.000253439
0.000332832
0.000289440
0.000272036
0.000295162
0.000292063
0.000281096
0.000302792
0.000294447
