0.000771999
0.000786304
0.000790358
0.000769138
0.000810623
0.000803709
0.000812292
0.000840425
0.000782728
0.000810146
0.000792742
0.000819921
0.000782967
0.000791550
0.000776291
0.000835419
0.000785351
0.000815153
0.000826120
0.000802755
0.000827789
0.000817060
0.000896931
0.000816822
0.000810146
0.000799179
0.000819445
0.000822306
0.000669003
0.000791788
0.000805855
0.000791073
0.000769377
0.000841141
0.000829458
0.000828743
0.000815392
0.000813484
0.000797272
0.000788212
0.000799179
0.000841379
0.000797749
0.000819206
0.000805140
0.000813007
0.000769854
0.000790834
0.000832796
0.000828505
0.000766754
0.000916243
0.000762463
0.000838280
0.000780344
0.000792027
0.000813246
0.000828505
0.000805855
0.000834465
0.000819683
0.000821114
0.000808954
0.000862122
0.000828981
0.000830650
0.000802279
0.000934601
0.000808001
0.000781775
0.000812769
0.000839710
0.000810146
0.000830650
0.000802279
0.000837564
0.000763416
0.000838280
0.000773668
0.000835180
0.000821114
0.000854492
0.000801325
0.000816822
0.000803947
0.000818253
0.000799417
0.000900030
0.000789881
0.000788450
0.000757933
0.000818729
0.000890970
0.000797033
0.000779867
0.000801325
0.000808716
0.000798464
0.000787020
0.000794172
