0.028352976
0.016608953
0.023844004
0.016189337
0.015646219
0.030953407
0.016101360
0.015935421
0.027495384
0.017102480
0.016493797
0.016803980
0.016011000
0.016138554
0.014725685
0.016015768
0.016541004
0.022301674
0.017482996
0.017440557
0.016340256
0.016475916
0.026261806
0.016307592
0.016213417
0.014651537
0.016407967
0.014219522
0.017084360
0.017026901
0.016940355
0.016093731
0.015871763
0.023161411
0.030254126
0.017818928
0.016269922
0.014459372
0.016369820
0.018795490
0.029174089
0.015625000
0.016252518
0.016403437
0.016923428
0.016853333
0.022957087
0.018443584
0.016710281
0.016531944
0.016597033
0.016254187
0.028803825
0.016419172
0.015609741
0.016430616
0.016513348
0.017273188
0.016726494
0.016760111
0.021231890
0.024917364
0.015967369
0.025685549
0.014921904
0.016685724
0.016993284
0.034059763
0.016541719
0.016436815
0.016732454
0.016288280
0.016231298
0.017087936
0.016113520
0.015199423
0.017154455
0.028130531
0.026552916
0.016136169
0.015971422
0.016408682
0.016869307
0.017502546
0.025788307
0.016514540
0.016214609
0.016312361
0.016576767
0.023598671
0.016745090
0.017266273
0.017181158
0.015155315
0.015988588
0.015919447
0.016149282
0.015540123
0.016716242
0.016545296
