0.000279188
0.000259399
0.000251293
0.000221729
0.000231743
0.000252247
0.000256538
0.000250340
0.000329494
0.000305891
0.000307322
0.000294447
0.000298500
0.000305176
0.000331402
0.000307322
0.000299931
0.000254631
0.000306606
0.000263929
0.000262737
0.000319481
0.000260115
0.000242233
0.000263453
0.000238895
0.000261784
0.000293493
0.000287294
0.000311852
0.000305414
0.000329733
0.000323772
0.000292063
0.000263691
0.000311613
0.000281572
0.000219584
0.000274658
0.000270605
0.000283480
0.000300646
0.000277519
0.000259876
0.000292540
0.000292778
0.000299215
0.000314474
0.000311375
0.000309229
0.000379086
0.000257492
0.000292778
0.000269890
0.000219107
0.000265360
0.000278234
0.000229359
0.000257015
0.000281096
0.000264883
0.000308037
0.000266075
0.000329256
0.000263214
0.000307560
0.000268459
0.000251293
0.000253916
0.000290155
0.000268936
0.000307798
0.000333548
0.000256062
0.000347137
0.000256777
0.000294924
0.000270605
0.000269175
0.000291348
0.000276089
0.000276566
0.000327349
0.000207901
0.000286579
0.000254869
0.000214338
0.000189543
0.000241280
0.000290632
0.000258923
0.000295401
0.000204325
0.000234842
0.000248194
0.000289202
0.000245094
0.000267267
0.000186443
0.000212193
