0.000347853
0.000331640
0.000485420
0.000433922
0.000407696
0.000408649
0.000365496
0.000369072
0.000378847
0.000434637
0.000385761
0.000440359
0.000372648
0.000463724
0.000417948
0.000405550
0.000422716
0.000415802
0.000465393
0.000331879
0.000428438
0.000413895
0.000436306
0.000539780
0.000419617
0.000435114
0.000417709
0.000366211
0.000542402
0.000366926
0.000374556
0.000377417
0.000388145
0.000442982
0.000414610
0.000374317
0.000396967
0.000412464
0.000401735
0.000390053
0.000371695
0.000387907
0.000397205
0.000392199
0.000424147
0.000399351
0.000398874
0.000387192
0.000368357
0.000409603
0.000389576
0.000385046
0.000399590
0.000475168
0.000363350
0.000347614
0.000345469
0.000344753
0.000376940
0.000554800
0.000337362
0.000350475
0.000312805
0.000390530
0.000310659
0.000301838
0.000377417
0.000367165
0.000369310
0.000359297
0.000367403
0.000363588
0.000362635
0.000390291
0.000382662
0.000356674
0.000383854
0.000351906
0.000384331
0.000379562
0.000358820
0.000324011
0.000375986
0.000375271
0.000345707
0.000360012
0.000367165
0.000381231
0.000409126
0.000355959
0.000370264
0.000352383
0.000377893
0.000422716
0.000325680
0.000347137
0.000323057
0.000355721
0.000395775
0.000344276
