0.131798506
0.081943750
0.031440735
0.000219822
0.000281572
0.000320911
0.000281334
0.000329971
0.000277519
0.000234365
0.000314951
0.000310421
0.000322819
0.000267744
0.000249863
0.000254869
0.000279665
0.000240564
0.000199795
0.000235319
0.000186682
0.000190496
0.000207901
0.000224829
0.000296593
0.000300407
0.000313997
0.000270128
0.000302553
0.000389814
0.000256777
0.000245094
0.000180721
0.000454903
0.000223160
0.000175238
0.000173330
0.000166178
0.000177860
0.000176907
0.000181437
0.000195265
0.000184298
0.000202179
0.000178337
0.000246286
0.000336409
0.000233173
0.000254631
0.000196457
0.000185013
0.000192404
0.000169039
0.000413895
0.000204802
0.000193119
0.000167847
0.000185490
0.000278234
0.000184774
0.000222683
0.000222921
0.000315666
0.000207424
0.000211000
0.000187874
0.000211239
0.000248194
0.000325918
0.000286579
0.000234604
0.000219345
0.000205755
0.000205517
0.000235796
0.000226021
0.000167608
0.000145435
0.000184059
0.000189781
0.000175476
0.000181198
0.000211239
0.000305653
0.000304699
0.000282288
0.000331163
0.000294924
0.000325918
0.000310659
0.000365734
0.000358582
0.000249386
0.000275612
0.000300407
0.000293016
0.000254869
0.000297546
0.000342131
0.000323057
