0.000267267
0.000239372
0.000275850
0.000188589
0.000544548
0.000222206
0.000182629
0.000230312
0.000205994
0.000248432
0.000303268
0.000177145
0.000220537
0.000303268
0.000191450
0.000205040
0.000186682
0.000197649
0.000191212
0.000191450
0.000261068
0.000243425
0.000254154
0.000296593
0.000223398
0.000398159
0.000285387
0.000241756
0.000250578
0.000241518
0.000242472
0.000227928
0.000191450
0.000298738
0.000266075
0.000303984
0.000242710
0.000388622
0.000196934
0.000220299
0.000276327
0.000267506
0.000235081
0.000173569
0.000376940
0.000350952
0.000234842
0.000188589
0.000277281
0.000266790
0.000289202
0.000231504
0.000200748
0.000222206
0.000277758
0.000288725
0.000311852
0.000182867
0.000258446
0.000235796
0.000177383
0.000193119
0.000205040
0.000211239
0.000219822
0.000196218
0.000278234
0.000268936
0.000238180
0.000243425
0.000431061
0.000320435
0.000322580
0.000246048
0.000205755
0.000233889
0.000209093
0.000181913
0.000275612
0.000241280
0.000206232
0.000236034
0.000255823
0.000216007
0.000217199
0.000195980
0.000203371
0.000189781
0.000232935
0.000279188
0.000233173
0.000220537
0.000243187
0.000237465
0.000207424
0.000181675
0.000250816
0.000243187
0.000296593
0.000227928
