0.000227928
0.000214338
0.000177860
0.000216484
0.000245094
0.000243187
0.000238895
0.000464916
0.000273943
0.000305653
0.000202894
0.000209093
0.000204802
0.000200033
0.000214338
0.000187397
0.000280857
0.000242949
0.000207424
0.000189543
0.000173807
0.000176907
0.000218868
0.000211239
0.000169039
0.000190020
0.000182629
0.000211477
0.000205278
0.000181913
0.000186443
0.000204325
0.000303030
0.000298262
0.000407457
0.000276089
0.000247478
0.000219345
0.000190258
0.000309706
0.000302792
0.000332594
0.000281334
0.000324011
0.000273228
0.000316143
0.000334978
0.000309229
0.000337601
0.000303984
0.000294685
0.000298500
0.000303507
0.000299931
0.000309229
0.000309467
0.000323772
0.000298500
0.000284195
0.000386715
0.000232458
0.000238657
0.000254631
0.000218153
0.000353098
0.000241518
0.000236511
0.000263929
0.000252485
0.000223398
0.000285149
0.000261784
0.000273466
0.000276804
0.000477552
0.000253916
0.000312567
0.000337362
0.000311375
0.000281334
0.000592232
0.000273228
0.000288963
0.000270605
0.000298738
0.000230551
0.000266075
0.000254869
0.000207901
0.000185728
0.000230074
0.000284910
0.000199556
0.000211477
0.000201225
0.000209570
0.000303745
0.000307322
0.000298023
0.000334024
