0.001344681
0.001305342
0.001470804
0.001420498
0.001462221
0.001422167
0.001552582
0.001498461
0.001282930
0.001338005
0.001414537
0.001427412
0.001434565
0.001464605
0.001437187
0.001412868
0.001431704
0.001456738
0.001437664
0.001509666
0.001509666
0.001423597
0.001405954
0.001423597
0.001429319
0.001456499
0.001513481
0.001402378
0.001592875
0.001424789
0.001318932
0.001326799
0.001483917
0.001545429
0.001452208
0.001405001
0.001449585
0.001561880
0.001405716
0.001453876
0.001407623
0.001434088
0.001419067
0.001305819
0.001373529
0.001477480
0.001406431
0.001359224
0.001487970
0.001452684
0.001342773
0.001467466
0.001486778
0.001465321
0.001265526
0.001353025
0.001368523
0.001397610
0.001415253
0.001399040
0.001493931
0.001576185
0.001230478
0.001357794
0.001427174
0.001518011
0.001366615
0.001420975
0.001336098
0.001385450
0.001418829
0.001448870
0.001342535
0.001395464
0.001411915
0.001500368
0.001364470
0.001407623
0.001371622
0.001528502
0.001402140
0.001520634
0.001261234
0.001430035
0.001480818
0.001421928
0.001390457
0.001467228
0.001430035
0.001526356
0.001338482
0.001287699
0.001389742
0.001460552
0.001326561
0.001454592
0.001398087
0.001488686
0.001358747
0.001540184
