0.000457525
0.000510216
0.000531673
0.000460386
0.000503778
0.000521660
0.000439644
0.000469923
0.000370026
0.000488997
0.000466824
0.000515223
0.000502825
0.000508308
0.000478029
0.000482082
0.000519037
0.000492334
0.000441790
0.000487566
0.000536680
0.000458956
0.000463009
0.000485420
0.000443697
0.000475168
0.000597477
0.000474930
0.000463009
0.000499964
0.000481129
0.000512838
0.000510216
0.000511646
0.000483274
0.000466824
0.000417948
0.000473738
0.000473022
0.000496149
0.000507116
0.000521660
0.000532866
0.000473738
0.000526667
0.000492811
0.000460386
0.000461102
0.000446558
0.000483036
0.000515938
0.000485420
0.000506878
0.000518084
0.000511885
0.000487089
0.000531912
0.000468016
0.000463247
0.000561714
0.000471115
0.000461340
0.000501394
0.000466824
0.000467300
0.000497818
0.000509501
0.000480175
0.000503540
0.000436783
0.000478268
0.000489235
0.000476599
0.000506639
0.000521660
0.000448942
0.000487566
0.000490427
0.000495195
0.000493526
0.000493288
0.000466585
0.000477791
0.000523806
0.000523806
0.000483036
0.000528097
0.000486851
0.000509262
0.000471830
0.000542402
0.000439882
0.000536919
0.000500917
0.000509977
0.000481606
0.000483036
0.000518560
0.000514507
0.000475645
