0.000346422
0.000353813
0.000265121
0.000346422
0.000403166
0.000326872
0.000296593
0.000370026
0.000360250
0.000350237
0.000346422
0.000330448
0.000384331
0.000357389
0.000344753
0.000370502
0.000346899
0.000318766
0.000342607
0.000301838
0.000366211
0.000363111
0.000343800
0.000375748
0.000398636
0.000351667
0.000361681
0.000388145
0.000349283
0.000342846
0.000413895
0.000335693
0.000366926
0.000330448
0.000329733
0.000308037
0.000338316
0.000378132
0.000350714
0.000392199
0.000342369
0.000401258
0.000353336
0.000346184
0.000311852
0.000365019
0.000366688
0.000360966
0.000372410
0.000354528
0.000370741
0.000327587
0.000334501
0.000355005
0.000357628
0.000363350
0.000386715
0.000336885
0.000324488
0.000557423
0.000336409
0.000319242
0.000326633
0.000371933
0.000330210
0.000564575
0.000307083
0.000344753
0.000370264
0.000339270
0.000340939
0.000373840
0.000349998
0.000328302
0.000374079
0.000351667
0.000435591
0.000381947
0.000281334
0.000290632
0.000332594
0.000335693
0.000328779
0.000354290
0.000371933
0.000395775
0.000347614
0.000345707
0.000364304
0.000335455
0.000336647
0.000326395
0.000320435
0.000299454
0.000430107
0.000355959
0.000383139
0.000347137
0.000343561
0.000345469
