0.000228882
0.000267029
0.000234365
0.000189781
0.000153780
0.000168800
0.000155210
0.000161171
0.000206709
0.000181913
0.000179529
0.000162840
0.000185251
0.000176430
0.000265837
0.000192881
0.000175238
0.000184298
0.000197172
0.000182390
0.000314713
0.000221729
0.000189304
0.000180244
0.000186205
0.000178337
0.000298500
0.000202656
0.000159740
0.000200272
0.000187635
0.000190496
0.000181913
0.000255823
0.000171185
0.000211716
0.000154495
0.000164270
0.000147343
0.000133753
0.000266790
0.000233650
0.000159502
0.000151634
0.000147104
0.000399113
0.000399590
0.000210285
0.000412226
0.000212908
0.000190258
0.000150204
0.000215769
0.000231028
0.000151396
0.000394344
0.000246048
0.000218153
0.000303745
0.000200510
0.000157118
0.000151873
0.000154257
0.000213861
0.000181913
0.000154972
0.000144482
0.000152588
0.000263453
0.000213861
0.000201941
0.000177860
0.000182629
0.000178099
0.000300407
0.000211954
0.000167131
0.000172138
0.000164270
0.000201225
0.000253201
0.000140905
0.000133038
0.000145912
0.000157595
0.000147581
0.000269413
0.000124454
0.000265360
0.000164270
0.000173092
0.000173807
0.000181913
0.000229836
0.000170708
0.000179768
0.000184536
0.000163078
0.000179768
0.000145674
