0.015062809
0.009119749
0.008638144
0.008478165
0.014302254
0.008441448
0.016875982
0.008589506
0.008405685
0.008363008
0.009309053
0.015162468
0.008647203
0.008753061
0.008398294
0.008147478
0.008756161
0.015102863
0.008917570
0.006535053
0.008758783
0.013303995
0.008114815
0.007477522
0.008684397
0.008152008
0.008154631
0.007420063
0.008545876
0.009150743
0.008208990
0.008181810
0.008625031
0.008360386
0.008752584
0.008730888
0.013426781
0.008626699
0.008261442
0.007540226
0.007624149
0.007809639
0.007736921
0.013517141
0.008363485
0.008437634
0.008161783
0.008381367
0.008531094
0.008440256
0.008475304
0.008241892
0.008400679
0.008675337
0.008346796
0.008582592
0.008207083
0.008332729
0.008447647
0.008368731
0.008112669
0.008079529
0.018017530
0.008573055
0.007859707
0.007792950
0.008320808
0.008514881
0.008017540
0.008429527
0.007918358
0.008043289
0.008037329
0.008393764
0.008075476
0.008337498
0.007862806
0.007872343
0.017768621
0.008043766
0.007782221
0.007954359
0.008132696
0.008332253
0.008195162
0.007944584
0.007852077
0.008029938
0.008723497
0.009103298
0.008126020
0.008172035
0.008332729
0.008455992
0.017419338
0.008749485
0.025086403
0.008293390
0.015562534
0.007830620
