0.000267267
0.000262499
0.000290394
0.000178814
0.000581264
0.000214100
0.000163078
0.000204086
0.000208616
0.000246286
0.000302792
0.000181675
0.000224352
0.000314713
0.000201225
0.000225544
0.000168085
0.000171661
0.000175476
0.000169754
0.000293016
0.000249624
0.000224590
0.000297546
0.000229120
0.000278473
0.000311375
0.000247240
0.000253916
0.000207663
0.000254869
0.000232697
0.000193357
0.000315666
0.000234604
0.000271797
0.000266790
0.000383377
0.000198126
0.000241756
0.000279665
0.000267982
0.000236273
0.000180721
0.000372648
0.000350237
0.000259876
0.000200272
0.000282764
0.000279665
0.000289440
0.000221968
0.000176191
0.000221729
0.000242472
0.000301838
0.000299931
0.000185251
0.000260353
0.000241995
0.000165939
0.000169992
0.000212669
0.000206470
0.000217915
0.000200987
0.000293493
0.000258923
0.000239372
0.000240088
0.000436068
0.000325918
0.000326157
0.000249147
0.000200987
0.000234127
0.000206232
0.000179052
0.000272751
0.000241518
0.000211477
0.000235319
0.000256062
0.000221014
0.000216484
0.000196934
0.000201941
0.000192404
0.000253439
0.000318527
0.000249386
0.000232697
0.000250101
0.000239134
0.000196457
0.000182152
0.000268698
0.000229836
0.000305891
0.000230551
