0.000793457
0.000797749
0.000812769
0.000821352
0.000815630
0.000793934
0.000820637
0.000848532
0.000788689
0.000834227
0.000811100
0.000825882
0.000779867
0.000810623
0.000801563
0.000861645
0.000808001
0.000842333
0.000836611
0.000822783
0.000858068
0.000842333
0.000987291
0.000829220
0.000885248
0.000830173
0.000841379
0.000856876
0.000692606
0.000824928
0.000830412
0.000819921
0.000796795
0.000864744
0.000856638
0.000854731
0.000846148
0.000834703
0.000809193
0.000810623
0.000826597
0.000871181
0.000828028
0.000844479
0.000828743
0.000834465
0.000795364
0.000812531
0.000848532
0.000852346
0.000805378
0.001038074
0.000800133
0.000869513
0.000803232
0.000815392
0.000844955
0.000850439
0.000832558
0.000850677
0.000844717
0.000851631
0.000837326
0.000867128
0.000836134
0.000842094
0.000820160
0.000951529
0.000821352
0.000818491
0.000842094
0.000865698
0.000824451
0.000832319
0.000830173
0.000840902
0.000785828
0.000831127
0.000858068
0.000850677
0.000816107
0.000854254
0.000813007
0.000828743
0.000799417
0.000834703
0.000803471
0.000935555
0.000810862
0.000819921
0.000785828
0.000854731
0.000928640
0.000804901
0.000811338
0.000826836
0.000816584
0.000823021
0.000817537
0.000823498
