0.131810904
0.081957817
0.031454325
0.000204086
0.000281096
0.000333786
0.000269413
0.000345707
0.000275373
0.000271559
0.000303745
0.000290632
0.000324249
0.000264883
0.000269651
0.000251055
0.000288248
0.000237465
0.000216007
0.000254154
0.000165939
0.000161409
0.000209093
0.000222683
0.000331402
0.000309229
0.000314951
0.000272989
0.000328541
0.000405312
0.000241518
0.000221968
0.000168800
0.000479937
0.000252008
0.000175953
0.000165462
0.000145912
0.000160933
0.000169277
0.000172377
0.000170231
0.000162125
0.000176430
0.000177622
0.000245094
0.000389099
0.000251293
0.000262499
0.000183582
0.000173807
0.000162363
0.000158787
0.000429153
0.000211954
0.000186682
0.000178099
0.000185013
0.000306368
0.000180006
0.000228643
0.000226498
0.000299692
0.000197649
0.000219822
0.000250816
0.000208855
0.000269413
0.000241041
0.000279665
0.000313044
0.000222445
0.000207663
0.000207424
0.000242472
0.000214100
0.000168085
0.000149727
0.000172377
0.000188828
0.000168085
0.000179529
0.000206470
0.000308514
0.000304461
0.000310183
0.000324488
0.000314713
0.000318050
0.000328064
0.000349283
0.000371218
0.000259399
0.000272274
0.000303030
0.000302553
0.000249386
0.000303268
0.000349045
0.000324726
