0.000238657
0.000233889
0.000187397
0.000235796
0.000259876
0.000261068
0.000246048
0.000479221
0.000279188
0.000308275
0.000209570
0.000238419
0.000214338
0.000209570
0.000212908
0.000189304
0.000288486
0.000241995
0.000259161
0.000195265
0.000179768
0.000207424
0.000217676
0.000212193
0.000179529
0.000170946
0.000173569
0.000215292
0.000232458
0.000186205
0.000191689
0.000212431
0.000312567
0.000314474
0.000379086
0.000275373
0.000234842
0.000227213
0.000192404
0.000334978
0.000298262
0.000348568
0.000301361
0.000379801
0.000299215
0.000313282
0.000319958
0.000316858
0.000416279
0.000318527
0.000318527
0.000336647
0.000303030
0.000319958
0.000320435
0.000322342
0.000349045
0.000293732
0.000301600
0.000397205
0.000260353
0.000247955
0.000254631
0.000247478
0.000305176
0.000267744
0.000249863
0.000262022
0.000287533
0.000218153
0.000297070
0.000264883
0.000267267
0.000285625
0.000506639
0.000294685
0.000327110
0.000344038
0.000328302
0.000271797
0.000596285
0.000281334
0.000255346
0.000271082
0.000295401
0.000225544
0.000259638
0.000246763
0.000204802
0.000190258
0.000239372
0.000282764
0.000216007
0.000205517
0.000224590
0.000201702
0.000323057
0.000334978
0.000339508
0.000341892
