0.002320290
0.002254009
0.002625465
0.002351046
0.002346039
0.002349615
0.002408266
0.002223253
0.002282381
0.002380371
0.002521038
0.002428293
0.002513885
0.002334356
0.013210058
0.002331734
0.002418756
0.002476454
0.002372980
0.002437592
0.002473831
0.002625704
0.002494812
0.002097130
0.002015591
0.012316704
0.002348900
0.002540827
0.002631187
0.002181053
0.002030134
0.002544165
0.002403021
0.002297163
0.002477646
0.002470493
0.002471447
0.002344131
0.002590418
0.002763510
0.002383471
0.002359867
0.002638817
0.002358913
0.002346992
0.012907267
0.002714634
0.003009796
0.002544880
0.002380848
0.002644777
0.012067318
0.002557278
0.002468824
0.002477407
0.002676249
0.002608061
0.011775494
0.002346039
0.002599478
0.002646685
0.002730131
0.002454042
0.002561092
0.002731085
0.002586842
0.002492189
0.002326488
0.002553463
0.002349854
0.002556324
0.002346754
0.002527475
0.002468348
0.002645016
0.002311230
0.002527237
0.002518415
0.001842737
0.001843691
0.011799335
0.002243042
0.002388000
0.002596617
0.002485752
0.002226114
0.002165794
0.002578974
0.002219439
0.002230644
0.002821684
0.002479792
0.002713442
0.002820015
0.002800703
0.002605200
0.002873182
0.002650499
0.002524376
0.002408266
