0.000375986
0.000361204
0.000311136
0.000368357
0.000489473
0.000353336
0.000334024
0.000416279
0.000413656
0.000385284
0.000362396
0.000380993
0.000452280
0.000384092
0.000355244
0.000432014
0.000357866
0.000346184
0.000352621
0.000315428
0.000388622
0.000366688
0.000357866
0.000394821
0.000397444
0.000383854
0.000352859
0.000390291
0.000358820
0.000357151
0.000495911
0.000335693
0.000391245
0.000351667
0.000357389
0.000355244
0.000401974
0.000375748
0.000379086
0.000368357
0.000351667
0.000383377
0.000352383
0.000385046
0.000344515
0.000401735
0.000382900
0.000344992
0.000421286
0.000357628
0.000386953
0.000354528
0.000367880
0.000365019
0.000381470
0.000362873
0.000436783
0.000376701
0.000348330
0.000581980
0.000338316
0.000355959
0.000362635
0.000382662
0.000355005
0.000583410
0.000325203
0.000347853
0.000377893
0.000360966
0.000367165
0.000378609
0.000393629
0.000384808
0.000407696
0.000387430
0.000408649
0.000411749
0.000286341
0.000286102
0.000359774
0.000365496
0.000343561
0.000399351
0.000433445
0.000451803
0.000368595
0.000354767
0.000364304
0.000340939
0.000375748
0.000347376
0.000340939
0.000317812
0.000398636
0.000382900
0.000386477
0.000344992
0.000357866
0.000401974
