0.000297308
0.000264406
0.000260592
0.000225067
0.000231981
0.000271559
0.000265121
0.000262022
0.000383615
0.000317812
0.000308275
0.000310898
0.000307322
0.000325680
0.000305891
0.000327110
0.000303030
0.000247955
0.000306845
0.000263929
0.000273943
0.000342369
0.000262976
0.000251770
0.000266075
0.000221968
0.000262022
0.000296831
0.000307322
0.000317812
0.000302076
0.000305414
0.000324011
0.000300884
0.000263691
0.000310421
0.000272512
0.000219822
0.000284195
0.000258923
0.000277042
0.000298977
0.000255585
0.000257969
0.000288248
0.000295401
0.000308990
0.000315428
0.000307322
0.000287771
0.000406981
0.000273228
0.000294924
0.000271082
0.000226498
0.000259876
0.000253439
0.000230074
0.000269413
0.000273943
0.000269413
0.000304937
0.000266790
0.000293016
0.000261545
0.000330925
0.000272512
0.000249863
0.000253916
0.000264168
0.000252962
0.000321865
0.000366211
0.000259399
0.000338554
0.000267267
0.000269890
0.000362158
0.000278711
0.000287294
0.000279665
0.000298977
0.000340462
0.000237226
0.000300169
0.000268459
0.000234365
0.000211000
0.000160933
0.000297070
0.000267982
0.000302553
0.000220776
0.000239849
0.000238657
0.000296593
0.000245094
0.000280619
0.000193596
0.000206709
