0.030081987
0.016511440
0.022168636
0.015952110
0.017284155
0.030273438
0.014346361
0.015825987
0.027295113
0.017147064
0.016359568
0.016672611
0.016071796
0.016249895
0.016233444
0.015678406
0.016305447
0.024088860
0.017197847
0.017243385
0.016154289
0.016531229
0.018996954
0.016291618
0.015946627
0.016389847
0.016344547
0.015940666
0.016960859
0.016916513
0.016816139
0.014253139
0.023478985
0.022972345
0.028552532
0.016005993
0.014591217
0.016189098
0.016383171
0.031040192
0.030844927
0.017460346
0.016069174
0.016477346
0.016896486
0.016768217
0.022095919
0.023588896
0.014986038
0.014793634
0.016493797
0.016291380
0.026900530
0.016359568
0.015640497
0.014575720
0.014617920
0.017096996
0.014889956
0.016722202
0.020930767
0.022994280
0.015752316
0.018520355
0.016564369
0.016604185
0.016725540
0.040859222
0.016474724
0.016419888
0.016640186
0.016243219
0.015982389
0.017123461
0.016112566
0.016768456
0.017022610
0.027909517
0.028418779
0.015996933
0.015889406
0.016343594
0.016858816
0.017469645
0.025481224
0.016463041
0.014563799
0.016340494
0.016409159
0.023482561
0.016741514
0.017295361
0.017178535
0.016842365
0.015902519
0.015847445
0.016015291
0.017313719
0.016620874
0.016488075
