0.000377417
0.000435352
0.000485659
0.000495911
0.000413418
0.000474930
0.000404119
0.000411987
0.000391960
0.000488997
0.000412464
0.000438452
0.000413656
0.000456095
0.000418186
0.000471830
0.000453711
0.000424385
0.000462055
0.000364304
0.000434875
0.000454664
0.000445604
0.000565052
0.000442982
0.000433445
0.000415802
0.000399113
0.000547409
0.000401974
0.000443220
0.000389576
0.000419140
0.000468016
0.000422239
0.000423670
0.000428677
0.000483274
0.000448704
0.000437737
0.000427008
0.000429392
0.000429153
0.000432253
0.000432491
0.000435114
0.000430346
0.000438929
0.000411272
0.000452757
0.000420094
0.000409365
0.000404596
0.000557184
0.000378370
0.000403166
0.000402212
0.000374317
0.000391483
0.000573397
0.000364542
0.000382662
0.000364065
0.000442505
0.000329971
0.000326633
0.000459909
0.000376225
0.000428677
0.000439405
0.000388384
0.000368834
0.000396490
0.000400543
0.000389099
0.000361204
0.000404358
0.000389576
0.000442982
0.000380516
0.000380278
0.000368118
0.000416040
0.000400782
0.000473976
0.000372410
0.000400066
0.000415087
0.000415802
0.000370026
0.000390053
0.000365973
0.000388384
0.000474215
0.000373602
0.000356913
0.000354767
0.000367403
0.000415802
0.000374317
