0.000231028
0.000275373
0.000239134
0.000193834
0.000158072
0.000184774
0.000159025
0.000163317
0.000203133
0.000173569
0.000185728
0.000162601
0.000190020
0.000174284
0.000258923
0.000194788
0.000169516
0.000184536
0.000195026
0.000184059
0.000282049
0.000223637
0.000189543
0.000180006
0.000186920
0.000175238
0.000298977
0.000199318
0.000158310
0.000201464
0.000180006
0.000181913
0.000184774
0.000283480
0.000170469
0.000266075
0.000158310
0.000161648
0.000143528
0.000131130
0.000287533
0.000204802
0.000130415
0.000124693
0.000120878
0.000506401
0.000407934
0.000210285
0.000418663
0.000188589
0.000160217
0.000146627
0.000246763
0.000200748
0.000150204
0.000405788
0.000286102
0.000228405
0.000210047
0.000207186
0.000164270
0.000152826
0.000172138
0.000213146
0.000164270
0.000158072
0.000139475
0.000163078
0.000271559
0.000203133
0.000216007
0.000185728
0.000184059
0.000185251
0.000301123
0.000212669
0.000160217
0.000165462
0.000155687
0.000201941
0.000257730
0.000131130
0.000145674
0.000144482
0.000185728
0.000145197
0.000282526
0.000133038
0.000289440
0.000161886
0.000174046
0.000171423
0.000161648
0.000220299
0.000174522
0.000186682
0.000162840
0.000139713
0.000156403
0.000152588
