0.005381584
0.004531860
0.004488468
0.004407644
0.004350424
0.004483700
0.004484653
0.004331827
0.013967752
0.004334450
0.004375935
0.003973961
0.003684759
0.004254580
0.004576921
0.004415274
0.017039537
0.005496264
0.004108906
0.004073620
0.004033089
0.004620790
0.004525900
0.005216599
0.004656792
0.004306555
0.013091087
0.004808426
0.004096746
0.004111767
0.004393578
0.004329681
0.005501270
0.004230738
0.004143476
0.004185915
0.005225182
0.004722118
0.004362345
0.004161119
0.004369259
0.004810572
0.004270554
0.003808737
0.004354715
0.005486488
0.004131079
0.004091978
0.004847288
0.004449368
0.004207134
0.004475832
0.004295111
0.004124165
0.004321337
0.004736423
0.004420519
0.004549503
0.004096746
0.004429340
0.004316568
0.004656553
0.004186630
0.003588200
0.004274130
0.005067348
0.004587889
0.004344702
0.004459620
0.004211664
0.004467010
0.004310131
0.015687704
0.004749060
0.004052162
0.003821373
0.004269123
0.004898787
0.004929066
0.005540848
0.004501343
0.005018234
0.004362106
0.003752708
0.004249573
0.004866600
0.004132509
0.004146814
0.004042387
0.004701853
0.004475594
0.004155397
0.004518509
0.004373789
0.004196644
0.003885031
0.004440784
0.004585981
0.004630327
0.012353182
