0.000539541
0.000598907
0.000637293
0.000529289
0.000607491
0.000564098
0.000499487
0.000549555
0.000398636
0.000606298
0.000517607
0.000585318
0.000574589
0.000580788
0.000540972
0.000563145
0.000564098
0.000575066
0.000562668
0.000515461
0.000604153
0.000535250
0.000563145
0.000550508
0.000517845
0.000538349
0.000566721
0.000584602
0.000566959
0.000606298
0.000540972
0.000608444
0.000593185
0.000547886
0.000573397
0.000541449
0.000488043
0.000538111
0.000550985
0.000548363
0.000565767
0.000605106
0.000564575
0.000537395
0.000560760
0.000577211
0.000527143
0.000529051
0.000517845
0.000542164
0.000606537
0.000568867
0.000571012
0.000570297
0.000575781
0.000628710
0.000610828
0.000510693
0.000544548
0.000655413
0.000530481
0.000562191
0.000593662
0.000546455
0.000542164
0.000591278
0.000561953
0.000563622
0.000583649
0.000559092
0.000571728
0.000560522
0.000569344
0.000560045
0.000597477
0.000526190
0.000557661
0.000556707
0.000573635
0.000538349
0.000581980
0.000593185
0.000572205
0.000618458
0.000597715
0.000563860
0.000599623
0.000602722
0.000600576
0.000566721
0.000596046
0.000514030
0.000610113
0.000579119
0.000560284
0.000559092
0.000545979
0.000588655
0.000596285
0.000542879
