0.000366449
0.000289202
0.000250578
0.000403404
0.000328541
0.000245571
0.000272036
0.000296116
0.000305653
0.000325918
0.000254393
0.000339508
0.000342846
0.000336647
0.000353813
0.000283957
0.000327587
0.000317812
0.000347376
0.000299692
0.000559568
0.000293732
0.000318527
0.000272274
0.000402451
0.000260353
0.000310421
0.000334740
0.000342131
0.000281096
0.000250816
0.000397682
0.000252485
0.000269413
0.000275850
0.000301600
0.000277519
0.000281096
0.000282288
0.000307083
0.000298977
0.000356674
0.000321627
0.000280380
0.000325680
0.000331879
0.000408888
0.000315428
0.000295877
0.000328779
0.000371218
0.000366211
0.000342369
0.000266790
0.000273228
0.000375748
0.000309944
0.000339985
0.000364542
0.000396252
0.000302792
0.000279665
0.000246048
0.000378609
0.000292063
0.000371218
0.000287533
0.000297785
0.000261784
0.000247717
0.000338554
0.000317335
0.000390530
0.000314951
0.000348806
0.000361919
0.000272512
0.000254393
0.000349998
0.000329733
0.000309944
0.000415564
0.000297785
0.000274897
0.000444174
0.000303507
0.000295401
0.000578403
0.000337601
0.000273705
0.000261784
0.000260830
0.000337839
0.000312805
0.000274658
0.000308037
0.000315428
0.000370026
0.000308275
0.000311136
