0.001357317
0.001321554
0.001484871
0.001435518
0.001472712
0.001417637
0.001537800
0.001499653
0.001299381
0.001342773
0.001426220
0.001429319
0.001440525
0.001466513
0.001446247
0.001408100
0.001427889
0.001464128
0.001439810
0.001491070
0.001504183
0.001439810
0.001397133
0.001432419
0.001422644
0.001463890
0.001498222
0.001401901
0.001583815
0.001432419
0.001323223
0.001324654
0.001502752
0.001539230
0.001463652
0.001393080
0.001447678
0.001551151
0.001420975
0.001446724
0.001432896
0.001433849
0.001399279
0.001287222
0.001372099
0.001476526
0.001410007
0.001373768
0.001488686
0.001440763
0.001351833
0.001467466
0.001479626
0.001528502
0.001289606
0.001345396
0.001392365
0.001413107
0.001417160
0.001409531
0.001511335
0.001570463
0.001257658
0.001407146
0.001394510
0.001529455
0.001382113
0.001412868
0.001328230
0.001363516
0.001425028
0.001452208
0.001346111
0.001401901
0.001411915
0.001547337
0.001366377
0.001444101
0.001364708
0.001534700
0.001398802
0.001522303
0.001274824
0.001426697
0.001486063
0.001407146
0.001382351
0.001477480
0.001430511
0.001517296
0.001346827
0.001306295
0.001381874
0.001469135
0.001324177
0.001453876
0.001394987
0.001502752
0.001374245
0.001558304
