0.000315428
0.000254393
0.000233173
0.000330210
0.000257254
0.000247002
0.000292778
0.000278473
0.000235319
0.000264883
0.000321627
0.000329733
0.000364542
0.000266790
0.000308037
0.000310659
0.000298977
0.000311613
0.000315428
0.000256777
0.000297546
0.000300884
0.000309944
0.000262499
0.000237703
0.000362396
0.000304937
0.000298738
0.000338316
0.000308514
0.000330925
0.000280380
0.000343323
0.000258923
0.000306129
0.000332594
0.000338078
0.000357389
0.000334024
0.000329494
0.000291109
0.000334978
0.000303507
0.000285625
0.000268459
0.000251770
0.000251055
0.000294447
0.000297070
0.000250816
0.000351667
0.000331640
0.000331163
0.000300646
0.000304937
0.000304699
0.000257730
0.000236034
0.000305414
0.000455379
0.000349283
0.000279665
0.000267267
0.000304461
0.000306606
0.000327587
0.000278950
0.000332832
0.000233650
0.000335455
0.000357866
0.000349998
0.000308990
0.000267506
0.000332117
0.000372171
0.000334740
0.000251293
0.000259876
0.000352621
0.000243187
0.000338554
0.000310183
0.000280857
0.000332355
0.000312328
0.000306845
0.000328064
0.000308752
0.000451565
0.000252962
0.000317812
0.000329494
0.000260353
0.000332355
0.000336409
0.000328064
0.000337601
0.000263214
0.000246763
