0.017441034
0.015150070
0.017548561
0.010079622
0.017202854
0.009860277
0.009893656
0.009761572
0.010040760
0.009834766
0.016147137
0.010037899
0.016280651
0.009729862
0.009242296
0.009487391
0.009341955
0.009419203
0.009461164
0.009373426
0.009361029
0.009393930
0.009397268
0.009564877
0.009381771
0.009321213
0.009299278
0.009359837
0.009338140
0.009241343
0.009238005
0.009365320
0.009518623
0.009318829
0.009320974
0.018295288
0.009850502
0.009488344
0.009486675
0.019755125
0.017820835
0.018382788
0.009825945
0.009616375
0.009501696
0.009546995
0.009564161
0.009550095
0.009692907
0.009613991
0.009588480
0.009759188
0.009561300
0.009667158
0.009435892
0.009679079
0.017602205
0.009686470
0.009633780
0.020123720
0.009955406
0.009613514
0.009575844
0.019627333
0.009825945
0.009482861
0.009680748
0.009629250
0.010319710
0.010041714
0.010020256
0.010187864
0.009867191
0.009827852
0.009959221
0.009716988
0.009964466
0.019474745
0.010018110
0.009566545
0.010154247
0.009978533
0.017297506
0.009124994
0.010185480
0.010230780
0.010229826
0.010628939
0.010111570
0.009635210
0.017224789
0.010099411
0.009760618
0.009174347
0.009275436
0.009468317
0.009675980
0.009371758
0.009648085
0.009506464
