0.000297546
0.000391245
0.000297785
0.000321865
0.000246763
0.000287533
0.000274181
0.000325441
0.000350475
0.000236988
0.000301600
0.000332355
0.000278234
0.000326872
0.000302076
0.000246048
0.000230312
0.000262260
0.000278711
0.000259876
0.000301600
0.000329971
0.000246286
0.000302076
0.000299215
0.000245333
0.000278473
0.000299215
0.000302076
0.000327110
0.000301123
0.000262976
0.000262976
0.000238419
0.000314236
0.000326157
0.000258923
0.000261784
0.000246763
0.000234842
0.000276804
0.000338554
0.000247240
0.000328064
0.000378609
0.000256062
0.000226974
0.000263453
0.000293255
0.000326872
0.000301123
0.000294924
0.000299931
0.000327349
0.000264883
0.000339985
0.000277758
0.000280142
0.000299931
0.000273705
0.000231743
0.000231981
0.000277758
0.000302076
0.000352144
0.000293732
0.000345945
0.000313282
0.000234127
0.000325203
0.000302076
0.000306606
0.000285625
0.000263453
0.000299454
0.000246525
0.000274181
0.000324488
0.000277042
0.000328779
0.000260592
0.000336170
0.000302315
0.000303030
0.000328064
0.000248671
0.000231743
0.000261068
0.000233889
0.000298977
0.000331402
0.000235796
0.000283241
0.000325918
0.000297070
0.000339031
0.000341415
0.000327110
0.000286102
0.000290871
