0.000290155
0.000357389
0.000308990
0.000303030
0.000309229
0.000372887
0.000308514
0.000355005
0.000279665
0.000321865
0.000320435
0.000330448
0.000318527
0.000276327
0.000378847
0.000320435
0.000268459
0.000336885
0.000294685
0.000334263
0.000334501
0.000282764
0.000344276
0.000350475
0.000360966
0.000283957
0.000344992
0.000334978
0.000345945
0.000345230
0.000308275
0.000269890
0.000384331
0.000347137
0.000287056
0.000332594
0.000314951
0.000331402
0.000317574
0.000283718
0.000338078
0.000368118
0.000286818
0.000348806
0.000335455
0.000317574
0.000283718
0.000343323
0.000332594
0.000329256
0.000323296
0.000299454
0.000330687
0.000302792
0.000305653
0.000335932
0.000298262
0.000272512
0.000346184
0.000468969
0.000328541
0.000271320
0.000279188
0.000293255
0.000310421
0.000299931
0.000305891
0.000342846
0.000406265
0.000307798
0.000298977
0.000306368
0.000329971
0.000304699
0.000305176
0.000315189
0.000345230
0.000338793
0.000330925
0.000308037
0.000283957
0.000313997
0.000301600
0.000318050
0.000338554
0.000350952
0.000331640
0.000319958
0.000344515
0.000313997
0.000272274
0.000323772
0.000353813
0.000274420
0.000364780
0.000338793
0.000337601
0.000332594
0.000344992
0.000278234
