0.000323772
0.000350475
0.000361681
0.000384808
0.000315428
0.000329971
0.000339508
0.000316620
0.000372648
0.000355959
0.000320673
0.000314236
0.000361204
0.000341892
0.000335217
0.000329494
0.000334740
0.000357866
0.000390768
0.000329018
0.000360966
0.000359774
0.000332117
0.000363588
0.000350714
0.000386238
0.000389576
0.000337362
0.000367165
0.000337839
0.000361919
0.000312805
0.000350237
0.000341415
0.000324965
0.000365257
0.000322819
0.000360966
0.000394344
0.000318289
0.000370741
0.000323296
0.000364780
0.000361204
0.000364780
0.000360966
0.000371695
0.000362635
0.000347137
0.000362396
0.000329494
0.000362635
0.000299931
0.000427008
0.000355005
0.000338078
0.000350475
0.000364780
0.000403166
0.000385761
0.000330925
0.000310421
0.000372648
0.000390530
0.000362158
0.000385523
0.000364542
0.000335932
0.000336647
0.000378609
0.000360966
0.000393629
0.000333071
0.000340939
0.000390768
0.000366688
0.000356913
0.000392199
0.000419617
0.000322819
0.000324488
0.000302792
0.000311852
0.000374079
0.000352383
0.000295877
0.000314951
0.000394106
0.000340462
0.000364542
0.000362158
0.000386000
0.000325918
0.000393629
0.000340223
0.000388622
0.000344515
0.000324965
0.000376463
0.000292301
