0.013962507
0.014161110
0.004757643
0.004877329
0.005117178
0.004884005
0.004775763
0.004842043
0.005010605
0.004922867
0.004898548
0.004937649
0.004921198
0.004953384
0.004944324
0.004946232
0.004996061
0.004893541
0.004820585
0.004922152
0.004809380
0.004928112
0.004808903
0.004995584
0.004976749
0.004983187
0.004848957
0.004957438
0.004880190
0.004942179
0.004817486
0.004939795
0.013530016
0.004615307
0.004735470
0.004893780
0.004739046
0.004678488
0.004540443
0.004749298
0.004692793
0.004941225
0.004640102
0.004797220
0.004683256
0.004957676
0.004759550
0.004810095
0.013787985
0.015172720
0.005132198
0.016175508
0.005259991
0.005418539
0.005335808
0.015788555
0.005386591
0.016517878
0.014317989
0.005008221
0.004972219
0.005142212
0.005179644
0.005707979
0.005442381
0.004993200
0.005010128
0.005144596
0.005289555
0.004962683
0.005112171
0.005373955
0.005155802
0.005071640
0.005202770
0.005228996
0.005448818
0.005208015
0.005299330
0.005179167
0.005138874
0.016149759
0.005151272
0.004964828
0.005005360
0.005199671
0.005068541
0.005142212
0.005163908
0.005060673
0.005067825
0.005058050
0.005052805
0.016206980
0.004996300
0.005013227
0.005058289
0.005070448
0.005275488
0.015591383
