0.011708498
0.001410484
0.001388550
0.001387119
0.001665592
0.001589060
0.001721382
0.001552820
0.001564503
0.001636028
0.001600027
0.001582146
0.001478434
0.001618147
0.001570225
0.001598120
0.001665831
0.001613140
0.001639366
0.001602411
0.001476765
0.001633883
0.001725435
0.001610994
0.001479149
0.001668453
0.001580477
0.001642466
0.001732111
0.001512051
0.001586914
0.001671314
0.001558065
0.001541376
0.001558781
0.001526833
0.001506805
0.001547337
0.001426220
0.001666546
0.001486540
0.001663923
0.001486540
0.001682043
0.001682281
0.001629591
0.001590014
0.001582146
0.001381159
0.001548767
0.001566410
0.001527786
0.001533747
0.001446486
0.001484156
0.001515627
0.001486063
0.001663446
0.001640320
0.001716614
0.001557350
0.001541138
0.001558542
0.001492500
0.001589060
0.001450062
0.001473665
0.001448631
0.001751661
0.001679897
0.001597404
0.001503944
0.001518011
0.001686811
0.001675129
0.001513243
0.001609802
0.001567602
0.001542807
0.001471758
0.001576900
0.001734018
0.001524925
0.001675844
0.001390934
0.001563787
0.001610518
0.001518488
0.001561165
0.001491785
0.001471996
0.001541376
0.001648188
0.001576185
0.001534939
0.001511812
0.001589060
0.001644611
0.001706839
0.001635551
