0.000386477
0.000355244
0.000397921
0.000389814
0.000315428
0.000487089
0.000416279
0.000387192
0.000453711
0.000425577
0.000398874
0.000476837
0.000425100
0.000383377
0.000449657
0.000386000
0.000416040
0.000455379
0.000415802
0.000376701
0.000449657
0.000420332
0.000379562
0.000449419
0.000409126
0.000414848
0.000448227
0.000424385
0.000411749
0.000455379
0.000424862
0.000421286
0.000454664
0.000383377
0.000415087
0.000422716
0.000417233
0.000413179
0.000461102
0.000412226
0.000412464
0.000453234
0.000381470
0.000379801
0.000447273
0.000422239
0.000365257
0.000440359
0.000400782
0.000416279
0.000471830
0.000386715
0.000413656
0.000422001
0.000376225
0.000417709
0.000458479
0.000415564
0.000414371
0.000530958
0.000360250
0.000416756
0.000453472
0.000414371
0.000415087
0.000449896
0.000415087
0.000411987
0.000453949
0.000412941
0.000408411
0.000450611
0.000428438
0.000367403
0.000463963
0.000416279
0.000364780
0.000449896
0.000413179
0.000415325
0.000448704
0.000365734
0.000430584
0.000576973
0.000464201
0.000425100
0.000466347
0.000439644
0.000454903
0.000429153
0.000437260
0.000429153
0.000439167
0.000440836
0.000461578
0.000458956
0.000447512
0.000421762
0.000482559
0.000446320
