0.002455473
0.002663851
0.002353430
0.002302408
0.002794504
0.002640963
0.002553463
0.002611876
0.002394438
0.002548218
0.002446651
0.002645493
0.014835835
0.002387524
0.002546549
0.002625704
0.002665043
0.002651691
0.002589941
0.002444983
0.002692461
0.002494097
0.002513170
0.002519131
0.002569437
0.002646685
0.002546549
0.002677679
0.002666235
0.002619743
0.013580322
0.002660751
0.002608061
0.002597570
0.002571583
0.002547264
0.002728224
0.002627611
0.002481461
0.002684116
0.002608299
0.002680302
0.014948845
0.002570391
0.002514839
0.002741575
0.002683878
0.002711535
0.002669573
0.002609730
0.002410173
0.002560377
0.002600670
0.002643347
0.002596617
0.002675295
0.014865160
0.002499342
0.002598763
0.002619267
0.002523899
0.002580643
0.002553225
0.002754927
0.002507925
0.002568007
0.002751589
0.002617836
0.002661943
0.002627373
0.002573729
0.002466202
0.002636671
0.002573729
0.002488375
0.002767801
0.025392532
0.002566099
0.002550125
0.002872467
0.002734423
0.002594948
0.002494097
0.002620935
0.002516508
0.002669334
0.002524376
0.002405643
0.002380133
0.002594948
0.002544403
0.002639055
0.002600431
0.002535343
0.013553143
0.002587795
0.002475262
0.002608538
0.014800072
0.002648592
