0.000971079
0.001031637
0.001049042
0.001139164
0.001075745
0.001051188
0.001034737
0.001135349
0.001086235
0.001074314
0.001055002
0.001061440
0.001063824
0.001011133
0.001142502
0.001049280
0.001123428
0.001050472
0.001101732
0.001110792
0.023097992
0.001024008
0.001060724
0.001071453
0.001109838
0.001093864
0.001097441
0.001171589
0.001003742
0.001111984
0.001113653
0.001066685
0.001000404
0.001028776
0.001103163
0.001093864
0.001084328
0.001090527
0.001088142
0.001044750
0.001063585
0.001106977
0.001103640
0.001203299
0.001064539
0.001097202
0.001156569
0.001133204
0.001102924
0.001060724
0.001078844
0.001028776
0.001012564
0.001092672
0.001151562
0.001106501
0.001121283
0.001145363
0.001253366
0.001178265
0.001168966
0.001137733
0.000987768
0.001005173
0.001159906
0.001083136
0.001081944
0.001027107
0.001214504
0.001191854
0.001041174
0.001074791
0.001188517
0.001166344
0.001015902
0.000993490
0.001140594
0.001188278
0.001284838
0.001127005
0.001101494
0.001078606
0.001151323
0.001188993
0.001247168
0.001175404
0.001108885
0.001055002
0.001150370
0.001034498
0.001163244
0.001124382
0.001022339
0.001050711
0.001172781
0.001158953
0.001158237
0.001129389
0.001038551
0.001101494
