0.000373840
0.000331163
0.000329733
0.000262499
0.000325441
0.000330448
0.000261307
0.000298738
0.000245810
0.000247955
0.000286579
0.000310659
0.000339270
0.000283957
0.000231743
0.000327110
0.000307322
0.000316858
0.000328302
0.000264168
0.000339270
0.000261545
0.000331640
0.000326633
0.000249624
0.000276804
0.000262976
0.000331163
0.000300646
0.000330687
0.000263214
0.000299692
0.000263214
0.000307798
0.000257969
0.000233173
0.000335217
0.000260592
0.000264645
0.000283003
0.000231981
0.000263453
0.000297070
0.000331640
0.000275135
0.000344753
0.000248194
0.000234842
0.000327349
0.000328064
0.000327110
0.000260592
0.000250340
0.000330925
0.000238657
0.000233173
0.000338793
0.000265121
0.000237226
0.000468493
0.000319719
0.000328064
0.000327349
0.000259638
0.000232935
0.000325680
0.000326157
0.000311375
0.000325441
0.000325680
0.000293732
0.000234127
0.000328541
0.000327110
0.000329018
0.000324726
0.000326633
0.000298738
0.000300884
0.000324965
0.000324488
0.000324488
0.000328779
0.000328541
0.000330210
0.000325441
0.000317574
0.000314474
0.000326157
0.000236750
0.000311852
0.000314951
0.000263214
0.000338078
0.000329018
0.000273943
0.000327110
0.000332355
0.000294685
0.000284433
