0.000285387
0.000353336
0.000283718
0.000270128
0.000250578
0.000272036
0.000272751
0.000321150
0.000327110
0.000237465
0.000283718
0.000388622
0.000249624
0.000322819
0.000295162
0.000246286
0.000245810
0.000264168
0.000249147
0.000272989
0.000339031
0.000343084
0.000247240
0.000282288
0.000299454
0.000246048
0.000248671
0.000310659
0.000337601
0.000325203
0.000294924
0.000264406
0.000264645
0.000252485
0.000332594
0.000324011
0.000260115
0.000261784
0.000246763
0.000235081
0.000276089
0.000351667
0.000247478
0.000324249
0.000378370
0.000256777
0.000227451
0.000279427
0.000290871
0.000323057
0.000295162
0.000294924
0.000293732
0.000323296
0.000265837
0.000335217
0.000260592
0.000251532
0.000294209
0.000275612
0.000232220
0.000233412
0.000248909
0.000279188
0.000327110
0.000275612
0.000339985
0.000315905
0.000249147
0.000323296
0.000280380
0.000278234
0.000265598
0.000276804
0.000293493
0.000246525
0.000275612
0.000305891
0.000274658
0.000325918
0.000262022
0.000348568
0.000278234
0.000298262
0.000322342
0.000248909
0.000233173
0.000261784
0.000234365
0.000296354
0.000326633
0.000236511
0.000279665
0.000322819
0.000290394
0.000319481
0.000338554
0.000308990
0.000288010
0.000286579
