0.013422251
0.013773918
0.004343987
0.004473686
0.004725218
0.004469156
0.004422903
0.004482031
0.004651308
0.004600763
0.004550695
0.004498959
0.004457951
0.004552364
0.004546165
0.004524469
0.004583359
0.004496098
0.004435539
0.004524469
0.004431009
0.004563570
0.004482746
0.004663467
0.004545450
0.004571915
0.004462719
0.004532814
0.004480124
0.004541636
0.004772902
0.004551888
0.013520002
0.004639626
0.004733562
0.004853487
0.004710197
0.004637241
0.004542828
0.004720926
0.004657745
0.004927397
0.004629850
0.004773378
0.004643440
0.004941463
0.004709721
0.004776955
0.014092445
0.015060425
0.005060434
0.016139030
0.005220413
0.005398035
0.005307674
0.016137838
0.005344868
0.016439199
0.014606476
0.005284786
0.005242825
0.005404472
0.005414963
0.006023884
0.005720377
0.005255461
0.005271673
0.005415916
0.005527258
0.005254507
0.005363464
0.005625010
0.005414963
0.005340338
0.005468607
0.005469084
0.005708694
0.005482435
0.005570650
0.005440474
0.005404472
0.016550541
0.005153418
0.004964828
0.005008221
0.005207062
0.005070448
0.005147457
0.005167246
0.005062342
0.005067348
0.005057573
0.005053759
0.016209841
0.004998922
0.005006075
0.005062342
0.005077600
0.005270720
0.015589476
