0.000313520
0.000269651
0.000251770
0.000284195
0.000275850
0.000245571
0.000296116
0.000283957
0.000241041
0.000281811
0.000295639
0.000312328
0.000294924
0.000307083
0.000308514
0.000310898
0.000298262
0.000303745
0.000310421
0.000262260
0.000298738
0.000298023
0.000308514
0.000283480
0.000255823
0.000282288
0.000283957
0.000290871
0.000331879
0.000298262
0.000326633
0.000283957
0.000327349
0.000292301
0.000298023
0.000325918
0.000328779
0.000350952
0.000327349
0.000323772
0.000270844
0.000326872
0.000296354
0.000291348
0.000260115
0.000255346
0.000255585
0.000288248
0.000293970
0.000254393
0.000299215
0.000324965
0.000324488
0.000280619
0.000298500
0.000298500
0.000264168
0.000253677
0.000301361
0.000417709
0.000281096
0.000284195
0.000283003
0.000305653
0.000298738
0.000323057
0.000272751
0.000326872
0.000236750
0.000327587
0.000320673
0.000277519
0.000303030
0.000277281
0.000314713
0.000304699
0.000326872
0.000253439
0.000266314
0.000298023
0.000260353
0.000333071
0.000303984
0.000285387
0.000326872
0.000302792
0.000296116
0.000321150
0.000298500
0.000488281
0.000257015
0.000319481
0.000326157
0.000258684
0.000330448
0.000301600
0.000311136
0.000303507
0.000261784
0.000232935
