0.000305414
0.000294685
0.000302792
0.000267506
0.000296354
0.000303745
0.000276327
0.000293970
0.000270844
0.000319481
0.000296593
0.000294447
0.000294447
0.000266314
0.000293255
0.000277519
0.000324726
0.000241756
0.000296593
0.000294447
0.000334740
0.000296116
0.000279903
0.000298262
0.000247717
0.000309706
0.000308275
0.000315189
0.000289202
0.000331163
0.000301600
0.000267744
0.000267744
0.000357151
0.000284195
0.000249863
0.000297785
0.000300407
0.000281096
0.000314474
0.000288963
0.000272512
0.000295639
0.000300169
0.000328779
0.000334263
0.000312567
0.000297546
0.000308514
0.000298977
0.000331879
0.000298262
0.000283003
0.000295877
0.000328302
0.000339985
0.000302315
0.000334740
0.000304937
0.000347137
0.000329018
0.000284195
0.000328064
0.000300884
0.000297546
0.000304699
0.000330687
0.000343800
0.000295639
0.000300646
0.000282764
0.000298977
0.000300646
0.000295877
0.000282526
0.000302553
0.000320673
0.000325680
0.000298500
0.000268221
0.000282526
0.000299692
0.000315189
0.000283480
0.000346184
0.000330448
0.000303507
0.000291109
0.000295877
0.000298977
0.000296831
0.000267267
0.000315905
0.000309706
0.000283718
0.000327587
0.000309706
0.000332117
0.000308752
0.000280380
