0.000293732
0.000349045
0.000303507
0.000307798
0.000310183
0.000370026
0.000308275
0.000352144
0.000278711
0.000319242
0.000318527
0.000329018
0.000301600
0.000277281
0.000375748
0.000317097
0.000274181
0.000335455
0.000314236
0.000335217
0.000333071
0.000287056
0.000329971
0.000351667
0.000358582
0.000302792
0.000329018
0.000336170
0.000329494
0.000331879
0.000324965
0.000293016
0.000380278
0.000331640
0.000303984
0.000338793
0.000312090
0.000333071
0.000320911
0.000293493
0.000337601
0.000369072
0.000287771
0.000332832
0.000333786
0.000311613
0.000304222
0.000352144
0.000333786
0.000331163
0.000331163
0.000305653
0.000331879
0.000309229
0.000305176
0.000355244
0.000304937
0.000273228
0.000343084
0.000480890
0.000330210
0.000288963
0.000284672
0.000312328
0.000311613
0.000304699
0.000304699
0.000340462
0.000411034
0.000309467
0.000305414
0.000304222
0.000334740
0.000304461
0.000302076
0.000313044
0.000342846
0.000342369
0.000333309
0.000289679
0.000286579
0.000315189
0.000303030
0.000313282
0.000332832
0.000344276
0.000317812
0.000315666
0.000315666
0.000299454
0.000273705
0.000325680
0.000330925
0.000277996
0.000366688
0.000332832
0.000336170
0.000329018
0.000341415
0.000273228
