0.000964165
0.001005650
0.001036882
0.001113415
0.001080275
0.001063824
0.001034975
0.001131296
0.001079798
0.001067400
0.001040459
0.001043797
0.001046896
0.001012564
0.001131773
0.001029968
0.001094818
0.001055002
0.001081705
0.001110077
0.012136698
0.001024008
0.001040220
0.001070499
0.001111269
0.001083374
0.001092196
0.001172304
0.000989199
0.001103878
0.001108646
0.001079082
0.000999451
0.001028061
0.001095295
0.001097202
0.001073599
0.001088619
0.001085758
0.001036406
0.001038790
0.001097679
0.001094580
0.001197100
0.001057148
0.001090050
0.001164913
0.001127958
0.001093149
0.001077652
0.001078844
0.001028776
0.001012564
0.001092672
0.001151562
0.001106501
0.001121283
0.001145363
0.001253366
0.001178026
0.001168966
0.001137733
0.000987530
0.001005173
0.001159906
0.001082897
0.001081944
0.001027107
0.001214504
0.001191854
0.001041174
0.001074791
0.001188517
0.001166344
0.001015902
0.000993490
0.001140594
0.001188278
0.001284838
0.001127005
0.001101494
0.001078844
0.001151323
0.001188993
0.001246929
0.001175404
0.001108885
0.001054764
0.001150370
0.001034498
0.001163006
0.001124382
0.001022816
0.001050711
0.001172781
0.001158953
0.001158237
0.001129389
0.001038790
0.001101494
