0.002447605
0.002665997
0.002350807
0.002299547
0.002793312
0.002638817
0.002557039
0.002609015
0.002396584
0.002545357
0.002440214
0.002635002
0.014827013
0.002383232
0.002542257
0.002619267
0.002664328
0.002646208
0.002576113
0.002429485
0.002689600
0.002481699
0.002500534
0.002513647
0.002568483
0.002646685
0.002552509
0.002671003
0.002655983
0.002620220
0.013565779
0.002663612
0.002604485
0.002595663
0.002573013
0.002551079
0.002713680
0.002622843
0.002472162
0.002685070
0.002606869
0.002689600
0.014950037
0.002580881
0.002511024
0.002736568
0.002682924
0.002707481
0.002662659
0.002610207
0.002410173
0.002561808
0.002597332
0.002630711
0.002588034
0.002669811
0.014866352
0.002494335
0.002597570
0.002623558
0.002515316
0.002576113
0.002553701
0.002748013
0.002508402
0.002575159
0.002741337
0.002614737
0.002644539
0.002629995
0.002577305
0.002472162
0.002639294
0.002573252
0.002491713
0.002762318
0.025392532
0.002552748
0.002549410
0.002863884
0.002746105
0.002593040
0.002497911
0.002632856
0.002518892
0.002667189
0.002530575
0.002424717
0.002381086
0.002608061
0.002553940
0.002643108
0.002595425
0.002545357
0.013560057
0.002583742
0.002472401
0.002603054
0.014654875
0.002533436
