0.000696421
0.000638962
0.000654697
0.000602722
0.000593424
0.000656605
0.000653028
0.000635624
0.000610113
0.000663757
0.000641584
0.000683546
0.000586510
0.000649691
0.000614166
0.000630856
0.000623941
0.000687122
0.000611067
0.000685930
0.000589371
0.000681877
0.000627279
0.000634432
0.000561476
0.000617504
0.000591516
0.000652075
0.000654221
0.000700951
0.000621080
0.000708580
0.000596285
0.000644445
0.000668764
0.000643969
0.000615597
0.000701904
0.000586033
0.000630140
0.000639439
0.000713587
0.000637293
0.000719070
0.000639439
0.000661373
0.000617743
0.000685692
0.000571489
0.000700235
0.000552893
0.000613451
0.000626802
0.000711918
0.000629902
0.000643253
0.000594854
0.000630379
0.000588179
0.000629187
0.000588894
0.000672579
0.000653982
0.000630379
0.000592232
0.000659227
0.000588417
0.000654459
0.000646114
0.000635147
0.000617981
0.000642538
0.000588179
0.000691891
0.000625610
0.000630140
0.000614405
0.000657558
0.000593185
0.000656605
0.000586271
0.000646114
0.000612736
0.000696898
0.000615358
0.000730753
0.000571489
0.000613928
0.000684977
0.000726223
0.000666380
0.000634432
0.000624895
0.000656128
0.000624895
0.000657082
0.000613213
0.000691414
0.000625610
0.000615120
