0.017416239
0.010243893
0.017483950
0.009264946
0.016239643
0.009842157
0.009886742
0.009751320
0.010013580
0.009819984
0.015360832
0.009248734
0.016179800
0.009715557
0.009200335
0.009422302
0.009278297
0.009370327
0.009373665
0.009296656
0.009343624
0.009312868
0.009327173
0.009473562
0.009341717
0.009272337
0.009228706
0.009289503
0.009266853
0.009207249
0.009159088
0.009309292
0.009437561
0.009282827
0.009245872
0.027202606
0.009042025
0.008660555
0.008715630
0.019031286
0.017083168
0.017602205
0.009069920
0.008760452
0.008732557
0.008704185
0.008795977
0.008708477
0.008915901
0.008853436
0.008758307
0.008903265
0.008737564
0.008854628
0.008624315
0.008889198
0.016785383
0.008930922
0.008845568
0.019315720
0.009159803
0.008735180
0.008764505
0.018779039
0.008986235
0.008611441
0.008853674
0.008755684
0.009563446
0.010035992
0.010019779
0.010182142
0.009868860
0.009827852
0.009958982
0.009719133
0.009962559
0.018617153
0.009278774
0.008745670
0.009375572
0.009893179
0.017382145
0.008945227
0.009449720
0.009405375
0.009473324
0.009890556
0.010077238
0.009487629
0.017085791
0.010037661
0.009676695
0.009060621
0.009164333
0.009407759
0.009618998
0.009354353
0.009569407
0.009382248
