0.000284433
0.000350475
0.000331163
0.000319719
0.000293970
0.000336885
0.000320196
0.000321388
0.000296831
0.000322580
0.000237465
0.000295401
0.000236273
0.000355005
0.000250578
0.000247478
0.000336170
0.000253201
0.000280619
0.000434875
0.000291824
0.000262499
0.000294685
0.000360012
0.000296831
0.000238895
0.000315189
0.000277996
0.000273943
0.000297546
0.000330448
0.000325203
0.000293732
0.000258207
0.000328302
0.000243664
0.000267744
0.000264883
0.000295639
0.000265121
0.000281096
0.000283718
0.000252008
0.000248432
0.000356436
0.000347853
0.000277042
0.000283480
0.000330448
0.000522375
0.000277758
0.000344038
0.000349522
0.000348330
0.000331640
0.000279903
0.000248671
0.000349760
0.000265598
0.000279665
0.000323534
0.000324488
0.000329733
0.000348568
0.000375271
0.000335455
0.000378370
0.000362396
0.000234604
0.000324965
0.000282764
0.000242710
0.000294209
0.000247478
0.000369549
0.000294924
0.000297308
0.000258923
0.000288486
0.000323057
0.000370026
0.000307798
0.000277281
0.000299215
0.000318050
0.000336170
0.000348568
0.000315905
0.000331402
0.000289679
0.000361681
0.000303268
0.000283003
0.000296116
0.000306606
0.000338078
0.000307560
0.000309944
0.000293255
0.000276804
