0.000404596
0.000349522
0.000359058
0.000364065
0.000318050
0.000329018
0.000340700
0.000315428
0.000373125
0.000356913
0.000319242
0.000313282
0.000356913
0.000337124
0.000334740
0.000312328
0.000329256
0.000350952
0.000382662
0.000324011
0.000340939
0.000312328
0.000314951
0.000364304
0.000344515
0.000382662
0.000358105
0.000321388
0.000366926
0.000333309
0.000354767
0.000313520
0.000301600
0.000342369
0.000323057
0.000346899
0.000315905
0.000354528
0.000386953
0.000317574
0.000365019
0.000321388
0.000317097
0.000360250
0.000357628
0.000340462
0.000370502
0.000355005
0.000343800
0.000357866
0.000327349
0.000340462
0.000304461
0.000419617
0.000335932
0.000323057
0.000333548
0.000357866
0.000383615
0.000374794
0.000329733
0.000312328
0.000343084
0.000386238
0.000355482
0.000382185
0.000358105
0.000331640
0.000329971
0.000372171
0.000312328
0.000362635
0.000314236
0.000339746
0.000390530
0.000373125
0.000309229
0.000368834
0.000398874
0.000299692
0.000315905
0.000298023
0.000313520
0.000369549
0.000328541
0.000317097
0.000298500
0.000345469
0.000320911
0.000336647
0.000357866
0.000382185
0.000309229
0.000386477
0.000358582
0.000380278
0.000341654
0.000324488
0.000371933
0.000286818
