0.000387430
0.000352621
0.000396013
0.000390530
0.000340700
0.000468493
0.000383377
0.000358582
0.000421524
0.000388861
0.000388384
0.000460625
0.000421286
0.000369787
0.000432968
0.000368357
0.000400782
0.000441790
0.000400305
0.000370502
0.000432491
0.000406504
0.000364780
0.000442505
0.000379086
0.000399590
0.000433445
0.000415802
0.000396252
0.000437975
0.000407934
0.000406027
0.000437737
0.000368357
0.000399113
0.000411272
0.000404358
0.000400543
0.000455379
0.000400066
0.000400782
0.000444174
0.000371695
0.000370502
0.000432968
0.000421047
0.000358820
0.000427246
0.000384569
0.000405073
0.000447989
0.000370502
0.000398636
0.000406981
0.000370741
0.000401974
0.000440121
0.000404596
0.000399828
0.000518560
0.000350237
0.000401497
0.000440121
0.000397444
0.000397921
0.000433683
0.000401974
0.000395536
0.000427961
0.000396490
0.000375509
0.000434637
0.000423670
0.000353813
0.000436068
0.000398874
0.000359774
0.000433445
0.000412226
0.000398397
0.000437021
0.000354767
0.000416279
0.000551224
0.000458956
0.000408649
0.000450373
0.000422716
0.000454187
0.000428438
0.000437021
0.000426531
0.000437021
0.000425339
0.000460148
0.000457525
0.000425100
0.000419855
0.000478745
0.000444412
