0.000312328
0.000345469
0.000340939
0.000278473
0.000342846
0.000342846
0.000262976
0.000267267
0.000247717
0.000249863
0.000281572
0.000277996
0.000332117
0.000286341
0.000234127
0.000294924
0.000303268
0.000341892
0.000293016
0.000267029
0.000355244
0.000279427
0.000346422
0.000341177
0.000252247
0.000275612
0.000280857
0.000346422
0.000297546
0.000347137
0.000279427
0.000263691
0.000265837
0.000344753
0.000261068
0.000233173
0.000347137
0.000262499
0.000265121
0.000283003
0.000234127
0.000265837
0.000278950
0.000343084
0.000276804
0.000373125
0.000249386
0.000251055
0.000342369
0.000298500
0.000342846
0.000261307
0.000251770
0.000346184
0.000241041
0.000248194
0.000355721
0.000284195
0.000237703
0.000400066
0.000321150
0.000344038
0.000293016
0.000261068
0.000235081
0.000290632
0.000341892
0.000326633
0.000344276
0.000341415
0.000327349
0.000251770
0.000343323
0.000341177
0.000343323
0.000340462
0.000343084
0.000290632
0.000265360
0.000340223
0.000341177
0.000342607
0.000344515
0.000342131
0.000345945
0.000342369
0.000343084
0.000341177
0.000343084
0.000241280
0.000348806
0.000302315
0.000280619
0.000272512
0.000343800
0.000261784
0.000343800
0.000348568
0.000323534
0.000304461
