0.011708498
0.001410961
0.001389027
0.001387119
0.001665354
0.001588106
0.001722097
0.001553059
0.001564741
0.001636505
0.001599312
0.001582146
0.011130095
0.001618385
0.001569986
0.001598358
0.001666069
0.001613379
0.001639366
0.001602411
0.001476526
0.001631498
0.001725435
0.001610994
0.001479387
0.001668453
0.001580477
0.001641512
0.001731634
0.001533985
0.001604795
0.001666546
0.001555204
0.001519918
0.001551628
0.001523018
0.001504421
0.001543760
0.001422882
0.001638651
0.001482487
0.001664162
0.001481295
0.001676083
0.001684189
0.001623392
0.001584053
0.001566648
0.001374245
0.001544476
0.001559258
0.001522303
0.001527071
0.001439333
0.001482487
0.001507521
0.001479149
0.001657963
0.001635551
0.001712561
0.001554012
0.001536608
0.001554728
0.001488447
0.001579285
0.001448154
0.001471519
0.001442671
0.001743555
0.001672268
0.001592159
0.001498938
0.001510620
0.001678944
0.001669168
0.001508713
0.001605034
0.001563072
0.001537800
0.001466513
0.001577377
0.001709223
0.001520634
0.001672268
0.001389503
0.001561165
0.001610041
0.001514673
0.001555920
0.001489162
0.001467228
0.001535892
0.001644850
0.001572371
0.001522541
0.001508713
0.001587629
0.001637697
0.001700878
0.001630545
