0.002216101
0.002153873
0.012844324
0.001887798
0.002192497
0.001729250
0.001932621
0.002288818
0.011869192
0.002101898
0.002068043
0.002079725
0.002237797
0.002172947
0.002103567
0.002273083
0.002192020
0.002081394
0.002066374
0.002278805
0.002332449
0.002121687
0.002180815
0.002222776
0.001901150
0.002183676
0.002435207
0.002264261
0.002366781
0.002277136
0.002128363
0.002309322
0.002222061
0.002470732
0.001930237
0.002227306
0.002434254
0.001728296
0.002398014
0.002194166
0.002131701
0.002219677
0.002285242
0.002155066
0.002294064
0.002313852
0.002193928
0.002204657
0.002287149
0.002084732
0.002202272
0.002186298
0.002217054
0.002402067
0.002244711
0.002178431
0.002333164
0.002325296
0.002181530
0.002204657
0.002260447
0.002265453
0.002384901
0.002559423
0.012394190
0.002221823
0.002561569
0.002280235
0.002088070
0.002316713
0.002217770
0.002353668
0.002237797
0.002156973
0.002247572
0.002124786
0.002242327
0.002192497
0.002094746
0.002160072
0.002269745
0.012643814
0.002330065
0.002106190
0.002055168
0.002132893
0.002259970
0.002189875
0.002134562
0.002027512
0.002387524
0.002273560
0.002272844
0.002232790
0.002224445
0.002123117
0.002305508
0.002429962
0.002142191
0.002302408
