0.000794411
0.000805616
0.000821114
0.000851154
0.000774384
0.000810623
0.000847101
0.000765562
0.000831842
0.000830173
0.000808239
0.000806570
0.000757933
0.000821829
0.000796795
0.000768661
0.000779152
0.000828743
0.000769615
0.000794888
0.000781059
0.000825167
0.000777006
0.000818253
0.000554323
0.000800371
0.000782251
0.000810623
0.000777721
0.000797987
0.000755548
0.000827551
0.000767708
0.000803947
0.000772953
0.000859022
0.000875473
0.000820637
0.000792503
0.000802040
0.000777245
0.000794172
0.000794411
0.000865221
0.000751257
0.000760317
0.000773907
0.000824451
0.000801325
0.000791788
0.000772953
0.000798225
0.000838280
0.000780821
0.000819206
0.000835180
0.000770092
0.000804186
0.000772953
0.000817776
0.000798702
0.000798702
0.000772476
0.000809193
0.000782013
0.000811815
0.000818491
0.000820160
0.000844240
0.000803471
0.000808716
0.000816584
0.000801086
0.000816822
0.000780582
0.000777245
0.000732660
0.000797272
0.000796556
0.000797749
0.000806808
0.000809431
0.000790119
0.000827074
0.000809669
0.000758886
0.000800371
0.000813007
0.000811100
0.000844479
0.000749826
0.000877380
0.000826120
0.000769138
0.000823259
0.000808239
0.000782967
0.000816107
0.000805855
0.000784874
