0.001400709
0.001427174
0.001412392
0.001358032
0.001289606
0.001401186
0.001355648
0.001322746
0.001405478
0.001416683
0.001350641
0.001320362
0.001370668
0.001354218
0.001289845
0.001278639
0.001379967
0.001343489
0.001511574
0.001372576
0.001376152
0.001375198
0.001300812
0.001285315
0.001255274
0.001247406
0.001318693
0.001302958
0.001380444
0.001430035
0.001247168
0.001221895
0.001216412
0.001216888
0.001238823
0.001365423
0.001374960
0.001512051
0.001286030
0.001279116
0.001277208
0.001321793
0.001442194
0.001437902
0.001317263
0.001351595
0.001342773
0.001337528
0.001311541
0.001365900
0.001275539
0.001272440
0.001385927
0.001297474
0.001346111
0.001260281
0.001316547
0.001389742
0.001369953
0.001332998
0.001277447
0.001332521
0.001276255
0.001386642
0.001285076
0.001325369
0.001368999
0.001363516
0.001342297
0.001383066
0.001351357
0.001388073
0.001336813
0.001429796
0.001298666
0.001440763
0.001339674
0.001278162
0.001289368
0.001272440
0.001245260
0.001357317
0.001313686
0.001342773
0.001344681
0.001303911
0.001324415
0.001308441
0.001242638
0.001287937
0.001370907
0.001367092
0.001296759
0.001231194
0.001286983
0.001265287
0.001239538
0.001184464
0.001297474
0.001458883
