0.000305176
0.000228405
0.000335217
0.000296831
0.000294209
0.000279665
0.000286102
0.000270605
0.000275135
0.000274420
0.000345707
0.000288486
0.000254631
0.000305414
0.000303030
0.000269890
0.000349522
0.000298738
0.000324726
0.000274420
0.000246525
0.000279665
0.000326633
0.000211954
0.000351667
0.000206470
0.000219584
0.000210047
0.000461102
0.000482798
0.000185013
0.000196218
0.000172853
0.000195026
0.000323534
0.000246048
0.000229120
0.000188589
0.000194550
0.000170708
0.000205278
0.000273705
0.000266314
0.000303030
0.000283957
0.000302315
0.000299692
0.000253439
0.000308514
0.000444651
0.000338554
0.000243664
0.000213861
0.000267744
0.000268936
0.000340939
0.000307560
0.000305176
0.000288010
0.000307560
0.000315905
0.000319004
0.000301123
0.000355244
0.000321627
0.000360727
0.000299692
0.000315189
0.000380754
0.000400782
0.000420809
0.000349760
0.000426054
0.000352383
0.000427485
0.000428200
0.000354052
0.000298977
0.000312567
0.000322580
0.000315666
0.000298738
0.000287056
0.000304937
0.000353098
0.000336409
0.000297308
0.000288486
0.000294447
0.000295162
0.000294924
0.000279427
0.000275373
0.000277758
0.000284910
0.000278473
0.000277758
0.000284672
0.000298023
0.000260353
