0.013717651
0.008138895
0.006941080
0.015661478
0.007487059
0.007719040
0.007886648
0.007777452
0.015445471
0.015896559
0.006984949
0.007281542
0.007786512
0.007339239
0.007825136
0.016674995
0.007251501
0.007223368
0.015098095
0.007853508
0.007359982
0.007361650
0.007587671
0.008610725
0.007738829
0.007534266
0.007727861
0.008016348
0.007555962
0.015976191
0.007809639
0.007287979
0.007974863
0.007785082
0.006982565
0.007482290
0.008431196
0.008059502
0.006824493
0.007504940
0.007802963
0.007713795
0.007042646
0.006957769
0.017285824
0.006854296
0.007817268
0.007602692
0.007685661
0.007815838
0.007996321
0.007537842
0.007464409
0.007599831
0.006834984
0.006800413
0.007453918
0.007992744
0.008198738
0.007595301
0.007434368
0.007801056
0.007357359
0.007680416
0.007431269
0.007692337
0.007973671
0.007386923
0.016354561
0.007678270
0.007959127
0.007503033
0.007661581
0.007558346
0.008346319
0.007742405
0.007304192
0.007506847
0.008865118
0.007663012
0.008140564
0.007588387
0.008047342
0.008319616
0.007187366
0.007952213
0.008547544
0.008089781
0.015623331
0.007546425
0.007646561
0.007560253
0.007133961
0.007725239
0.007785320
0.007716656
0.007585287
0.007407665
0.007619143
0.007500172
