0.000416994
0.000324011
0.000334263
0.000354528
0.000298023
0.000380516
0.000321150
0.000329971
0.000349760
0.000377655
0.000318527
0.000331879
0.000332117
0.000366926
0.000318289
0.000360966
0.000339985
0.000318527
0.000370741
0.000352144
0.000381470
0.000339270
0.000379562
0.000360012
0.000298262
0.000332832
0.000319004
0.000312328
0.000354052
0.000321150
0.000324965
0.000326157
0.000346422
0.000355959
0.000321865
0.000331402
0.000392199
0.000321150
0.000348806
0.000330448
0.000320911
0.000377178
0.000396252
0.000356197
0.000334740
0.000319242
0.000317335
0.000341654
0.000364780
0.000303984
0.000374794
0.000326395
0.000320196
0.000407457
0.000361204
0.000312567
0.000384569
0.000314951
0.000367403
0.000510454
0.000391722
0.000366926
0.000367880
0.000393391
0.000388622
0.000362396
0.000385523
0.000363350
0.000400066
0.000363111
0.000393152
0.000362158
0.000363350
0.000393152
0.000400066
0.000432968
0.000424623
0.000416279
0.000420809
0.000364304
0.000368595
0.000355005
0.000378132
0.000391245
0.000417471
0.000411749
0.000360489
0.000360250
0.000393152
0.000347137
0.000370502
0.000361443
0.000535965
0.000394821
0.000373363
0.000419378
0.000412703
0.000354290
0.000399113
0.000368595
