0.131478310
0.082165480
0.031579256
0.000222206
0.000223637
0.000288725
0.000276804
0.000284672
0.000290871
0.000257492
0.000307083
0.000292778
0.000291586
0.000370264
0.000291348
0.000293016
0.000322819
0.000289679
0.000289202
0.000310898
0.000294209
0.000287533
0.000308990
0.000314713
0.000293970
0.000254154
0.000252247
0.000206470
0.000228167
0.000293255
0.000232458
0.000243664
0.000231504
0.000244856
0.000270367
0.000267506
0.000259399
0.000262260
0.000289440
0.000301600
0.000243187
0.000295877
0.000275850
0.000265360
0.000262022
0.000248194
0.000279427
0.000294685
0.000299692
0.000299215
0.000277519
0.000277519
0.000277996
0.000281334
0.000332832
0.000282764
0.000277519
0.000294685
0.000293732
0.000289917
0.000274181
0.000296116
0.000280619
0.000282526
0.000341892
0.000294924
0.000292063
0.000297070
0.000294685
0.000240803
0.000277281
0.000297785
0.000255823
0.000298023
0.000299931
0.000287771
0.000335455
0.000283718
0.000291109
0.000284672
0.000295877
0.000290632
0.000296354
0.000297785
0.000296593
0.000285387
0.000295877
0.000296593
0.000276327
0.000272751
0.000284910
0.000274897
0.000293255
0.000270128
0.000280619
0.000284910
0.000284195
0.000278473
0.000256777
0.000245094
