0.000519991
0.000558853
0.000563383
0.000509262
0.000484467
0.000593185
0.000559330
0.000605345
0.000597477
0.000542879
0.000531673
0.000584364
0.000527382
0.000502825
0.000524998
0.000492096
0.000501156
0.000561953
0.000528336
0.000521660
0.000520706
0.000506163
0.000531912
0.000471354
0.000492096
0.000535727
0.000534773
0.000512838
0.000508308
0.000531673
0.000487328
0.000507832
0.000523806
0.000491619
0.000483990
0.000520468
0.000464439
0.000474453
0.000507832
0.000477552
0.000523329
0.000537157
0.000516415
0.000527382
0.000596523
0.000572681
0.000496149
0.000532150
0.000474691
0.000502825
0.000551701
0.000493765
0.000478506
0.000552416
0.000511408
0.000496149
0.000529528
0.000491381
0.000467062
0.000732422
0.000513315
0.000539780
0.000536442
0.000512362
0.000582933
0.000597954
0.000507355
0.000515938
0.000545025
0.000520945
0.000517845
0.000537157
0.000594616
0.000527859
0.000541687
0.000488043
0.000516415
0.000537634
0.000562429
0.000514269
0.000551224
0.000483990
0.000519753
0.000554800
0.000505686
0.000521421
0.000535965
0.000500679
0.000557184
0.000539303
0.000560522
0.000514984
0.000537157
0.000542164
0.000516653
0.000545740
0.000499964
0.000480890
0.000573158
0.000506163
