0.000360489
0.000328302
0.000339985
0.000360489
0.000371456
0.000355482
0.000372887
0.000384092
0.000342846
0.000361919
0.000359297
0.000373840
0.000404119
0.000347376
0.000327826
0.000386477
0.000362873
0.000350714
0.000375748
0.000340462
0.000353813
0.000352859
0.000329256
0.000390530
0.000324249
0.000384808
0.000361681
0.000371456
0.000314236
0.000382900
0.000430822
0.000362873
0.000336647
0.000447512
0.000347853
0.000359058
0.000340700
0.000338554
0.000378609
0.000375748
0.000343084
0.000375271
0.000405312
0.000281811
0.000345230
0.000338793
0.000344753
0.000392437
0.000370502
0.000324726
0.000292063
0.000411510
0.000311136
0.000328541
0.000368118
0.000313282
0.000457764
0.000334024
0.000343084
0.000488520
0.000413656
0.000333548
0.000317335
0.000326395
0.000327349
0.000319958
0.000322104
0.000312567
0.000390530
0.000339031
0.000322104
0.000320673
0.000331402
0.000346184
0.000323057
0.000331879
0.000308752
0.000341892
0.000324011
0.000329733
0.000324965
0.000307083
0.000307322
0.000324726
0.000323772
0.000323057
0.000382900
0.000321865
0.000323057
0.000295401
0.000329256
0.000333071
0.000344753
0.000335455
0.000324488
0.000378609
0.000416279
0.000322819
0.000325918
0.000367880
