0.000272751
0.000352859
0.000407457
0.000312805
0.000300646
0.000324726
0.000289202
0.000295877
0.000306129
0.000309706
0.000315905
0.000283957
0.000299692
0.000318050
0.000323057
0.000296831
0.000313997
0.000293732
0.000315189
0.000318050
0.000327826
0.000332594
0.000319481
0.000331640
0.000301600
0.000322342
0.000288486
0.000304937
0.000310898
0.000308990
0.000309944
0.000286818
0.000285149
0.000278234
0.000261068
0.000312090
0.000278711
0.000318766
0.000339985
0.000282288
0.000295162
0.000317812
0.000312805
0.000345945
0.000291586
0.000306606
0.000530005
0.000308275
0.000315189
0.000306606
0.000332832
0.000279427
0.000305414
0.000293016
0.000302792
0.000274658
0.000318766
0.000271320
0.000294924
0.000349760
0.000310898
0.000318050
0.000297070
0.000323057
0.000303745
0.000290155
0.000303268
0.000296116
0.000306129
0.000306845
0.000302315
0.000305176
0.000259399
0.000295162
0.000304222
0.000286341
0.000291109
0.000333071
0.000285864
0.000303030
0.000296116
0.000319719
0.000306368
0.000307322
0.000267267
0.000273943
0.000301838
0.000310659
0.000279665
0.000259161
0.000282526
0.000285387
0.000318289
0.000244379
0.000303507
0.000296116
0.000288963
0.000288725
0.000296116
0.000286818
