0.000394821
0.000281334
0.000311375
0.000320196
0.000311613
0.000317335
0.000310898
0.000316620
0.000314236
0.000317335
0.000319958
0.000307083
0.000344515
0.000324011
0.000306845
0.000308990
0.000353575
0.000322342
0.000293970
0.000343561
0.000390530
0.000327349
0.000358820
0.000312805
0.000287294
0.000305653
0.000299215
0.000334024
0.000328541
0.000401020
0.000314713
0.000322580
0.000313997
0.000338078
0.000329971
0.000324965
0.000334501
0.000377417
0.000318527
0.000295162
0.000301600
0.000337839
0.000317812
0.000333071
0.000375986
0.000293732
0.000309229
0.000334740
0.000323296
0.000289679
0.000405312
0.000314474
0.000322104
0.000369787
0.000410080
0.000305414
0.000313520
0.000303745
0.000333071
0.000420094
0.000338793
0.000329733
0.000299215
0.000327349
0.000309706
0.000305414
0.000361443
0.000314951
0.000313759
0.000315905
0.000307322
0.000294209
0.000284195
0.000293255
0.000317812
0.000414610
0.000283003
0.000279665
0.000295401
0.000297785
0.000403404
0.000327826
0.000309706
0.000300646
0.000337839
0.000291586
0.000296354
0.000295639
0.000314474
0.000344515
0.000315428
0.000341177
0.000313520
0.000344276
0.000321865
0.000314951
0.000311852
0.000344276
0.000331879
0.000318527
