0.023503065
0.022970915
0.014716864
0.024790287
0.024760246
0.019212008
0.014958858
0.013204336
0.015411139
0.014629126
0.015077591
0.015553951
0.015546560
0.026492596
0.015540600
0.015241861
0.021623373
0.015487671
0.015314579
0.015483856
0.013157606
0.024651289
0.013189316
0.015144110
0.022550344
0.014446974
0.013399124
0.015577316
0.014819145
0.014026165
0.015069008
0.021331310
0.014234781
0.014980555
0.015842438
0.014610767
0.015664577
0.033524990
0.015425205
0.014110565
0.013755560
0.023817778
0.015192747
0.023217916
0.014616966
0.015223503
0.023815393
0.022416115
0.013625860
0.015171528
0.014166117
0.015395641
0.025866032
0.031065941
0.023902178
0.014216661
0.013935804
0.014001131
0.015457153
0.013678312
0.014912844
0.012972593
0.013433695
0.023603678
0.015874147
0.014817476
0.014055490
0.015001059
0.021110296
0.014652729
0.015434504
0.015459776
0.014391661
0.021921396
0.015476942
0.023084402
0.015382051
0.014500380
0.014985800
0.013803959
0.016454697
0.014677763
0.014793158
0.015588522
0.014203072
0.022584915
0.014398813
0.014481783
0.015309334
0.014714241
0.025963545
0.014958143
0.014668465
0.013447523
0.021833658
0.015547752
0.014847994
0.015566349
0.015758038
0.014919281
