0.000235081
0.000246525
0.000248194
0.000247002
0.000247002
0.000257254
0.000271797
0.000270367
0.000268698
0.000269651
0.000274658
0.000272274
0.000268936
0.000270844
0.000274181
0.000273228
0.000272751
0.000270367
0.000274181
0.000273466
0.000272512
0.000267982
0.000269651
0.000271797
0.000271797
0.000268221
0.000271082
0.000271559
0.000273943
0.000271082
0.000278950
0.000268459
0.000269175
0.000272036
0.000269651
0.000267744
0.000273705
0.000276566
0.000261307
0.000289917
0.000276804
0.000273705
0.000268221
0.000267506
0.000271320
0.000275850
0.000272751
0.000272036
0.000268936
0.000268936
0.000273705
0.000267029
0.000273705
0.000274420
0.000269175
0.000268936
0.000274897
0.000269651
0.000267744
0.000271082
0.000267982
0.000277996
0.000268459
0.000282049
0.000271082
0.000326395
0.000268459
0.000270605
0.000269890
0.000272274
0.000273466
0.000269890
0.000273705
0.000276089
0.000271082
0.000272512
0.000271082
0.000282764
0.000270844
0.000274658
0.000270128
0.000269175
0.000270128
0.000268698
0.000276566
0.000269413
0.000280857
0.000272274
0.000273705
0.000273228
0.000273228
0.000272274
0.000272989
0.000284433
0.000273466
0.000274181
0.000272036
0.000273943
0.000285387
0.000272751
0.000267506
0.000272512
0.000275612
0.000280857
0.000278473
0.000273466
0.000270605
0.000279188
0.000271082
0.000268221
0.000268698
0.000272274
0.000288725
0.000276566
0.000243664
0.000269651
0.000274658
0.000274181
0.000282049
0.000274181
