0.011572361
0.000880003
0.000966311
0.000963926
0.000856400
0.000841141
0.000962973
0.000966549
0.000979424
0.000842571
0.000835657
0.000844240
0.001016617
0.000842571
0.000975370
0.000965357
0.000896215
0.001010180
0.000881672
0.000961781
0.000837803
0.000986814
0.000958681
0.000844717
0.000974655
0.000822067
0.001009703
0.000833750
0.000837564
0.000992775
0.000965118
0.000959158
0.000841141
0.000842571
0.000958681
0.000965595
0.000804186
0.000958443
0.000835180
0.000965118
0.001007080
0.000846863
0.000866413
0.000999451
0.000859022
0.000837803
0.000966311
0.000964403
0.000909567
0.000961542
0.000815630
0.000837564
0.000973463
0.000964165
0.000965595
0.000841141
0.001016855
0.000837564
0.000967979
0.000840425
0.000852823
0.000980616
0.000810385
0.000880957
0.000967979
0.000957012
0.000833035
0.000953913
0.001008987
0.000964642
0.000847578
0.000966549
0.000959635
0.000836134
0.000838280
0.000967979
0.000841379
0.000854015
0.000816822
0.000996828
0.000846863
0.001000404
0.000888824
0.000842810
0.000839949
0.000974417
0.000885010
0.000878334
0.000967503
0.000954866
0.000825882
0.000874043
0.000840425
0.000984669
0.000813723
0.000843525
0.000948429
0.000966311
0.000951290
0.000831842
0.001008749
0.000798225
0.000856400
0.000816345
0.000854969
0.000834703
0.000826836
0.000842094
0.000828028
0.000831842
0.000837564
0.000832319
0.000863552
0.000826836
0.000814676
0.000812531
0.000812769
0.000861645
0.000853062
0.000865221
