0.000279427
0.000295639
0.000287056
0.000284672
0.000288963
0.000282288
0.000283480
0.000284910
0.000284195
0.000284195
0.000282764
0.000287533
0.000284433
0.000337124
0.000283241
0.000284910
0.000284433
0.000282526
0.000290155
0.000289679
0.000284910
0.000293016
0.000284910
0.000302315
0.000282526
0.000284672
0.000283718
0.000283241
0.000284433
0.000301600
0.000286341
0.000286818
0.000284195
0.000338078
0.000283957
0.000286818
0.000284672
0.000283480
0.000289440
0.000300407
0.000286818
0.000301361
0.000280857
0.000288963
0.000282049
0.000284433
0.000285864
0.000283241
0.000280380
0.000339985
0.000283718
0.000283480
0.000285387
0.000287533
0.000284433
0.000298977
0.000283957
0.000289440
0.000309229
0.000291824
0.000283003
0.000284672
0.000283480
0.000295877
0.000282288
0.000290155
0.000341177
0.000293493
0.000284433
0.000315905
0.000283241
0.000284672
0.000282526
0.000282049
0.000285864
0.000283003
0.000283241
0.000301838
0.000284195
0.000298023
0.000283003
0.000291824
0.000288486
0.000339031
0.000282049
0.000287771
0.000285625
0.000296831
0.000289917
0.000284195
0.000283003
0.000285387
0.000288010
0.000281096
0.000284433
0.000285149
0.000285149
0.000283480
0.000284672
0.000281334
0.000282764
0.000278711
0.000288248
0.000281811
0.000282526
0.000281572
0.000284195
0.000282526
0.000284195
0.000283241
0.000283718
0.000283718
0.000294685
0.000281334
0.000286579
0.000283241
0.000283003
0.000281096
0.000291824
0.000263214
