0.000233889
0.000242949
0.000243664
0.000245333
0.000242233
0.000248671
0.000242710
0.000241995
0.000246525
0.000245571
0.000244856
0.000245094
0.000245810
0.000242710
0.000247478
0.000245094
0.000244617
0.000247002
0.000244141
0.000246286
0.000244141
0.000244141
0.000245571
0.000247955
0.000240803
0.000282049
0.000245571
0.000241756
0.000242949
0.000247002
0.000244856
0.000252247
0.000246525
0.000244617
0.000245333
0.000246763
0.000250340
0.000242710
0.000237942
0.000245810
0.000248432
0.000245094
0.000245333
0.000242233
0.000241756
0.000243902
0.000243664
0.000240088
0.000250101
0.000239849
0.000243187
0.000244379
0.000244617
0.000249624
0.000259638
0.000245333
0.000251293
0.000246048
0.000243902
0.000242949
0.000243664
0.000244141
0.000244617
0.000242710
0.000249624
0.000245094
0.000242710
0.000244379
0.000242233
0.000245810
0.000241756
0.000244856
0.000242233
0.000243187
0.000244379
0.000244856
0.000241518
0.000247717
0.000247002
0.000242472
0.000245571
0.000242710
0.000251293
0.000244141
0.000243664
0.000251293
0.000242710
0.000247240
0.000254631
0.000247717
0.000242710
0.000243902
0.000246286
0.000264645
0.000248432
0.000247717
0.000241756
0.000244379
0.000245333
0.000253201
0.000251293
0.000245333
0.000244141
0.000248194
0.000242472
0.000240803
0.000240803
0.000241756
0.000240564
0.000240326
0.000243187
0.000242710
0.000242710
0.000247478
0.000251770
0.000240564
0.000249386
0.000241756
0.000242710
0.000254869
