0.013016939
0.002746820
0.002455711
0.002789736
0.002802372
0.002810478
0.002450705
0.002481699
0.002797842
0.002449274
0.002782583
0.002810478
0.002474546
0.002464056
0.002820492
0.002835989
0.002452135
0.002437592
0.002816439
0.002831697
0.002476692
0.002822399
0.002463102
0.002456903
0.002797842
0.002852440
0.002493382
0.002819300
0.002761841
0.002435207
0.002439022
0.002446413
0.002782345
0.002811432
0.002438784
0.002435684
0.002453566
0.002319098
0.002788782
0.002392769
0.002768278
0.002778769
0.002792597
0.002744675
0.002546787
0.002775908
0.002326727
0.002437830
0.002771139
0.002430916
0.002785444
0.002486229
0.002800465
0.002778769
0.002446175
0.002778769
0.002425432
0.002779245
0.002473116
0.002444506
0.002463579
0.002436161
0.002812147
0.002528667
0.002792358
0.002794743
0.002448082
0.002453566
0.002805233
0.002432346
0.002823830
0.002800465
0.002474308
0.002434731
0.002464771
0.002774477
0.002801418
0.002458096
0.002811193
0.002796650
0.002437830
0.002810717
0.002561808
0.002426147
0.002461672
0.002460003
0.002804995
0.002816200
0.002420664
0.002447367
0.002453804
0.002805710
0.002442837
0.002807140
0.002799511
0.002450228
0.002443314
0.002791643
0.002815485
0.002796412
0.002757072
0.002343655
0.002360582
0.002302170
0.002298832
0.002312660
0.002326727
0.002305746
0.002362490
0.002349138
0.002333164
0.002333879
0.002316952
0.002342463
0.002351046
0.002296448
0.002338648
0.002337456
0.002320528
0.002370596
