0.000235081
0.000249863
0.000239849
0.000250101
0.000246286
0.000243664
0.000242233
0.000244141
0.000244617
0.000241280
0.000243425
0.000245094
0.000245810
0.000242949
0.000254154
0.000245094
0.000244856
0.000249147
0.000249863
0.000242710
0.000246525
0.000241518
0.000239849
0.000245094
0.000255346
0.000240564
0.000246048
0.000243664
0.000242472
0.000244617
0.000253201
0.000242949
0.000241041
0.000242472
0.000244379
0.000248432
0.000239372
0.000240326
0.000248432
0.000248909
0.000244379
0.000238180
0.000250578
0.000254631
0.000242472
0.000241280
0.000239611
0.000237465
0.000244617
0.000243664
0.000243902
0.000251055
0.000242949
0.000244617
0.000243902
0.000242949
0.000244617
0.000254393
0.000251055
0.000244856
0.000241518
0.000246286
0.000243425
0.000247002
0.000243187
0.000246763
0.000245571
0.000245094
0.000242472
0.000246525
0.000254393
0.000246763
0.000242233
0.000244141
0.000245810
0.000254631
0.000243187
0.000243425
0.000242710
0.000246286
0.000244379
0.000244856
0.000242710
0.000240803
0.000249863
0.000241041
0.000246048
0.000246048
0.000246048
0.000241280
0.000252485
0.000252724
0.000245571
0.000244617
0.000241041
0.000245810
0.000249386
0.000242710
0.000258207
0.000245333
0.000242949
0.000242233
0.000240326
0.000251532
0.000248432
0.000239849
0.000250101
0.000242710
0.000239134
0.000239372
0.000251532
0.000242472
0.000254631
0.000241280
0.000239611
0.000244617
0.000241995
0.000241995
0.000242472
0.000250578
