0.000245810
0.000249624
0.000244856
0.000245810
0.000250816
0.000242710
0.000245571
0.000252008
0.000254393
0.000251532
0.000246525
0.000245810
0.000246286
0.000247717
0.000261784
0.000243425
0.000348806
0.000244856
0.000246525
0.000249147
0.000247717
0.000246763
0.000247717
0.000245810
0.000250816
0.000247240
0.000247478
0.000248194
0.000247002
0.000247478
0.000245333
0.000249624
0.000245333
0.000247002
0.000247478
0.000247002
0.000246286
0.000246525
0.000248194
0.000247717
0.000246048
0.000248432
0.000249386
0.000248671
0.000249863
0.000245810
0.000250340
0.000251770
0.000245810
0.000251770
0.000256062
0.000250340
0.000252485
0.000246048
0.000254869
0.000245571
0.000241518
0.000247240
0.000247240
0.000248194
0.000246763
0.000250816
0.000248671
0.000245810
0.000245810
0.000249147
0.000244856
0.000246286
0.000246048
0.000249147
0.000248432
0.000248671
0.000244141
0.000247002
0.000249863
0.000248909
0.000247955
0.000244617
0.000250816
0.000248909
0.000245094
0.000246048
0.000247478
0.000243425
0.000255823
0.000244617
0.000242472
0.000250578
0.000248671
0.000245333
0.000245094
0.000258923
0.000245571
0.000247478
0.000253201
0.000247955
0.000244617
0.000249147
0.000251055
0.000245810
0.000245094
0.000252008
0.000247002
0.000245094
0.000245094
0.000244856
0.000248671
0.000249863
0.000249147
0.000252724
0.000248432
0.000245571
0.000242710
0.000247478
0.000243902
0.000240326
0.000247002
0.000245094
0.000245810
0.000251532
