0.000583887
0.000603437
0.000597477
0.000616312
0.000527382
0.000529528
0.000606060
0.000609398
0.000526667
0.000528097
0.000615358
0.000595808
0.000550747
0.000534534
0.000606298
0.000528574
0.000596762
0.000619173
0.000601053
0.000526428
0.000528812
0.000597954
0.000537634
0.000599861
0.000603676
0.000520229
0.000536919
0.000599623
0.000530005
0.000541925
0.000598669
0.000586748
0.000524998
0.000618458
0.000597239
0.000524759
0.000548124
0.000605822
0.000601530
0.000593662
0.000531673
0.000599384
0.000523567
0.000525475
0.000604153
0.000542641
0.000603676
0.000524759
0.000596762
0.000526190
0.000620127
0.000520229
0.000512123
0.000607252
0.000523806
0.000545025
0.000607014
0.000596762
0.000525475
0.000684261
0.000599146
0.000534534
0.000518084
0.000604630
0.000530005
0.000597715
0.000601768
0.000506163
0.000546694
0.000521421
0.000523090
0.000527859
0.000601053
0.000631332
0.000525236
0.000538111
0.000607491
0.000537634
0.000612497
0.000604630
0.000596285
0.000520706
0.000600815
0.000530005
0.000602722
0.000537634
0.000601768
0.000527143
0.000603914
0.000605106
0.000523567
0.000525236
0.000607252
0.000522137
0.000522614
0.000522614
0.000597715
0.000521421
0.000609875
0.000604868
0.000612497
0.000507593
0.000508785
0.000512123
0.000508070
0.000515223
0.000510454
0.000536919
0.000511169
0.000509262
0.000507355
0.000511408
0.000508547
0.000510216
0.000517607
0.000515461
0.000506401
0.000511169
0.000513792
0.000503063
