0.000323296
0.000319719
0.000399351
0.000320673
0.000325680
0.000324965
0.000320673
0.000327587
0.000382662
0.000324488
0.000328541
0.000320911
0.000391960
0.000318766
0.000319481
0.000324249
0.000326395
0.000323534
0.000334740
0.000321388
0.000386477
0.000319481
0.000322342
0.000317812
0.000398159
0.000318766
0.000321865
0.000319481
0.000328779
0.000324726
0.000324726
0.000386000
0.000326633
0.000319719
0.000324726
0.000325441
0.000325203
0.000321865
0.000386238
0.000322342
0.000319958
0.000387192
0.000331879
0.000334024
0.000321865
0.000322819
0.000322580
0.000332117
0.000322342
0.000388384
0.000320435
0.000319958
0.000328541
0.000322580
0.000320673
0.000388384
0.000323534
0.000321388
0.000325441
0.000322342
0.000384331
0.000324011
0.000321150
0.000320911
0.000320911
0.000321865
0.000386715
0.000321150
0.000321150
0.000327587
0.000386238
0.000323296
0.000321627
0.000319719
0.000320911
0.000321627
0.000399590
0.000321865
0.000324726
0.000326872
0.000329733
0.000325680
0.000330925
0.000320911
0.000329494
0.000385046
0.000330210
0.000320911
0.000342369
0.000319481
0.000322580
0.000327349
0.000337362
0.000384331
0.000329494
0.000319242
0.000329018
0.000391245
0.000319958
0.000319719
0.000321388
0.000316381
0.000319004
0.000333548
0.000326395
0.000315905
0.000318050
0.000322580
0.000336885
0.000319242
0.000323057
0.000323296
0.000317812
0.000318289
0.000321388
0.000316381
0.000324249
0.000315666
0.000319481
0.000299454
