0.012232780
0.001531839
0.001591682
0.001387119
0.001575708
0.001356125
0.001387835
0.001624107
0.001598597
0.001605988
0.001612186
0.001432419
0.001583099
0.001388311
0.001361609
0.001353502
0.001616478
0.001358032
0.001581192
0.001622677
0.001582623
0.001401901
0.001593828
0.001413345
0.001615763
0.001360416
0.001559019
0.001608133
0.001582861
0.001357794
0.001370430
0.001585007
0.001586676
0.001408100
0.001383305
0.001600027
0.001361609
0.001590252
0.001614809
0.001602411
0.001398563
0.001596451
0.001364470
0.001618862
0.001616478
0.001607180
0.001381874
0.001672029
0.001381159
0.001385927
0.001688480
0.001399040
0.001372337
0.001631737
0.001369476
0.001598835
0.001414537
0.001619339
0.001392603
0.001413107
0.001416445
0.001391888
0.001610518
0.001440048
0.001612902
0.001370907
0.001581669
0.001369715
0.001394033
0.001625538
0.001596928
0.001374960
0.001631737
0.001600981
0.001600981
0.001613379
0.001373053
0.001360893
0.001380205
0.001615047
0.001317978
0.001382113
0.001435041
0.001610756
0.001579523
0.001444817
0.001626253
0.001632214
0.001639128
0.001369953
0.001610994
0.001378059
0.001374006
0.001614571
0.001413345
0.001610994
0.001656055
0.001375437
0.001613379
0.001399517
0.001376867
0.001338005
0.001327515
0.001315594
0.001335859
0.001338005
0.001359224
0.001303911
0.001348019
0.001306534
0.001320601
0.001331329
0.001348257
0.001298666
0.001322746
0.001320124
0.001306057
0.001313448
0.001312256
0.001319408
