0.012076378
0.000263929
0.000263214
0.000242233
0.000241280
0.000261068
0.000264406
0.000262737
0.000260353
0.000249863
0.000241995
0.000268459
0.000257730
0.000267982
0.000261784
0.000263453
0.000262260
0.000260115
0.000262499
0.000262499
0.000245810
0.000252962
0.000258684
0.000252008
0.000260830
0.000264645
0.000267267
0.000263453
0.000250101
0.000233889
0.000238657
0.000238419
0.000239849
0.000234842
0.000239849
0.000232935
0.000231981
0.000238419
0.000231743
0.000235796
0.000210285
0.000227928
0.000241756
0.000237226
0.000238180
0.000239849
0.000237226
0.000237942
0.000238419
0.000240088
0.000238895
0.000236273
0.000238180
0.000246525
0.000236511
0.000239849
0.000241280
0.000240564
0.000239611
0.000237226
0.000240803
0.000239134
0.000244617
0.000248909
0.000237465
0.000239372
0.000240326
0.000244141
0.000244856
0.000238895
0.000236988
0.000236034
0.000236750
0.000239849
0.000240326
0.000235558
0.000237226
0.000238895
0.000237226
0.000238657
0.000247478
0.000239849
0.000236034
0.000236750
0.000238895
0.000238657
0.000239372
0.000239134
0.000240803
0.000238657
0.000235558
0.000237942
0.000237465
0.000237703
0.000239372
0.000243425
0.000241041
0.000238895
0.000238657
0.000240326
0.000252485
0.000242710
0.000241041
0.000240564
0.000240088
0.000257015
0.000242233
0.000243902
0.000241756
0.000241518
0.000253439
0.000240326
0.000240564
0.000241280
0.000242710
0.000250340
0.000244141
0.000241756
0.000245094
0.000249624
