0.015399694
0.005431652
0.005409241
0.004475832
0.005361557
0.004488468
0.005389452
0.004497290
0.005421400
0.005398273
0.004508018
0.004523039
0.005405426
0.004501581
0.005404949
0.004468203
0.005415678
0.005382299
0.005407333
0.004530191
0.005396605
0.004498243
0.004485369
0.005395889
0.004456520
0.004789591
0.005408764
0.004493475
0.005378008
0.005396366
0.005388737
0.005375147
0.004490137
0.004514217
0.005372047
0.004476309
0.005406857
0.005381107
0.004478216
0.004479647
0.005414724
0.004530668
0.004487276
0.005376577
0.004756927
0.005398989
0.004478455
0.005360603
0.004488230
0.005394936
0.004476070
0.005361795
0.005434513
0.004487038
0.004509687
0.004518509
0.005370617
0.005410910
0.004264355
0.004472494
0.005383015
0.004497528
0.005371332
0.004738331
0.004495382
0.005374908
0.005373240
0.004565477
0.004498720
0.005296230
0.004440546
0.004420757
0.005326033
0.004443884
0.004429340
0.005296946
0.004209042
0.004425287
0.005306005
0.005325556
0.004447222
0.005309820
0.004683733
0.004418850
0.005339861
0.005275011
0.004436970
0.005324125
0.004429102
0.004453421
0.004435778
0.005321980
0.005364180
0.004426718
0.005288839
0.004492044
0.004460573
0.004447460
0.005339384
0.005302191
0.005367756
0.004215956
0.004240513
0.004202843
0.004232407
0.004267693
0.004230738
0.004237413
0.004250050
0.004271746
0.004219532
0.004213333
0.004216194
0.004242659
0.004225969
0.004234552
0.004233360
0.004248381
0.004202843
0.004267931
