0.000346661
0.000303745
0.000299215
0.000359297
0.000298738
0.000296116
0.000295877
0.000302076
0.000297070
0.000297308
0.000353098
0.000298500
0.000302076
0.000300407
0.000295639
0.000304699
0.000296593
0.000299215
0.000295401
0.000298977
0.000296116
0.000353098
0.000297546
0.000294924
0.000294685
0.000304937
0.000296831
0.000300169
0.000322104
0.000296116
0.000358582
0.000296831
0.000297070
0.000305653
0.000298023
0.000295877
0.000291824
0.000296593
0.000298023
0.000355959
0.000297070
0.000294209
0.000299215
0.000296354
0.000294209
0.000292778
0.000296354
0.000256538
0.000298023
0.000302553
0.000292778
0.000376225
0.000297785
0.000293732
0.000295877
0.000298977
0.000296831
0.000305891
0.000294685
0.000303507
0.000296593
0.000299454
0.000359774
0.000311613
0.000296354
0.000294447
0.000294447
0.000298023
0.000294447
0.000300646
0.000296593
0.000351191
0.000295162
0.000295401
0.000297308
0.000297070
0.000300169
0.000298738
0.000296354
0.000298262
0.000357151
0.000290394
0.000297070
0.000299931
0.000295401
0.000304699
0.000305653
0.000292540
0.000298738
0.000292063
0.000352621
0.000301600
0.000297785
0.000294685
0.000293016
0.000295877
0.000293493
0.000291348
0.000293732
0.000299692
0.000352859
0.000295162
0.000293016
0.000295162
0.000290632
0.000294209
0.000293493
0.000275612
0.000291824
0.000293970
0.000293732
0.000292063
0.000298500
0.000294447
0.000290871
0.000294924
0.000293016
0.000289679
0.000297070
0.000296354
