0.000269413
0.000279903
0.000561237
0.000255346
0.000280857
0.000183105
0.000300169
0.000229120
0.000179529
0.000201225
0.000163794
0.000196218
0.000165701
0.000210524
0.000217199
0.000338316
0.000317097
0.000343323
0.000344038
0.000344753
0.000327587
0.000343323
0.000324965
0.000358820
0.000326157
0.000353098
0.000305891
0.000327349
0.000306129
0.000312090
0.000310421
0.000331402
0.000297308
0.000312805
0.000313759
0.000291824
0.000294447
0.000298023
0.000296593
0.000322580
0.000327349
0.000295639
0.000292063
0.000264406
0.000309706
0.000291109
0.000293732
0.000290632
0.000292301
0.000299692
0.000288486
0.000272036
0.000252962
0.000269651
0.000320673
0.000475168
0.000206709
0.000198364
0.000249863
0.000276566
0.000178576
0.000197411
0.000243664
0.000206709
0.000158310
0.000182867
0.000169992
0.000255108
0.000181437
0.000204802
0.000208855
0.000270367
0.000275373
0.000267744
0.000231743
0.000256538
0.000294209
0.000239372
0.000296593
0.000182867
0.000210524
0.000232697
0.000222445
0.000159502
0.000223160
0.000292063
0.000225306
0.000263214
0.000246763
0.000223637
0.000219345
0.000227213
0.000207663
0.000210047
0.000198603
0.000217199
0.000194550
0.000391960
0.000293732
0.000451326
