0.063608408
0.013438940
0.000257015
0.000248909
0.000264168
0.000260353
0.000266075
0.000186205
0.000263691
0.000198841
0.000293255
0.000268459
0.000346184
0.000246286
0.000239134
0.000348568
0.000309944
0.000299931
0.000357628
0.000331640
0.000234842
0.000258446
0.000212431
0.000356674
0.000333786
0.000258923
0.000241995
0.000257015
0.000230312
0.000198841
0.000194311
0.000275612
0.000219584
0.000298500
0.000195980
0.000178337
0.000201941
0.000163078
0.000237703
0.000255108
0.000226498
0.000208378
0.000241041
0.000303984
0.000244141
0.000180244
0.000198841
0.000264168
0.000211239
0.000213623
0.000241280
0.000253677
0.000297546
0.000291586
0.000240326
0.000220299
0.000200510
0.000236511
0.000241041
0.000284672
0.000236750
0.000203133
0.000257492
0.000261068
0.000240326
0.000321150
0.000223160
0.000203848
0.000359058
0.000194311
0.000197411
0.000218153
0.000180006
0.000200272
0.000203848
0.000202656
0.000226974
0.000223398
0.000330448
0.000313520
0.000230789
0.000220299
0.000252724
0.000301361
0.000150204
0.000237703
0.000197887
0.000195503
0.000279665
0.000255108
0.000379562
0.000274181
0.000258923
0.000259876
0.000287771
0.000325441
0.000320911
0.000302792
0.000304222
0.000338078
