0.000393867
0.000400782
0.000341177
0.000325203
0.000354528
0.000335693
0.000311852
0.000392199
0.000330210
0.000356674
0.000337124
0.000312805
0.000310659
0.000413656
0.000387669
0.000355244
0.000371695
0.000378609
0.000358343
0.000383615
0.000342131
0.000361204
0.000359058
0.000361443
0.000442982
0.000332594
0.000343800
0.000397205
0.000485182
0.000441790
0.000386715
0.000391483
0.000445366
0.000460148
0.000477314
0.000362396
0.000467300
0.000405788
0.000432730
0.000422955
0.000357151
0.000439644
0.000366449
0.000412941
0.000457048
0.000415564
0.000421524
0.000378847
0.000374794
0.000534058
0.000447989
0.000395060
0.000399351
0.000448704
0.000500917
0.000380516
0.000396490
0.000370264
0.000463009
0.000621796
0.000459671
0.000449419
0.000417709
0.000389576
0.000388622
0.000423670
0.000355721
0.000443220
0.000428438
0.000393152
0.000354052
0.000408649
0.000392914
0.000402451
0.000371456
0.000403404
0.000402927
0.000347376
0.000396252
0.000439167
0.000332594
0.000405550
0.000340939
0.000427723
0.000453711
0.000411034
0.000355244
0.000343084
0.000350714
0.000442266
0.000355482
0.000403404
0.000385046
0.000372410
0.000377178
0.000409603
0.000378609
0.000381708
0.000344038
0.000415325
