0.000329494
0.000303984
0.000402451
0.000312328
0.000307083
0.000303030
0.000312567
0.000310898
0.000402689
0.000386953
0.000353813
0.000312805
0.000312328
0.000327826
0.000371695
0.000284672
0.000326872
0.000299454
0.000325441
0.000267982
0.000304937
0.000332832
0.000313997
0.000294447
0.000320911
0.000314713
0.000314951
0.000302553
0.000323534
0.000334263
0.000293732
0.000298023
0.000315428
0.000298738
0.000297308
0.000297546
0.000315666
0.000293255
0.000314236
0.000314236
0.000256062
0.000268459
0.000321865
0.000326872
0.000332117
0.000302553
0.000382185
0.000370026
0.000300884
0.000381231
0.000355721
0.000351191
0.000350714
0.000385046
0.000286818
0.000353336
0.000297070
0.000303030
0.000386000
0.000369310
0.000316858
0.000301361
0.000299454
0.000300646
0.000268936
0.000271082
0.000282526
0.000351191
0.000303507
0.000345945
0.000299692
0.000347137
0.000360012
0.000349522
0.000321627
0.000299692
0.000290871
0.000317574
0.000330448
0.000349522
0.000301838
0.000359535
0.000300169
0.000329494
0.000364065
0.000300169
0.000357389
0.000350952
0.000324965
0.000352383
0.000297070
0.000266552
0.000355244
0.000299931
0.000299931
0.000289202
0.000310421
0.000289917
0.000335217
0.000239849
