0.001193047
0.001380920
0.001342773
0.001266718
0.001319170
0.001219511
0.001256704
0.001335621
0.001226187
0.001262426
0.001282215
0.001358509
0.001306295
0.001286030
0.001234055
0.001239300
0.001244307
0.001217365
0.001261234
0.001263857
0.001389742
0.001231909
0.001299858
0.001288176
0.001260996
0.001231432
0.001246691
0.001270533
0.001189470
0.001170158
0.001246691
0.001170874
0.001248360
0.001234531
0.001224995
0.001261711
0.001282930
0.001119375
0.001231670
0.001294374
0.001293182
0.001170635
0.001312256
0.001245022
0.001217842
0.001345634
0.001263618
0.001242161
0.001321077
0.001201391
0.001232862
0.001240730
0.001286745
0.001269102
0.001246691
0.001202822
0.001235247
0.001299620
0.001282215
0.001363754
0.001219034
0.022743225
0.001351357
0.001304865
0.001216650
0.023503065
0.001083136
0.001268625
0.001255512
0.001198769
0.001252890
0.001221657
0.001247644
0.001290321
0.001237154
0.001244783
0.001316786
0.001304150
0.001379728
0.001353741
0.001257181
0.023360968
0.001514196
0.001285076
0.001226902
0.001201868
0.001246214
0.001240492
0.001292706
0.001207352
0.001222134
0.001234531
0.001238823
0.001217127
0.001218081
0.001250029
0.001168966
0.012365818
0.001255989
0.001296997
