0.000824690
0.000723362
0.000715256
0.000722647
0.000811100
0.000754118
0.000754118
0.000738382
0.000713587
0.000694275
0.000692368
0.000741482
0.000682354
0.000670671
0.000665903
0.000633240
0.000591755
0.000714779
0.000660896
0.000750303
0.000691414
0.000728369
0.000688553
0.000749588
0.000738621
0.000731230
0.000638962
0.000723600
0.000623465
0.000732422
0.000670671
0.000717640
0.000649691
0.000698566
0.000702858
0.000692129
0.000764847
0.000716686
0.000760555
0.000714302
0.000678062
0.000723839
0.000660658
0.000735521
0.000677347
0.000666857
0.000662565
0.000683784
0.000662327
0.000732422
0.000675678
0.000693560
0.000671387
0.000738621
0.000713348
0.000716209
0.000711441
0.000699759
0.000687599
0.000668049
0.000623465
0.000759363
0.000728607
0.000668526
0.000722170
0.000773668
0.000766754
0.000794888
0.000764847
0.000754118
0.000749111
0.000791788
0.000734329
0.000761271
0.000685453
0.000702620
0.000730991
0.000761986
0.000745773
0.000775337
0.000654221
0.000757694
0.000754118
0.000785112
0.000723600
0.000768423
0.000701189
0.000767469
0.000684977
0.000780344
0.000758171
0.000765324
0.000658512
0.000777006
0.000697136
0.000735283
0.000756741
0.000706196
0.000660181
0.000808954
