0.000339985
0.000427246
0.000364542
0.000305653
0.000357628
0.000319242
0.000372648
0.000314474
0.000318289
0.000321150
0.000322580
0.000413656
0.000352621
0.000319242
0.000335217
0.000336647
0.000411510
0.000298023
0.000334024
0.000288248
0.000344992
0.000343323
0.000338793
0.000316620
0.000432014
0.000381947
0.000319958
0.000345469
0.000340462
0.000339985
0.000339985
0.000287294
0.000337362
0.000288248
0.000339031
0.000311852
0.000347137
0.000336647
0.000334740
0.000305414
0.000313759
0.000334978
0.000309467
0.000363111
0.000351191
0.000301600
0.000348330
0.000310421
0.000308275
0.000338554
0.000333309
0.000298977
0.000357151
0.000347614
0.000312328
0.000348091
0.000334978
0.000326157
0.000340939
0.000448942
0.000346661
0.000363350
0.000336885
0.000307083
0.000339508
0.000321150
0.000330210
0.000335693
0.000284195
0.000338793
0.000339270
0.000324965
0.000336409
0.000323296
0.000307560
0.000311613
0.000321388
0.000318289
0.000317335
0.000335217
0.000310898
0.000284910
0.000328541
0.000281096
0.000332832
0.000312090
0.000315666
0.000355005
0.000321150
0.000299454
0.000304699
0.000354767
0.000331879
0.000307083
0.000352859
0.000352621
0.000353813
0.000329733
0.000310659
0.000299931
