0.000465155
0.000479937
0.000596046
0.000457287
0.000597715
0.000508070
0.000498772
0.000488043
0.000510693
0.000403404
0.000477791
0.000482559
0.000449419
0.000531673
0.000498533
0.000474930
0.000497341
0.000494242
0.000481129
0.000551462
0.000529289
0.000494719
0.000506401
0.000505924
0.000549555
0.000406981
0.000483274
0.000498772
0.000496149
0.000467062
0.000487089
0.000448227
0.000476360
0.000487089
0.000521421
0.000531912
0.000469446
0.000477791
0.000526190
0.000464439
0.000562191
0.000493765
0.000516653
0.000467062
0.000564814
0.000480413
0.000562429
0.000537634
0.000499010
0.000493288
0.000497103
0.000457048
0.000503540
0.000520706
0.000507832
0.000478506
0.000509739
0.000479221
0.000553131
0.000733137
0.000449896
0.000481844
0.000502825
0.000469446
0.000466824
0.000524044
0.000468016
0.000489712
0.000513792
0.000502348
0.000470400
0.000521183
0.000468254
0.000475407
0.000514030
0.000463963
0.000472307
0.000483990
0.000442028
0.000450611
0.000505686
0.000475883
0.000417471
0.000514269
0.000481129
0.000467062
0.000477552
0.000466347
0.000472307
0.000539780
0.000470877
0.000473738
0.000501394
0.000431061
0.000496149
0.000520229
0.000469685
0.000459671
0.000439167
0.000426531
