0.033956766
0.013000250
0.013093472
0.011339426
0.014169455
0.013566017
0.013283014
0.013131380
0.022830486
0.013646126
0.012991428
0.013233185
0.027849436
0.012645245
0.012078524
0.013866186
0.021559954
0.013624430
0.013090611
0.012238503
0.033091545
0.022450209
0.012418509
0.020826578
0.025218248
0.022489548
0.012549400
0.021144390
0.012744427
0.012585878
0.012818575
0.012115240
0.011931896
0.013020039
0.013277292
0.012748003
0.012401819
0.023033857
0.012722969
0.011741877
0.011559963
0.011453867
0.020830631
0.020884514
0.012581348
0.023605824
0.025532722
0.012716770
0.013930321
0.022480965
0.019862413
0.011968851
0.012750149
0.032289743
0.020463705
0.011659622
0.012296915
0.013180017
0.024775028
0.013713360
0.012659311
0.013352871
0.014615297
0.021852255
0.012511253
0.013136387
0.012379646
0.013217449
0.011682034
0.013091564
0.013851404
0.012834072
0.012510777
0.012513876
0.012644053
0.023582935
0.013337612
0.017375708
0.012553453
0.012624502
0.013410330
0.012023449
0.011497974
0.012870789
0.021250725
0.018075705
0.012691021
0.013009310
0.013367176
0.012996435
0.022014380
0.011915684
0.012694359
0.013191700
0.013419151
0.013334274
0.013298988
0.012700081
0.012895107
0.013464928
