0.000347614
0.000333309
0.000278711
0.000291824
0.000330210
0.000326633
0.000315905
0.000356436
0.000281096
0.000300646
0.000337362
0.000287056
0.000285864
0.000317335
0.000297070
0.000257492
0.000309467
0.000355244
0.000300407
0.000405788
0.000298262
0.000326395
0.000325918
0.000323772
0.000293732
0.000320435
0.000325441
0.000331640
0.000324011
0.000307560
0.000323057
0.000411749
0.000314236
0.000324488
0.000296831
0.000398397
0.000334978
0.000324488
0.000325203
0.000326872
0.000315666
0.000297785
0.000310898
0.000310659
0.000381231
0.000309467
0.000328541
0.000294685
0.000327110
0.000326395
0.000326872
0.000295877
0.000329494
0.000334740
0.000326157
0.000326633
0.000326872
0.000327587
0.000331402
0.000326872
0.000311375
0.000315905
0.000280857
0.000293493
0.000310183
0.000296831
0.000327587
0.000297070
0.000411987
0.000297070
0.000315666
0.000379324
0.000333786
0.000304222
0.000303030
0.000290871
0.000328302
0.000333786
0.000333309
0.000328064
0.000276566
0.000276804
0.000307798
0.000331402
0.000326633
0.000318766
0.000324965
0.000322580
0.000314713
0.000342369
0.000307560
0.000378132
0.000312328
0.000328541
0.000309944
0.000275135
0.000375986
0.000321865
0.000349045
0.000285149
