0.001799822
0.002293825
0.002033234
0.001883030
0.001903772
0.001966238
0.002114296
0.001840591
0.001836061
0.001842737
0.002173662
0.001919270
0.001906395
0.001890421
0.001882315
0.001916170
0.001975060
0.001937628
0.002029181
0.002061367
0.001939774
0.002062082
0.002107143
0.001963615
0.002079248
0.001936913
0.001986742
0.001991987
0.001984358
0.002106428
0.002079964
0.001890659
0.002023697
0.001843214
0.001790285
0.001976013
0.001935720
0.001990080
0.002325058
0.002006769
0.001866102
0.013661385
0.002107620
0.002088308
0.002033234
0.001941919
0.001983643
0.001938343
0.001899004
0.001890421
0.001832485
0.001886606
0.002120256
0.002031565
0.002127409
0.002005816
0.002007723
0.001826763
0.001893520
0.001999378
0.002086163
0.001894474
0.001838923
0.001840353
0.001876354
0.001913309
0.002251863
0.001984835
0.001851320
0.002120256
0.001863718
0.001986742
0.002074957
0.001842260
0.001951694
0.011816263
0.002045155
0.002033949
0.001933098
0.001970768
0.001991749
0.001912832
0.001914024
0.001897335
0.002111435
0.002200603
0.001978397
0.001956940
0.002061605
0.001827478
0.002047300
0.001979351
0.002016783
0.001953125
0.001888752
0.001799107
0.002147675
0.002324343
0.001933336
0.001997232
