0.015547752
0.016052246
0.006446600
0.006865978
0.007112265
0.006666183
0.006447554
0.006636858
0.007473469
0.016770840
0.015133381
0.006424189
0.006441116
0.006725073
0.006605148
0.025670767
0.007048607
0.016695976
0.006426573
0.006556988
0.014951229
0.015395403
0.006485462
0.006066322
0.006169081
0.014870882
0.006948471
0.006694317
0.006995678
0.006834269
0.016026258
0.006473780
0.006710529
0.006666183
0.006596804
0.006757498
0.023224831
0.007417679
0.006488323
0.006594181
0.006521225
0.006380558
0.006559610
0.006691694
0.006414890
0.006266832
0.006398439
0.006778479
0.015756845
0.007052422
0.006441593
0.007001400
0.006577015
0.006427288
0.006477356
0.006598473
0.006637812
0.006712675
0.006491184
0.007029057
0.006958008
0.006918907
0.006841421
0.007066488
0.014696598
0.007467270
0.007089138
0.007896423
0.007165194
0.006730795
0.006852150
0.017333984
0.007195234
0.007382870
0.006799459
0.007413864
0.006940126
0.007131100
0.007135868
0.007364273
0.007078886
0.006942511
0.006842852
0.007332087
0.007302523
0.006997347
0.007282495
0.007282495
0.007147789
0.007218838
0.007478476
0.007030010
0.006938696
0.016587973
0.006485701
0.006924391
0.006893873
0.007013083
0.007143736
0.006472826
