0.000172377
0.000133276
0.000083923
0.000128508
0.000073433
0.000109196
0.000147581
0.000084639
0.000089645
0.000074625
0.000072718
0.000072479
0.000085354
0.000076056
0.000071287
0.000148296
0.000165701
0.000151634
0.000173092
0.000087023
0.000128508
0.000078678
0.000078917
0.000076532
0.000069618
0.000068426
0.000072479
0.000077009
0.000070572
0.000179052
0.000149727
0.000095367
0.000097036
0.000083447
0.000109911
0.000098944
0.000185490
0.000148296
0.000121355
0.000119686
0.000090599
0.000084400
0.000110865
0.000095367
0.000140905
0.000124693
0.000134230
0.000083685
0.000076771
0.000075579
0.000076771
0.000065565
0.000073433
0.000072956
0.000071526
0.000077009
0.000069857
0.000077724
0.000070095
0.000066996
0.000075102
0.000066042
0.000072241
0.000123024
0.000067234
0.000070572
0.000073671
0.000071764
0.000065088
0.000065088
0.000067949
0.000065088
0.000072002
0.000075340
0.000071764
0.000067949
0.000070572
0.000074148
0.000068903
0.000064850
0.000073671
0.000064135
0.000072956
0.000073910
0.000066280
0.000065804
0.000068426
0.000077248
0.000063658
0.000065088
0.000067472
0.000065327
0.000071764
0.000071526
0.000071764
0.000076294
0.000072002
0.000075340
0.000070572
0.000064850
0.000066280
0.000063419
0.000071526
0.000070095
0.000069141
0.000069141
0.000070810
0.000072241
0.000063896
0.000065088
0.000065804
0.000063658
0.000070095
0.000074387
0.000070810
0.000067472
0.000067472
0.000084162
0.000069380
0.000064611
