0.011621714
0.001753330
0.001651525
0.001653671
0.001358747
0.001701832
0.001369715
0.001640320
0.001362324
0.001635075
0.001641273
0.001445770
0.001367092
0.001649141
0.001647711
0.001408100
0.001648188
0.001682520
0.001349449
0.001632929
0.001374006
0.001641273
0.001639128
0.001389742
0.001350164
0.001636744
0.001350403
0.001355171
0.010833025
0.001654625
0.001655817
0.001356602
0.001627207
0.001346111
0.001645803
0.011287689
0.001644611
0.001637220
0.001358271
0.001636744
0.001665115
0.011217117
0.001378298
0.001638174
0.001344919
0.001353025
0.001669884
0.001636028
0.001358986
0.001345158
0.001646280
0.001354694
0.001652479
0.001647949
0.001637220
0.001367569
0.001358747
0.001633883
0.001665831
0.001645327
0.001352787
0.001352787
0.001630306
0.001434565
0.001640797
0.001324415
0.011107445
0.001359940
0.001348495
0.001631975
0.001377106
0.001634598
0.001338720
0.001648426
0.001368046
0.001632452
0.001355410
0.001634836
0.001301527
0.001360655
0.001663208
0.001650572
0.001480341
0.001355648
0.001642942
0.001350641
0.001647711
0.001366615
0.001626968
0.001632929
0.001647711
0.001353264
0.001350641
0.001650572
0.001379728
0.001636267
0.001639605
0.001349211
0.001357079
0.001365185
0.001662016
0.001304626
0.001314402
0.001310825
0.001311541
0.001298428
0.001306295
0.001298189
0.001305819
0.001316547
0.001313210
0.001299143
0.001308680
0.001296759
0.001310110
0.001293898
0.001304150
0.001297235
0.001301765
0.001322269
