0.011226654
0.000915289
0.000883818
0.000872850
0.000875950
0.000908852
0.000723600
0.000710964
0.000857353
0.000711679
0.000874281
0.000924110
0.000722408
0.000861168
0.000865698
0.000704765
0.000710964
0.000905275
0.000864983
0.000715494
0.000864506
0.000710964
0.000869036
0.000741005
0.000725269
0.000880480
0.000866890
0.000706434
0.000856638
0.000880957
0.000720501
0.000860453
0.000721455
0.000866175
0.000713348
0.000877619
0.000716209
0.000708103
0.000859261
0.000864506
0.000717163
0.000707150
0.000880003
0.000856876
0.000724792
0.000871181
0.000709534
0.000726700
0.000863314
0.000863791
0.000870466
0.000705719
0.000709772
0.000874758
0.000875473
0.000715733
0.000892401
0.000868082
0.000705957
0.000742912
0.000878572
0.000874758
0.000699759
0.000871897
0.000716448
0.000861883
0.000862598
0.000715494
0.000864029
0.000863552
0.000717402
0.000705957
0.000865221
0.000855923
0.000709057
0.000864267
0.000713587
0.000720739
0.000684977
0.000870228
0.000865459
0.000691652
0.000767231
0.000701427
0.000724792
0.000884056
0.000703573
0.000859976
0.000860453
0.000867128
0.000698566
0.000715971
0.000873327
0.000701189
0.000705004
0.000862122
0.000853539
0.000710487
0.000684977
0.000983000
0.000721455
0.000690937
0.000700712
0.000693083
0.000695944
0.000697851
0.000687599
0.000685453
0.000683784
0.000693560
0.000700951
0.000684500
0.000690699
0.000686407
0.000689268
0.000700951
0.000684977
0.000698328
0.000683308
0.000698090
