0.000220060
0.000167370
0.000102758
0.000092030
0.000165701
0.000090837
0.000101566
0.000103474
0.000090122
0.000097513
0.000091076
0.000158787
0.000095367
0.000088215
0.000091791
0.000088215
0.000096321
0.000098228
0.000091314
0.000103474
0.000090122
0.000097990
0.000094891
0.000144720
0.000091553
0.000089169
0.000104427
0.000092745
0.000089645
0.000096083
0.000089407
0.000091553
0.000092268
0.000089407
0.000089645
0.000149250
0.000099182
0.000095844
0.000092268
0.000104904
0.000090122
0.000099659
0.000095606
0.000089407
0.000148535
0.000091076
0.000099897
0.000094891
0.000088692
0.000099659
0.000088215
0.000090599
0.000093937
0.000149965
0.000095606
0.000087738
0.000096798
0.000101566
0.000091791
0.000100613
0.000090122
0.000105619
0.000094891
0.000089884
0.000153303
0.000092983
0.000189066
0.000096321
0.000090599
0.000103474
0.000091314
0.000098467
0.000159264
0.000088930
0.000091553
0.000089407
0.000100136
0.000169754
0.000106812
0.000105858
0.000091076
0.000097275
0.000171423
0.000090837
0.000110865
0.000159264
0.000172853
0.000169039
0.000177145
0.000174761
0.000168800
0.000157118
0.000235558
0.000186682
0.000172853
0.000156403
0.000105858
0.000164986
0.000157833
0.000112534
0.000096083
0.000102758
0.000097752
0.000091791
0.000092030
0.000149965
0.000167370
0.000153065
0.000149965
0.000215530
0.000148296
0.000151157
0.000160456
0.000149965
0.000094891
0.000087500
0.000116348
0.000152588
0.000093460
0.000098705
