0.000559568
0.000568390
0.000470400
0.000458717
0.000461102
0.000394106
0.000388145
0.000461102
0.000379086
0.000466347
0.000381470
0.000481844
0.000465155
0.000393152
0.000471592
0.000464201
0.000379324
0.000384569
0.000466585
0.000481129
0.000378847
0.000384331
0.000388861
0.000380993
0.000460625
0.000383854
0.000470877
0.000455379
0.000378132
0.000470400
0.000462770
0.000398874
0.000472546
0.000381470
0.000471115
0.000467062
0.000380993
0.000378132
0.000383854
0.000478745
0.000457048
0.000380278
0.000462770
0.000461817
0.000376940
0.000463486
0.000378132
0.000459194
0.000383377
0.000479221
0.000468016
0.000474215
0.000380516
0.000381470
0.000472546
0.000380516
0.000461102
0.000417709
0.000470877
0.000497818
0.000384331
0.000380278
0.000466824
0.000380278
0.000375986
0.000465393
0.000457525
0.000375748
0.000381231
0.000469685
0.000380993
0.000460863
0.000370264
0.000468731
0.000454903
0.000382423
0.000378847
0.000469446
0.000471354
0.000378370
0.000381947
0.000387192
0.000468493
0.000378370
0.000463963
0.000462532
0.000379086
0.000462532
0.000462294
0.000386715
0.000458002
0.000471592
0.000401020
0.000387907
0.000468493
0.000387192
0.000468969
0.000378847
0.000388384
0.000468493
0.000382185
0.000370502
0.000371456
0.000374317
0.000371456
0.000377417
0.000373125
0.000372171
0.000376225
0.000381947
0.000369787
0.000374317
0.000381470
0.000385761
0.000372648
0.000376701
0.000369310
0.000369310
0.000385284
0.000376940
