0.010594606
0.000094175
0.000075579
0.000076532
0.000067472
0.000084877
0.000079870
0.000077248
0.000074387
0.000070810
0.000078917
0.000082731
0.000145197
0.000083208
0.000066996
0.000067472
0.000064373
0.000080824
0.000074863
0.000068426
0.000087976
0.000072479
0.000064373
0.000072002
0.000072956
0.000070572
0.000066042
0.000083685
0.000110865
0.000069141
0.000070572
0.000095606
0.000094891
0.000091791
0.000078440
0.000074863
0.000065565
0.000073910
0.000063896
0.000067234
0.000070333
0.000068903
0.000061750
0.000066280
0.000066757
0.000074148
0.000103712
0.000106573
0.000083208
0.000070333
0.000080585
0.000134706
0.000088692
0.000067711
0.000133753
0.000101328
0.000104666
0.000116587
0.000079155
0.000060081
0.000070333
0.000072479
0.000063419
0.000078201
0.000065804
0.000070333
0.000059605
0.000058889
0.000060797
0.000068426
0.000076532
0.000063419
0.000068426
0.000071526
0.000070095
0.000075340
0.000066280
0.000059366
0.000062466
0.000059128
0.000066280
0.000071764
0.000061512
0.000062704
0.000064850
0.000066519
0.000058651
0.000072241
0.000061989
0.000059128
0.000066042
0.000073910
0.000065804
0.000064850
0.000063896
0.000070572
0.000063419
0.000059128
0.000059605
0.000060558
0.000080824
0.000070572
0.000076056
0.000069380
0.000074148
0.000075817
0.000064135
0.000063419
0.000065804
0.000064135
0.000071287
0.000068188
0.000076294
0.000074625
0.000071049
0.000073910
0.000070333
0.000063419
0.000066042
0.000063181
