0.000133991
0.000136614
0.000082970
0.000086784
0.000079632
0.000090599
0.000087023
0.000084162
0.000090361
0.000081539
0.000141859
0.000084400
0.000077724
0.000079155
0.000077963
0.000090122
0.000084400
0.000079155
0.000084639
0.000078440
0.000079393
0.000083685
0.000077248
0.000078440
0.000077009
0.000089407
0.000085115
0.000078917
0.000088453
0.000080585
0.000089645
0.000150919
0.000078201
0.000077724
0.000077248
0.000089407
0.000080824
0.000077724
0.000087500
0.000078917
0.000078917
0.000084162
0.000076771
0.000078440
0.000077963
0.000087976
0.000085115
0.000144482
0.000084877
0.000078201
0.000084639
0.000083685
0.000077486
0.000078917
0.000077963
0.000089407
0.000085592
0.000079393
0.000085115
0.000079632
0.000085354
0.000083447
0.000078201
0.000077486
0.000128508
0.000084400
0.000086308
0.000079870
0.000090361
0.000079632
0.000085354
0.000084639
0.000077248
0.000078201
0.000077486
0.000090122
0.000082254
0.000075817
0.000084400
0.000077724
0.000080347
0.000082254
0.000132084
0.000079393
0.000077009
0.000088692
0.000086069
0.000080585
0.000084162
0.000078201
0.000089407
0.000083685
0.000078678
0.000079155
0.000078201
0.000088930
0.000083447
0.000077963
0.000087976
0.000078201
0.000080347
0.000082493
0.000076294
0.000083685
0.000077724
0.000086784
0.000086308
0.000078201
0.000087500
0.000079155
0.000085831
0.000088692
0.000077248
0.000079155
0.000076294
0.000088692
0.000081539
0.000078440
0.000081778
0.000079155
