0.013033628
0.003361940
0.003298759
0.002746105
0.003310919
0.003346682
0.002766132
0.002781391
0.003308773
0.003311872
0.003321409
0.003337622
0.002757549
0.002759457
0.003306627
0.002775431
0.002793550
0.003325701
0.003314734
0.002750635
0.002764225
0.003310680
0.002772093
0.003317833
0.003290176
0.003311396
0.002754211
0.002759218
0.002765656
0.003315926
0.003317595
0.002754688
0.002742529
0.002761841
0.003327131
0.002748966
0.003324986
0.003314495
0.003310442
0.002754211
0.003323317
0.002773285
0.003311157
0.002765656
0.002965212
0.003315449
0.002763987
0.002752304
0.003324270
0.003333092
0.003322840
0.002762318
0.002777815
0.002648830
0.003306389
0.002768993
0.003320217
0.003308296
0.002780199
0.002759695
0.003328800
0.002759218
0.003294230
0.002930403
0.002768993
0.003281832
0.003316879
0.003307343
0.002739429
0.003287077
0.003288507
0.003278494
0.002753735
0.002741337
0.002748728
0.003267288
0.003275633
0.002749681
0.002622604
0.003262043
0.002763987
0.003267765
0.002953291
0.002759933
0.002763510
0.003259659
0.002761841
0.003256798
0.003274679
0.011552334
0.002758503
0.002734423
0.003279924
0.011548281
0.003274918
0.003253937
0.003290176
0.002744436
0.002768517
0.003271103
0.002771139
0.002622843
0.002637148
0.002628088
0.011337996
0.002631187
0.002631426
0.002602816
0.002623320
0.002627134
0.011336327
0.002604008
0.002633333
0.002594948
0.002632141
0.002608776
0.002631903
0.002622843
0.002644300
0.002621174
