0.000203133
0.000124693
0.000075102
0.000077724
0.000084877
0.000072002
0.000081778
0.000072479
0.000085115
0.000068426
0.000069380
0.000071764
0.000068426
0.000079632
0.000072718
0.000070333
0.000074625
0.000073910
0.000077009
0.000068188
0.000069141
0.000069380
0.000068665
0.000074387
0.000078440
0.000070810
0.000072002
0.000079870
0.000085831
0.000067711
0.000069141
0.000069380
0.000068188
0.000079393
0.000075579
0.000069618
0.000070095
0.000070333
0.000078678
0.000067949
0.000069618
0.000073910
0.000069380
0.000075579
0.000076532
0.000069618
0.000079393
0.000074863
0.000077724
0.000067711
0.000067711
0.000070572
0.000067949
0.000083447
0.000072718
0.000068665
0.000069141
0.000074863
0.000075340
0.000067234
0.000069141
0.000069380
0.000068188
0.000076056
0.000078678
0.000129461
0.000074863
0.000070810
0.000080824
0.000067711
0.000069141
0.000070333
0.000068665
0.000086784
0.000074148
0.000070095
0.000080109
0.000068426
0.000075817
0.000068426
0.000068665
0.000069380
0.000068426
0.000111818
0.000129461
0.000072718
0.000080109
0.000070333
0.000077963
0.000068903
0.000069618
0.000068903
0.000067949
0.000079393
0.000076532
0.000071526
0.000074148
0.000070333
0.000082970
0.000066757
0.000068188
0.000068426
0.000067234
0.000078917
0.000077724
0.000069380
0.000078440
0.000069380
0.000076532
0.000068426
0.000067472
0.000068426
0.000067472
0.000078201
0.000074387
0.000069618
0.000081778
0.000067711
0.000076532
0.000066757
