0.000363111
0.000233412
0.000297785
0.000186920
0.000273228
0.000190735
0.000181437
0.000275135
0.000187635
0.000183821
0.000186920
0.000200272
0.000177145
0.000276804
0.000183821
0.000177622
0.000265121
0.000186205
0.000187397
0.000184774
0.000268221
0.000184298
0.000182867
0.000190973
0.000184774
0.000177383
0.000179052
0.000269175
0.000185966
0.000190735
0.000274658
0.000182390
0.000276804
0.000178814
0.000184774
0.000179052
0.000279665
0.000180960
0.000184298
0.000182629
0.000179291
0.000189781
0.000267982
0.000180960
0.000267744
0.000177860
0.000177383
0.000265837
0.000188351
0.000177145
0.000171423
0.000182390
0.000176668
0.000262499
0.000181913
0.000176668
0.000179291
0.000178576
0.000268936
0.000184059
0.000266552
0.000180721
0.000182152
0.000184298
0.000198841
0.000262976
0.000177622
0.000180006
0.000274658
0.000179291
0.000179052
0.000183821
0.000268698
0.000176668
0.000181198
0.000176191
0.000262499
0.000177622
0.000183582
0.000179529
0.000263691
0.000194311
0.000179768
0.000266075
0.000181913
0.000175476
0.000175953
0.000264645
0.000184774
0.000175476
0.000179052
0.000184298
0.000272989
0.000176907
0.000192642
0.000178099
0.000262260
0.000179291
0.000184774
0.000181913
0.000262976
0.000181437
0.000175238
0.000177860
0.000179529
0.000174046
0.000175238
0.000180006
0.000183821
0.000171900
0.000174284
0.000181198
0.000174522
0.000171185
0.000178576
0.000174284
0.000175238
0.000174522
0.000179529
0.000177860
