0.000142574
0.000134945
0.000079870
0.000077963
0.000071764
0.000072956
0.000072718
0.000074148
0.000066519
0.000066280
0.000070095
0.000066757
0.000073433
0.000072241
0.000072002
0.000078201
0.000072956
0.000075340
0.000070572
0.000066757
0.000069141
0.000066280
0.000074387
0.000073433
0.000067472
0.000067949
0.000070095
0.000076294
0.000066996
0.000065327
0.000068903
0.000066519
0.000072718
0.000076771
0.000072718
0.000073671
0.000070810
0.000075340
0.000066280
0.000066757
0.000067711
0.000091553
0.000075102
0.000075340
0.000068903
0.000075579
0.000195026
0.000173092
0.000074387
0.000069380
0.000077724
0.000066996
0.000078201
0.000077248
0.000075340
0.000078440
0.000072241
0.000078917
0.000066042
0.000066996
0.000069380
0.000065804
0.000075102
0.000074148
0.000066757
0.000072479
0.000088453
0.000075102
0.000066519
0.000066519
0.000075340
0.000065565
0.000074387
0.000077486
0.000072479
0.000069618
0.000070333
0.000073910
0.000065565
0.000065804
0.000066996
0.000065565
0.000072718
0.000074148
0.000068665
0.000071764
0.000069857
0.000077248
0.000065804
0.000065565
0.000068188
0.000065088
0.000071526
0.000075340
0.000066757
0.000076771
0.000075340
0.000076532
0.000064611
0.000065565
0.000067472
0.000066042
0.000076294
0.000116348
0.000082970
0.000070095
0.000082970
0.000086308
0.000067234
0.000067472
0.000068903
0.000065565
0.000072241
0.000128031
0.000069141
0.000070095
0.000069380
0.000078917
0.000065804
0.000065327
