0.000353575
0.000350475
0.000357151
0.000356197
0.000304699
0.000315428
0.000338554
0.000280619
0.000358105
0.000335217
0.000320196
0.000311136
0.000333071
0.000330210
0.000335217
0.000330687
0.000302553
0.000329494
0.000360966
0.000299215
0.000318050
0.000360012
0.000293732
0.000327110
0.000351429
0.000354052
0.000318527
0.000320435
0.000337124
0.000337839
0.000331402
0.000312805
0.000350475
0.000355721
0.000324726
0.000365734
0.000309229
0.000332117
0.000364542
0.000318289
0.000370979
0.000320435
0.000308514
0.000361443
0.000334978
0.000317574
0.000367641
0.000332594
0.000333786
0.000335455
0.000304461
0.000325203
0.000299692
0.000397921
0.000355482
0.000320196
0.000350475
0.000320911
0.000360727
0.000379801
0.000316620
0.000309229
0.000373363
0.000361443
0.000331402
0.000350952
0.000335693
0.000307083
0.000325441
0.000378609
0.000360966
0.000321627
0.000311852
0.000379086
0.000413656
0.000383854
0.000357151
0.000392199
0.000419617
0.000323296
0.000307083
0.000296593
0.000313997
0.000343561
0.000351191
0.000295162
0.000297546
0.000394344
0.000340462
0.000314236
0.000335217
0.000329256
0.000326633
0.000363588
0.000340700
0.000349760
0.000330448
0.000324965
0.000347614
0.000267267
