0.067585230
0.017716408
0.000164270
0.000166416
0.000231504
0.000140429
0.000239134
0.000202656
0.000206947
0.000468493
0.000221252
0.000220060
0.000220060
0.000220537
0.000246286
0.000204325
0.000221729
0.000242710
0.000253201
0.000302553
0.000253201
0.000315428
0.000304461
0.000250816
0.000328064
0.000238419
0.000288725
0.000273943
0.000313282
0.000301838
0.000279427
0.000269175
0.000251055
0.000320435
0.000243902
0.000288963
0.000264406
0.000218153
0.000289917
0.000265837
0.000231266
0.000219584
0.000218868
0.000297070
0.000264645
0.000277042
0.000265598
0.000277042
0.000237703
0.000292301
0.000221729
0.000258923
0.000223160
0.000278950
0.000291586
0.000287533
0.000354767
0.000258207
0.000177383
0.000272036
0.000252724
0.000241995
0.000308275
0.000248194
0.000365496
0.000345945
0.000238180
0.000235558
0.000328541
0.000248432
0.000240326
0.000287294
0.000239849
0.000354290
0.000237703
0.000237703
0.000360012
0.000244617
0.000300169
0.000338316
0.000251770
0.000251770
0.000312328
0.000325203
0.000278950
0.000293016
0.000324965
0.000293732
0.000339270
0.000279665
0.000231743
0.000295162
0.000337601
0.000295639
0.000291586
0.000334501
0.000323057
0.000280857
0.000344276
0.000257730
