0.011653662
0.001381874
0.001378059
0.001376152
0.001646042
0.001576424
0.001705170
0.001537800
0.001553774
0.001625776
0.001585484
0.001556635
0.001480579
0.001605511
0.001558542
0.001590252
0.001652002
0.001596451
0.001627684
0.001589060
0.001466751
0.001620293
0.001689672
0.001599073
0.001469374
0.001652956
0.001567125
0.001629591
0.001705170
0.001518011
0.001602411
0.001689911
0.001577616
0.001545191
0.001575947
0.001544476
0.001524210
0.001568317
0.001445532
0.001671791
0.001502037
0.001676083
0.001504421
0.001688242
0.001697540
0.001646280
0.001604557
0.001591444
0.001395941
0.001567364
0.001582146
0.001540661
0.001551151
0.001459837
0.001503944
0.001529217
0.001502275
0.001681328
0.001657486
0.001736164
0.001574278
0.001554012
0.001575232
0.001508713
0.001603365
0.001467466
0.001492023
0.001465797
0.001769066
0.001698017
0.001613855
0.001518726
0.001535177
0.001703501
0.001690626
0.001529932
0.001626015
0.001583576
0.001558065
0.001490593
0.001594305
0.001737595
0.001543522
0.001694202
0.001412868
0.001581669
0.001627207
0.001536608
0.001579285
0.001507998
0.001491547
0.001560211
0.001664400
0.001591921
0.001548767
0.001528740
0.001605988
0.001660109
0.001728535
0.001652002
