0.000636578
0.000612736
0.000610113
0.000579119
0.000583410
0.000621557
0.000608683
0.000607252
0.000566721
0.000649452
0.000596762
0.000635862
0.000565529
0.000631809
0.000579596
0.000606060
0.000599146
0.000649214
0.000573158
0.000639677
0.000569344
0.000636578
0.000602961
0.000611305
0.000540495
0.000590801
0.000567913
0.000617266
0.000608444
0.000668526
0.000592947
0.000660419
0.000564098
0.000621319
0.000625372
0.000621557
0.000589848
0.000653267
0.000550985
0.000599623
0.000592947
0.000681162
0.000591993
0.000673771
0.000597239
0.000638247
0.000596285
0.000671864
0.000545979
0.000636339
0.000548840
0.000590324
0.000604391
0.000681162
0.000607252
0.000634670
0.000567913
0.000605345
0.000565290
0.000602722
0.000561953
0.000632048
0.000630856
0.000602484
0.000567198
0.000618935
0.000564575
0.000615597
0.000622988
0.000608921
0.000594139
0.000617743
0.000560999
0.000669479
0.000596762
0.000604630
0.000572681
0.000630856
0.000568151
0.000618458
0.000545979
0.000610352
0.000576973
0.000674963
0.000597954
0.000676632
0.000552416
0.000593901
0.000642776
0.000666857
0.000612736
0.000627756
0.000607014
0.000661612
0.000618219
0.000636816
0.000600100
0.000663280
0.000612020
0.000612736
