0.000974894
0.000991344
0.001049995
0.001120567
0.001070976
0.001046181
0.001007318
0.001133680
0.001075268
0.001072645
0.001046181
0.001057386
0.001061678
0.000982761
0.001116037
0.001044512
0.001112938
0.001059055
0.001101255
0.001048803
0.012132406
0.001021624
0.001031876
0.001050711
0.001102686
0.001058578
0.001079321
0.001154423
0.000984907
0.001102448
0.001092196
0.001054764
0.000983000
0.001011848
0.001084328
0.001074553
0.001075983
0.001074553
0.001071692
0.001010656
0.001038313
0.001091480
0.001089573
0.001183748
0.001035929
0.001078129
0.001130581
0.001116514
0.001070499
0.001039028
0.001046896
0.000993729
0.000950813
0.001065254
0.001100302
0.001066923
0.001060247
0.001117706
0.001216412
0.001145363
0.001140833
0.001105309
0.000939131
0.000977278
0.001097441
0.001047134
0.001028538
0.001006365
0.001194954
0.001148939
0.001005173
0.001035213
0.001156092
0.001117706
0.000977278
0.000952482
0.001108408
0.001153469
0.001252890
0.001087666
0.001055479
0.001048088
0.001123428
0.001097679
0.001209497
0.001148462
0.001074791
0.001027346
0.001112461
0.000996351
0.001134396
0.001085997
0.000969172
0.001004219
0.001131058
0.001134396
0.001123190
0.001101017
0.001006603
0.001061201
