0.000284910
0.000295162
0.000285387
0.000304461
0.000295639
0.000336885
0.000320435
0.000323057
0.000298977
0.000323057
0.000257492
0.000302315
0.000255585
0.000338793
0.000255108
0.000245810
0.000283957
0.000256538
0.000281811
0.000358343
0.000299692
0.000278950
0.000298262
0.000293016
0.000298738
0.000244379
0.000316143
0.000285149
0.000278950
0.000300407
0.000350714
0.000325441
0.000299692
0.000267029
0.000349522
0.000264406
0.000252008
0.000290632
0.000298977
0.000265360
0.000282288
0.000247240
0.000268459
0.000254154
0.000293493
0.000293255
0.000279188
0.000287056
0.000352383
0.000530720
0.000278950
0.000281096
0.000349522
0.000294209
0.000352621
0.000282288
0.000256538
0.000331640
0.000280619
0.000281811
0.000325680
0.000326157
0.000352383
0.000293732
0.000360250
0.000294924
0.000322580
0.000331879
0.000254154
0.000325680
0.000287056
0.000264168
0.000296831
0.000251532
0.000292063
0.000298738
0.000276804
0.000275850
0.000291109
0.000306368
0.000360012
0.000298262
0.000254154
0.000289679
0.000271320
0.000326395
0.000326395
0.000285149
0.000321865
0.000265837
0.000351191
0.000269175
0.000282288
0.000274181
0.000273943
0.000329256
0.000288725
0.000289202
0.000282526
0.000274420
