0.000242233
0.000323534
0.000277758
0.000304222
0.000266314
0.000268698
0.000276566
0.000323772
0.000349998
0.000259399
0.000284672
0.000337362
0.000251532
0.000325680
0.000298738
0.000251770
0.000248432
0.000279903
0.000265598
0.000287056
0.000298262
0.000326633
0.000251055
0.000298500
0.000300169
0.000249386
0.000264883
0.000302076
0.000298023
0.000325441
0.000296593
0.000264168
0.000266075
0.000258684
0.000317097
0.000325441
0.000271559
0.000265360
0.000255108
0.000253916
0.000280619
0.000335932
0.000253201
0.000326872
0.000356436
0.000263453
0.000226021
0.000280619
0.000293970
0.000324726
0.000299454
0.000299454
0.000296354
0.000325918
0.000267982
0.000336647
0.000276804
0.000267744
0.000297070
0.000282049
0.000249863
0.000252008
0.000264406
0.000298738
0.000349522
0.000290155
0.000342131
0.000313520
0.000256062
0.000323772
0.000298738
0.000297546
0.000272274
0.000280380
0.000295639
0.000253916
0.000277519
0.000309706
0.000279665
0.000326872
0.000284195
0.000332355
0.000297785
0.000302315
0.000324965
0.000259161
0.000238657
0.000266314
0.000254154
0.000296354
0.000329971
0.000256538
0.000298500
0.000324488
0.000293732
0.000336647
0.000341892
0.000324249
0.000274181
0.000265837
