0.002520800
0.002729654
0.002406597
0.002353430
0.002869606
0.002699614
0.002599716
0.002662659
0.002446651
0.002602100
0.002501011
0.002696276
0.014885426
0.002439260
0.002600908
0.002664328
0.002712250
0.002706289
0.002645493
0.002511501
0.002742052
0.002545118
0.002569199
0.002565145
0.002631426
0.002705336
0.002593279
0.002732277
0.002722979
0.002678633
0.013547897
0.002717972
0.002673388
0.002648115
0.002626657
0.002608061
0.002774477
0.002670288
0.002534151
0.002737522
0.002665043
0.002731800
0.014983177
0.002618551
0.002571821
0.002790928
0.002734423
0.002759695
0.002717257
0.002658606
0.002460241
0.002610683
0.002650738
0.002685308
0.002646446
0.002719879
0.014877081
0.002559662
0.002658844
0.002675056
0.002576113
0.002628565
0.002610922
0.002803326
0.002564669
0.002622843
0.002799988
0.002665520
0.002721786
0.002684832
0.002632141
0.002526760
0.002698898
0.002620697
0.002548695
0.002818346
0.014564991
0.002608538
0.002604961
0.002932787
0.002808809
0.002639771
0.002547026
0.002667189
0.002572298
0.002716303
0.002588749
0.002480984
0.002446890
0.002650261
0.002600431
0.002690315
0.002654314
0.002588272
0.013595581
0.002631903
0.002531528
0.002665043
0.014777184
0.002643347
