0.000296116
0.000277996
0.000251532
0.000303745
0.000267029
0.000241280
0.000307083
0.000294685
0.000241995
0.000284910
0.000298738
0.000331163
0.000295639
0.000286818
0.000307083
0.000294447
0.000295639
0.000304461
0.000311852
0.000284910
0.000295401
0.000300169
0.000292301
0.000267982
0.000258684
0.000283003
0.000284433
0.000327587
0.000350237
0.000295639
0.000344753
0.000278711
0.000338078
0.000259161
0.000290394
0.000343800
0.000347376
0.000365257
0.000345707
0.000342607
0.000338316
0.000345707
0.000292778
0.000288010
0.000265121
0.000251293
0.000253916
0.000285864
0.000328302
0.000253201
0.000279188
0.000343800
0.000343084
0.000280380
0.000294209
0.000293493
0.000262022
0.000269890
0.000298500
0.000372410
0.000277281
0.000275135
0.000265121
0.000301123
0.000293970
0.000340462
0.000272274
0.000344992
0.000229836
0.000345707
0.000266075
0.000250578
0.000319481
0.000268936
0.000345469
0.000288010
0.000321388
0.000252724
0.000260830
0.000278950
0.000240803
0.000351906
0.000321865
0.000278234
0.000344038
0.000299692
0.000292301
0.000339508
0.000294447
0.000463724
0.000253677
0.000291109
0.000344038
0.000252008
0.000349045
0.000296593
0.000341654
0.000272989
0.000239611
0.000228167
