0.000293732
0.000349522
0.000303507
0.000308037
0.000310421
0.000370026
0.000308514
0.000334978
0.000278711
0.000317812
0.000318766
0.000329018
0.000301838
0.000277281
0.000375748
0.000317097
0.000274181
0.000335693
0.000314236
0.000335455
0.000333786
0.000287056
0.000329971
0.000351906
0.000358582
0.000302792
0.000329256
0.000336170
0.000329494
0.000345469
0.000324965
0.000293016
0.000380278
0.000331879
0.000303984
0.000338793
0.000311375
0.000333548
0.000321150
0.000294209
0.000337601
0.000369310
0.000287533
0.000333309
0.000334024
0.000311852
0.000304222
0.000352144
0.000333786
0.000331163
0.000331163
0.000305891
0.000331879
0.000309229
0.000305176
0.000355244
0.000305653
0.000273466
0.000343323
0.000481129
0.000330448
0.000289202
0.000285149
0.000312567
0.000311613
0.000304699
0.000304699
0.000340700
0.000410795
0.000309467
0.000305653
0.000304222
0.000334740
0.000304699
0.000302076
0.000313282
0.000343084
0.000342607
0.000333309
0.000289679
0.000286579
0.000315428
0.000303030
0.000313282
0.000333309
0.000344515
0.000317812
0.000315905
0.000265360
0.000299454
0.000273943
0.000325918
0.000331879
0.000277519
0.000366688
0.000332832
0.000336170
0.000329256
0.000341415
0.000274181
