0.000369787
0.000294685
0.000303268
0.000267506
0.000296116
0.000304699
0.000327110
0.000294447
0.000265121
0.000320196
0.000297308
0.000294209
0.000295162
0.000262022
0.000293970
0.000278473
0.000325203
0.000298977
0.000297308
0.000294447
0.000370979
0.000297070
0.000280619
0.000298977
0.000249863
0.000331640
0.000308275
0.000304222
0.000289202
0.000330687
0.000301600
0.000267982
0.000268936
0.000357151
0.000284195
0.000250101
0.000297785
0.000300169
0.000281096
0.000314474
0.000288725
0.000272274
0.000295639
0.000300169
0.000329018
0.000334263
0.000312567
0.000297546
0.000308514
0.000298977
0.000331879
0.000298262
0.000283003
0.000296116
0.000328302
0.000339985
0.000302076
0.000334740
0.000304699
0.000347137
0.000329018
0.000283957
0.000328064
0.000301123
0.000297785
0.000304699
0.000330687
0.000343800
0.000295639
0.000300646
0.000282764
0.000298977
0.000300884
0.000295639
0.000282526
0.000302553
0.000320435
0.000325441
0.000298500
0.000268221
0.000282526
0.000299692
0.000315428
0.000283480
0.000345707
0.000330925
0.000303507
0.000291109
0.000295401
0.000299215
0.000297546
0.000267029
0.000315905
0.000309944
0.000284195
0.000327110
0.000309706
0.000332355
0.000308752
0.000280380
