0.013919353
0.014047623
0.004648447
0.004772902
0.005001783
0.004785299
0.004684687
0.004749298
0.004907131
0.004835844
0.004811764
0.004820824
0.004815340
0.004861832
0.004858971
0.004853487
0.004889965
0.004822969
0.004728317
0.004827499
0.004722357
0.004852057
0.004712105
0.004902601
0.004862785
0.004839659
0.004742861
0.004855633
0.004763126
0.004829168
0.004741192
0.004836798
0.013726473
0.004844427
0.004945993
0.005109787
0.004947901
0.004878521
0.004779577
0.004964113
0.004911900
0.005160809
0.004867554
0.005026817
0.004890203
0.005187511
0.004962444
0.005016327
0.014216423
0.014969587
0.005002260
0.015968084
0.005177498
0.005305290
0.005241871
0.016141415
0.005343199
0.016496897
0.014247179
0.004944086
0.004936218
0.005089521
0.005125284
0.005644798
0.005423307
0.004947424
0.004963160
0.005106449
0.005252600
0.004935503
0.005067348
0.005321980
0.005102634
0.005012989
0.005126715
0.005141735
0.005413771
0.005126953
0.005258799
0.005126715
0.005097151
0.016020060
0.004836321
0.004605770
0.004669428
0.004840851
0.004727125
0.004790068
0.004852057
0.004712343
0.004719257
0.004705429
0.004728317
0.015883923
0.004677534
0.004634857
0.004694462
0.004750013
0.004938841
0.015470982
