0.017401457
0.010193348
0.017402649
0.009278059
0.016307831
0.008950472
0.009003878
0.008814573
0.009060144
0.008913755
0.015403032
0.009147644
0.016123533
0.009680748
0.009209156
0.009343386
0.009183407
0.009329081
0.009397030
0.009294987
0.009265184
0.009269476
0.009266138
0.009451628
0.009301186
0.009227037
0.009227037
0.009264231
0.009243727
0.009105206
0.009155750
0.009252071
0.009419918
0.009207726
0.009239674
0.027185440
0.009805441
0.009479284
0.009482145
0.019741058
0.017771721
0.018316269
0.009797335
0.009588480
0.009469271
0.009506702
0.009525299
0.009500504
0.009638548
0.009582520
0.009558916
0.009697437
0.009524345
0.009628057
0.009402752
0.009624481
0.017594814
0.009680271
0.009599209
0.019258499
0.009096622
0.008714676
0.008724689
0.018747091
0.008965015
0.008603334
0.008810759
0.008722067
0.009512901
0.009096384
0.009080410
0.009312153
0.009007931
0.008902311
0.009103298
0.008875847
0.009161949
0.018648148
0.009231806
0.008732319
0.009294987
0.009801388
0.017286539
0.008931398
0.009431601
0.009346962
0.009430885
0.009875298
0.009983778
0.009454012
0.017002344
0.009945869
0.009606600
0.009881258
0.009895325
0.009341240
0.009569168
0.009354830
0.009518147
0.009329557
