0.000376701
0.000323772
0.000344276
0.000389814
0.000317335
0.000349522
0.000360966
0.000344038
0.000342607
0.000338078
0.000311375
0.000374317
0.000377178
0.000382900
0.000391722
0.000391483
0.000378847
0.000344038
0.000355959
0.000411749
0.000406265
0.000365973
0.000347853
0.000411034
0.000318050
0.000299931
0.000339031
0.000399590
0.000353813
0.000370502
0.000258207
0.000258684
0.000397444
0.000337601
0.000364304
0.000396967
0.000319242
0.000342369
0.000354290
0.000411987
0.000327110
0.000370502
0.000380993
0.000365019
0.000425100
0.000342369
0.000325680
0.000342846
0.000365973
0.000379086
0.000367403
0.000315428
0.000377655
0.000397921
0.000357628
0.000359774
0.000363111
0.000349998
0.000313759
0.000439644
0.000365734
0.000378847
0.000372410
0.000280380
0.000349522
0.000317812
0.000417709
0.000368118
0.000388861
0.000293255
0.000359058
0.000344038
0.000411987
0.000376940
0.000347853
0.000352383
0.000381231
0.000360966
0.000369787
0.000385523
0.000362873
0.000280619
0.000374079
0.000369072
0.000384092
0.000316620
0.000386477
0.000374079
0.000373840
0.000379562
0.000341177
0.000390768
0.000418663
0.000375986
0.000369549
0.000387669
0.000358820
0.000351191
0.000344515
0.000345469
