0.013682842
0.004218578
0.003883123
0.003858566
0.004222393
0.004222870
0.004118919
0.004001856
0.004179001
0.004263401
0.013547659
0.004281998
0.004063129
0.004156828
0.004229069
0.004282951
0.004170418
0.004178524
0.004297972
0.004180193
0.004246235
0.004226923
0.004177809
0.004270077
0.004261255
0.004324198
0.004209042
0.004259109
0.004240274
0.004348993
0.004386663
0.004233599
0.004213333
0.004183769
0.004184008
0.004165173
0.004255772
0.004229307
0.004468679
0.004202127
0.004285812
0.004271507
0.004213810
0.013409615
0.004221201
0.004246712
0.004142284
0.004093647
0.004301548
0.004260302
0.004136086
0.004093170
0.004326344
0.004286528
0.004249811
0.013889313
0.004125595
0.004199982
0.004340410
0.004049301
0.004212856
0.004059315
0.004348040
0.004168987
0.004217148
0.004186630
0.004208088
0.004211903
0.004226446
0.004155874
0.004261494
0.004183054
0.004247427
0.004126549
0.004199505
0.004180431
0.004211426
0.013877869
0.004343033
0.004125834
0.004134178
0.004299879
0.004309177
0.004261255
0.004244328
0.004188299
0.004209995
0.004301071
0.004301310
0.004232645
0.004163027
0.004356384
0.004270315
0.004233122
0.004192352
0.004262924
0.004243135
0.004087448
0.004409790
0.004243851
