0.016491890
0.007674456
0.007779598
0.007727623
0.007802010
0.015774012
0.008306742
0.008393764
0.017601252
0.008405685
0.007969379
0.008370638
0.008373737
0.008324385
0.008175373
0.008398533
0.008083344
0.008378506
0.008453608
0.008485794
0.015170574
0.008345604
0.008395433
0.008151770
0.008280516
0.008342981
0.008146524
0.008369446
0.008239269
0.008373499
0.008110285
0.008418083
0.008313894
0.017465115
0.008290052
0.008341312
0.008175135
0.008204699
0.008184910
0.008261919
0.008150339
0.017408848
0.008190155
0.008345604
0.015677929
0.008433819
0.008151770
0.008616924
0.008077621
0.008347273
0.008426905
0.008047104
0.008354187
0.008126736
0.008441210
0.008251905
0.008322239
0.008250713
0.015032053
0.008319139
0.008628130
0.008536577
0.008503914
0.008704901
0.008781433
0.008717537
0.008576870
0.017271280
0.008610487
0.016575098
0.008646250
0.017020941
0.008834600
0.008601427
0.008402824
0.008720875
0.008497953
0.016963005
0.008653879
0.008376122
0.015619755
0.008261919
0.006407499
0.008353949
0.008150339
0.008365631
0.008096218
0.008342981
0.014847517
0.016525984
0.007915735
0.007642508
0.007639647
0.007861137
0.007933140
0.016492605
0.014406443
0.007865429
0.007761478
0.008054733
