0.001404524
0.001397848
0.001538515
0.001375675
0.001410961
0.001466036
0.001544714
0.001554728
0.001637936
0.001610041
0.001535892
0.001499414
0.001558781
0.001582623
0.001565218
0.001466751
0.001556635
0.001587629
0.001587391
0.001441717
0.001618385
0.001499176
0.001601934
0.001423597
0.001624823
0.001488686
0.001575232
0.001574755
0.001445532
0.001535892
0.001323223
0.001609087
0.001419067
0.001414061
0.001465797
0.001638174
0.001622438
0.001562357
0.001407385
0.001622677
0.001460075
0.001543522
0.001505852
0.001532316
0.001542568
0.001650572
0.001390934
0.001618862
0.001612186
0.001607418
0.001382113
0.001331568
0.001511574
0.001581907
0.001464128
0.001464367
0.001566648
0.001639843
0.001482248
0.001577139
0.001531363
0.001622438
0.001402378
0.001397133
0.001470804
0.001626968
0.001466036
0.001501322
0.001503944
0.001477480
0.001521826
0.001557589
0.001592398
0.001381636
0.001416445
0.001497507
0.001496077
0.001481056
0.001534462
0.001507998
0.001495838
0.001524210
0.001461506
0.001488447
0.001549482
0.001610518
0.001360178
0.001389742
0.001456261
0.001353741
0.001536846
0.001655817
0.001583576
0.001619816
0.001515865
0.001471519
0.001577854
0.001631975
0.001466751
0.001641512
