0.062465429
0.012631893
0.000268221
0.000278711
0.000257730
0.000257969
0.000295639
0.000284195
0.000282764
0.000236034
0.000264883
0.000243425
0.000265598
0.000281334
0.000276327
0.000274897
0.000271320
0.000356197
0.000279665
0.000228405
0.000291824
0.000279903
0.000313282
0.000267982
0.000221729
0.000163555
0.000322580
0.000282049
0.000196695
0.000193834
0.000230789
0.000226021
0.000234365
0.000233412
0.000236034
0.000262499
0.000270367
0.000267267
0.000287771
0.000228882
0.000276804
0.000239611
0.000295639
0.000211477
0.000268459
0.000252008
0.000228405
0.000313282
0.000191927
0.000221491
0.000225067
0.000203609
0.000243664
0.000200510
0.000200272
0.000223398
0.000210047
0.000183344
0.000241756
0.000288486
0.000213861
0.000189781
0.000211000
0.000262499
0.000200748
0.000274420
0.000235558
0.000249147
0.000267982
0.000203609
0.000215292
0.000286341
0.000263214
0.000234365
0.000219107
0.000201941
0.000235558
0.000248432
0.000298262
0.000225306
0.000232697
0.000284672
0.000213623
0.000163794
0.000277519
0.000212669
0.000231028
0.000219584
0.000128984
0.000302315
0.000224829
0.000190258
0.000159740
0.000260830
0.000494480
0.000520229
0.000237465
0.000190973
0.000264168
0.000229120
