0.000465631
0.000367165
0.000344038
0.000386953
0.000306845
0.000350475
0.000395536
0.000385284
0.000400066
0.000377655
0.000396490
0.000395775
0.000404119
0.000429630
0.000370741
0.000397444
0.000353813
0.000412464
0.000414848
0.000372171
0.000354052
0.000388861
0.000407219
0.000437260
0.000369549
0.000369787
0.000406504
0.000412226
0.000375032
0.000382900
0.000386477
0.000393152
0.000360966
0.000397921
0.000386000
0.000390768
0.000382423
0.000393391
0.000389099
0.000392914
0.000428915
0.000408411
0.000404835
0.000446320
0.000412464
0.000401258
0.000393867
0.000376940
0.000357628
0.000415564
0.000365973
0.000411034
0.000393629
0.000447989
0.000382423
0.000396013
0.000391722
0.000402212
0.000427008
0.000476360
0.000358820
0.000377655
0.000329494
0.000430584
0.000404835
0.000407457
0.000406027
0.000394344
0.000384808
0.000313282
0.000413895
0.000402212
0.000390291
0.000400066
0.000388861
0.000399828
0.000392914
0.000345707
0.000455141
0.000413179
0.000392437
0.000396252
0.000323057
0.000439405
0.000406027
0.000405073
0.000356913
0.000401974
0.000463247
0.000378847
0.000394583
0.000372648
0.000395536
0.000435114
0.000401974
0.000400543
0.000406265
0.000407696
0.000425100
0.000393152
