0.000383377
0.000404119
0.000397444
0.000363111
0.000335455
0.000427961
0.000339985
0.000325918
0.000384808
0.000352621
0.000350714
0.000404358
0.000356913
0.000387907
0.000357628
0.000360012
0.000351906
0.000356674
0.000352383
0.000413656
0.000392914
0.000409603
0.000339031
0.000372410
0.000412941
0.000358105
0.000358820
0.000384092
0.000401497
0.000356674
0.000358820
0.000379801
0.000401020
0.000366688
0.000361204
0.000365496
0.000377893
0.000398874
0.000341892
0.000270605
0.000426292
0.000429153
0.000395775
0.000340462
0.000357151
0.000337601
0.000320911
0.000320911
0.000297785
0.000381231
0.000438929
0.000351191
0.000387430
0.000385523
0.000415087
0.000394821
0.000363350
0.000378132
0.000366688
0.000486612
0.000331640
0.000313282
0.000382423
0.000414133
0.000428200
0.000382423
0.000331163
0.000358343
0.000444889
0.000358343
0.000414133
0.000412226
0.000387430
0.000402927
0.000349522
0.000424623
0.000393391
0.000414371
0.000341892
0.000318527
0.000401497
0.000363350
0.000404835
0.000396013
0.000400543
0.000430822
0.000372887
0.000339270
0.000344753
0.000365496
0.000324249
0.000349522
0.000414371
0.000397682
0.000368357
0.000432253
0.000353575
0.000367165
0.000425816
0.000378609
