0.000468969
0.000421047
0.000445604
0.000408173
0.000389814
0.000459194
0.000462770
0.000440836
0.000465155
0.000463486
0.000484228
0.000500917
0.000446796
0.000410557
0.000410795
0.000502110
0.000453234
0.000505209
0.000406027
0.000389814
0.000496864
0.000426769
0.000468493
0.000490189
0.000448942
0.000461102
0.000463724
0.000426531
0.000468731
0.000446796
0.000438929
0.000424147
0.000505447
0.000452042
0.000446558
0.000536680
0.000386477
0.000410080
0.000489235
0.000488043
0.000453949
0.000505447
0.000434875
0.000429869
0.000502348
0.000425339
0.000423193
0.000440598
0.000445843
0.000486612
0.000414848
0.000401974
0.000449181
0.000464916
0.000429630
0.000474453
0.000498056
0.000413895
0.000407934
0.000558138
0.000427961
0.000389099
0.000460625
0.000403881
0.000416756
0.000499249
0.000427723
0.000455379
0.000495672
0.000458956
0.000457287
0.000514507
0.000433207
0.000426531
0.000495672
0.000436544
0.000433683
0.000464439
0.000464201
0.000490904
0.000477314
0.000421047
0.000433922
0.000463486
0.000459671
0.000434875
0.000466824
0.000465155
0.000405788
0.000482321
0.000416040
0.000421524
0.000445366
0.000434160
0.000436783
0.000470400
0.000431776
0.000450373
0.000501156
0.000396252
