0.000707150
0.000653267
0.000513315
0.000628233
0.000602961
0.000668526
0.000611544
0.000671387
0.000627041
0.000634909
0.000614405
0.000666380
0.000604391
0.000688314
0.000647783
0.000674486
0.000641823
0.000651836
0.000613451
0.000661135
0.000683546
0.000679493
0.000641823
0.000662088
0.000495911
0.000665903
0.000596762
0.000653267
0.000603914
0.000654459
0.000647545
0.000620842
0.000578165
0.000673532
0.000613689
0.000684023
0.000632048
0.000689507
0.000604630
0.000676870
0.000568867
0.000566959
0.000618219
0.000666142
0.000639677
0.000657797
0.000598192
0.000687838
0.000625372
0.000695705
0.000437021
0.000663280
0.000624180
0.000653505
0.000518084
0.000666142
0.000628233
0.000680685
0.000602245
0.000654459
0.000592232
0.000657797
0.000616550
0.000602245
0.000625134
0.000678539
0.000642300
0.000672579
0.000614405
0.000675440
0.000611544
0.000664711
0.000642061
0.000658989
0.000635862
0.000659227
0.000640392
0.000681400
0.000639915
0.000649929
0.000605106
0.000659704
0.000631094
0.000669718
0.000528097
0.000643015
0.000601053
0.000669718
0.000634670
0.000649214
0.000633955
0.000665665
0.000603199
0.000667810
0.000617981
0.000684738
0.000620842
0.000686884
0.000597477
0.000777721
