0.002463818
0.002412081
0.002413750
0.002255917
0.013460875
0.012703419
0.002460003
0.002171993
0.002448320
0.002305984
0.002420425
0.002108097
0.002870083
0.002356768
0.002359867
0.002310276
0.002277136
0.002285242
0.002331018
0.004961729
0.002293110
0.002441883
0.002247572
0.002281427
0.002196789
0.002301216
0.002292395
0.002440453
0.002230883
0.002277851
0.002414227
0.002302408
0.002377272
0.002305508
0.002279282
0.002356052
0.002294779
0.002317190
0.002303123
0.002216816
0.002378225
0.002285480
0.002239227
0.002399206
0.002328157
0.002322435
0.002335548
0.002373219
0.002362490
0.002242088
0.002266169
0.002312422
0.002293825
0.002159834
0.002470255
0.002299309
0.002379417
0.002278328
0.002258778
0.002298832
0.002295732
0.002303600
0.002325296
0.002363920
0.002282381
0.002194643
0.002260923
0.002516270
0.002432823
0.002236605
0.002431154
0.002381563
0.002285004
0.002333879
0.002386570
0.002357244
0.002334833
0.002311945
0.002369165
0.002359867
0.002294540
0.002259016
0.002359390
0.002270937
0.002528667
0.002246380
0.002309084
0.002284288
0.002319574
0.002326727
0.002397299
0.002343893
0.002338886
0.002433062
0.002354145
0.002273083
0.002244711
0.002344847
0.002298594
0.002353191
