0.000355005
0.000357389
0.000352383
0.000394344
0.000366449
0.000342131
0.000355005
0.000404119
0.000355005
0.000343323
0.000335932
0.000342369
0.000357151
0.000359774
0.000315666
0.000335693
0.000337362
0.000387192
0.000300884
0.000352859
0.000367880
0.000375986
0.000374556
0.000343084
0.000322580
0.000321865
0.000326157
0.000356436
0.000363350
0.000329733
0.000364065
0.000372171
0.000350952
0.000364065
0.000330925
0.000371695
0.000304222
0.000288725
0.000309229
0.000377655
0.000369072
0.000360489
0.000347376
0.000379801
0.000340223
0.000339985
0.000344753
0.000342369
0.000344038
0.000344276
0.000343323
0.000376463
0.000223160
0.000371456
0.000348330
0.000359297
0.000345945
0.000335217
0.000345945
0.000443459
0.000356674
0.000342607
0.000356436
0.000341892
0.000370741
0.000373363
0.000376225
0.000342846
0.000376701
0.000324488
0.000334501
0.000288963
0.000321150
0.000351429
0.000359535
0.000358820
0.000445843
0.000378132
0.000305653
0.000282764
0.000344753
0.000316620
0.000326157
0.000347853
0.000300884
0.000370502
0.000370502
0.000324249
0.000310183
0.000453949
0.000368357
0.000371695
0.000370741
0.000372648
0.000370264
0.000356197
0.000303268
0.000341654
0.000375032
0.000335217
