0.000273943
0.000272989
0.000241518
0.000299931
0.000280142
0.000354767
0.000241995
0.000341415
0.000276089
0.000265121
0.000315189
0.000346422
0.000341177
0.000346899
0.000271320
0.000257492
0.000347614
0.000337362
0.000291348
0.000263929
0.000332355
0.000324249
0.000380516
0.000304699
0.000338078
0.000327587
0.000361204
0.000333548
0.000330687
0.000372171
0.000342607
0.000355244
0.000348330
0.000338554
0.000372410
0.000327110
0.000336647
0.000339270
0.000359535
0.000367641
0.000373125
0.000340462
0.000311136
0.000337601
0.000327587
0.000311852
0.000389338
0.000373602
0.000333309
0.000531673
0.000330210
0.000340223
0.000384569
0.000322580
0.000372887
0.000385284
0.000359535
0.000372410
0.000370502
0.000316620
0.000308990
0.000358582
0.000360727
0.000338554
0.000321865
0.000293016
0.000365734
0.000330210
0.000370264
0.000308037
0.000361681
0.000289679
0.000358820
0.000308752
0.000330210
0.000360966
0.000337362
0.000363350
0.000331879
0.000455856
0.000350714
0.000341415
0.000353575
0.000356913
0.000351667
0.000263453
0.000344038
0.000374794
0.000345469
0.000310421
0.000381231
0.000342846
0.000296831
0.000331402
0.000341892
0.000310421
0.000348330
0.000375271
0.000375509
0.000318289
