0.000267982
0.000316143
0.000279903
0.000292778
0.000319004
0.000288486
0.000272274
0.000275612
0.000271320
0.000319719
0.000278473
0.000256062
0.000344038
0.000313759
0.000318527
0.000343084
0.000301838
0.000342369
0.000289679
0.000255585
0.000346899
0.000353098
0.000299215
0.000330210
0.000357389
0.000345945
0.000258446
0.000236750
0.000238895
0.000343800
0.000273943
0.000339270
0.000288725
0.000284433
0.000276804
0.000342846
0.000345945
0.000260830
0.000322104
0.000225067
0.000328779
0.000317335
0.000353813
0.000246763
0.000243664
0.000270844
0.000246525
0.000343323
0.000252008
0.000349998
0.000212431
0.000290155
0.000288248
0.000252008
0.000332355
0.000346422
0.000233173
0.000261307
0.000244379
0.000264406
0.000291109
0.000272512
0.000260592
0.000317335
0.000343323
0.000346422
0.000277042
0.000339746
0.000226021
0.000256062
0.000215530
0.000343800
0.000379562
0.000343323
0.000343084
0.000233650
0.000292301
0.000242472
0.000277519
0.000272989
0.000272036
0.000329494
0.000327349
0.000257730
0.000219822
0.000232697
0.000278234
0.000338078
0.000276089
0.000280142
0.000337601
0.000235081
0.000355244
0.000345707
0.000253201
0.000275135
0.000283957
0.000301600
0.000336885
0.000318289
