0.000976086
0.001044035
0.000945807
0.000823975
0.000923634
0.001088381
0.001026630
0.000954628
0.001045942
0.001057625
0.001036644
0.001006126
0.001050472
0.001022339
0.001051664
0.001009226
0.000987053
0.001058102
0.001057625
0.000986099
0.001007080
0.000979662
0.000972986
0.000958920
0.001045942
0.001039028
0.000990868
0.000946999
0.000960827
0.001022816
0.000936508
0.000973701
0.001057625
0.001013756
0.001005173
0.001075506
0.001054049
0.001067877
0.000925303
0.001013756
0.000921011
0.000921965
0.001026869
0.001004934
0.001047850
0.001063347
0.001079082
0.001013994
0.001019955
0.000907421
0.000904560
0.000905752
0.000870466
0.001027822
0.000938654
0.001046419
0.001022577
0.001036882
0.000979185
0.001039028
0.000843287
0.000980139
0.000957251
0.001048803
0.000962734
0.000997066
0.000936747
0.001016378
0.000893116
0.001029015
0.001101255
0.001066208
0.000880003
0.000925064
0.000958204
0.000940800
0.001074791
0.001075268
0.000957966
0.001057386
0.000955582
0.001097202
0.000936270
0.001017094
0.000878811
0.001001596
0.000914574
0.001031876
0.001087904
0.001059771
0.000847101
0.000972271
0.000952482
0.000969410
0.000996113
0.001017809
0.000870228
0.000913620
0.000988722
0.001119375
