0.001242876
0.001293898
0.001246691
0.001333714
0.001302242
0.001199245
0.001321554
0.001307011
0.001419067
0.001369715
0.001333475
0.001313448
0.001378298
0.001299858
0.001235247
0.001227379
0.001417160
0.001330137
0.001262426
0.001394987
0.001295567
0.001323700
0.001165867
0.001360893
0.001440763
0.001278162
0.001200438
0.001369715
0.001321077
0.001340151
0.001358509
0.001193285
0.001294613
0.001459837
0.001392603
0.001414776
0.001330853
0.001320839
0.001356840
0.001358032
0.001200438
0.001362562
0.001331091
0.001275539
0.001286983
0.001324892
0.001322508
0.001356602
0.001364708
0.001293421
0.001310825
0.001333714
0.001371145
0.001423120
0.001342058
0.001360178
0.001332521
0.001456022
0.001273155
0.001365662
0.001317024
0.001297951
0.001343966
0.001421213
0.001349211
0.001387358
0.001368523
0.001317501
0.001346111
0.001320124
0.001329422
0.001374245
0.001312733
0.001326323
0.001337290
0.001437426
0.001335621
0.001406670
0.001397133
0.001375914
0.001369238
0.001362324
0.001317501
0.001319170
0.001350880
0.001317739
0.001357794
0.001349688
0.001378298
0.001345396
0.001329660
0.001396894
0.001343727
0.001314402
0.001354694
0.001379728
0.001403809
0.001313210
0.001333952
0.001466751
