0.000447035
0.000336647
0.000339270
0.000377417
0.000373840
0.000361204
0.000349045
0.000362873
0.000388861
0.000346184
0.000368834
0.000364304
0.000353575
0.000344515
0.000379801
0.000356913
0.000366449
0.000361919
0.000402212
0.000384331
0.000379801
0.000385046
0.000314236
0.000383615
0.000285149
0.000368595
0.000355482
0.000363588
0.000401497
0.000382900
0.000383615
0.000382900
0.000394583
0.000426292
0.000352621
0.000351667
0.000359058
0.000355244
0.000356674
0.000368595
0.000356436
0.000350714
0.000359297
0.000405788
0.000381231
0.000355244
0.000300646
0.000347137
0.000375271
0.000319481
0.000385046
0.000360966
0.000296831
0.000382423
0.000398397
0.000325441
0.000380754
0.000297785
0.000399351
0.000380039
0.000368357
0.000400305
0.000318766
0.000404596
0.000365019
0.000355244
0.000375748
0.000362158
0.000402451
0.000354052
0.000350475
0.000368834
0.000370264
0.000408649
0.000405312
0.000354290
0.000358582
0.000311613
0.000392675
0.000355482
0.000363827
0.000356197
0.000315905
0.000414133
0.000298500
0.000366688
0.000383854
0.000352144
0.000402927
0.000358582
0.000368118
0.000344038
0.000358582
0.000359297
0.000402451
0.000357151
0.000360727
0.000376225
0.000371933
0.000337601
