0.000292540
0.000335932
0.000359058
0.000347853
0.000336409
0.000386715
0.000327110
0.000357389
0.000336170
0.000354052
0.000367165
0.000349760
0.000359058
0.000242233
0.000346184
0.000327826
0.000313520
0.000293732
0.000320435
0.000381708
0.000352859
0.000330925
0.000341654
0.000383377
0.000366449
0.000338078
0.000305176
0.000341892
0.000366688
0.000395536
0.000375986
0.000379801
0.000378132
0.000335932
0.000322342
0.000311852
0.000340223
0.000345469
0.000363350
0.000345945
0.000316381
0.000351191
0.000356913
0.000313759
0.000387669
0.000329733
0.000330210
0.000319481
0.000344992
0.000344992
0.000368595
0.000350475
0.000347376
0.000363111
0.000324249
0.000336409
0.000301838
0.000271320
0.000357628
0.000457764
0.000327826
0.000353098
0.000413179
0.000346184
0.000382423
0.000350714
0.000346661
0.000354528
0.000389814
0.000310659
0.000329256
0.000368834
0.000315189
0.000389338
0.000364304
0.000321388
0.000389814
0.000353813
0.000342369
0.000284195
0.000311375
0.000353813
0.000335693
0.000268936
0.000330210
0.000401497
0.000362396
0.000350714
0.000324011
0.000269413
0.000349522
0.000363588
0.000376940
0.000289917
0.000397444
0.000257254
0.000330925
0.000267982
0.000354052
0.000226259
