0.000391722
0.000401020
0.000427961
0.000375271
0.000399828
0.000435352
0.000401497
0.000368118
0.000435352
0.000399351
0.000377178
0.000410080
0.000351667
0.000369072
0.000432253
0.000388145
0.000395536
0.000440836
0.000395775
0.000411034
0.000467777
0.000381231
0.000404119
0.000431776
0.000454903
0.000411034
0.000409842
0.000362873
0.000423431
0.000432968
0.000397444
0.000416517
0.000433445
0.000367641
0.000407934
0.000430822
0.000410318
0.000401497
0.000434160
0.000413179
0.000394821
0.000419855
0.000396729
0.000414848
0.000427008
0.000375986
0.000368118
0.000434875
0.000413179
0.000383139
0.000446320
0.000367403
0.000396729
0.000410318
0.000397682
0.000410080
0.000433207
0.000367165
0.000390530
0.000508785
0.000401735
0.000377893
0.000412703
0.000368357
0.000399590
0.000427723
0.000391960
0.000394583
0.000437498
0.000398636
0.000383139
0.000459194
0.000412941
0.000363588
0.000427485
0.000411987
0.000384092
0.000432491
0.000406504
0.000379562
0.000433683
0.000430822
0.000399828
0.000456095
0.000398874
0.000375271
0.000403643
0.000396252
0.000388384
0.000413656
0.000401020
0.000428915
0.000416994
0.000382185
0.000369549
0.000446320
0.000375748
0.000400066
0.000433207
0.000365496
