0.000562191
0.000593901
0.000409126
0.000427723
0.000517130
0.000598431
0.000514746
0.000573635
0.000527620
0.000574350
0.000547171
0.000574827
0.000512600
0.000500441
0.000523567
0.000556231
0.000478268
0.000533819
0.000546455
0.000595331
0.000458002
0.000602722
0.000587940
0.000498772
0.000594616
0.000646114
0.000458479
0.000519514
0.000536919
0.000556469
0.000527859
0.000571489
0.000550985
0.000594854
0.000520706
0.000593901
0.000551462
0.000587940
0.000548124
0.000583410
0.000504255
0.000526905
0.000539064
0.000660419
0.000570297
0.000577688
0.000523329
0.000562429
0.000527382
0.000561714
0.000540733
0.000600815
0.000550270
0.000600338
0.000531197
0.000585079
0.000580549
0.000571966
0.000518084
0.000474453
0.000427485
0.000516653
0.000472784
0.000591040
0.000558853
0.000544786
0.000534058
0.000608683
0.000521183
0.000589371
0.000535965
0.000592232
0.000531435
0.000526190
0.000588179
0.000595093
0.000549555
0.000554562
0.000535965
0.000588179
0.000432253
0.000538826
0.000480413
0.000593901
0.000492334
0.000582457
0.000521421
0.000617504
0.000468969
0.000600815
0.000476599
0.000590563
0.000497818
0.000607252
0.000549078
0.000597715
0.000501156
0.000565767
0.000569820
0.000575781
