0.000270367
0.000370264
0.000367880
0.000300884
0.000333309
0.000299692
0.000300169
0.000324965
0.000308990
0.000293016
0.000318050
0.000329256
0.000337362
0.000280619
0.000319958
0.000366211
0.000324726
0.000356197
0.000327587
0.000339508
0.000364542
0.000305653
0.000324249
0.000344515
0.000310183
0.000332355
0.000365019
0.000317335
0.000318527
0.000343084
0.000347376
0.000334263
0.000323534
0.000281096
0.000361443
0.000286341
0.000270605
0.000336170
0.000329256
0.000272512
0.000364542
0.000325203
0.000356436
0.000294685
0.000329018
0.000323772
0.000361204
0.000363827
0.000361681
0.000280619
0.000380754
0.000292540
0.000328779
0.000290394
0.000354290
0.000360250
0.000361204
0.000301600
0.000336647
0.000399590
0.000365019
0.000358582
0.000362873
0.000316381
0.000320196
0.000304461
0.000250578
0.000279665
0.000307560
0.000360012
0.000330925
0.000280857
0.000293970
0.000364780
0.000355005
0.000292778
0.000310898
0.000293970
0.000271320
0.000269651
0.000272036
0.000299931
0.000365734
0.000343084
0.000317097
0.000270128
0.000244379
0.000309944
0.000356197
0.000375986
0.000308037
0.000365973
0.000287771
0.000320911
0.000321388
0.000272989
0.000301600
0.000294209
0.000326157
0.000249624
