0.001941204
0.002065420
0.001875877
0.001870871
0.002021790
0.002089977
0.001858950
0.012059450
0.002027512
0.002074480
0.001996517
0.002008677
0.013100863
0.002116680
0.001878262
0.001954794
0.002021790
0.002078295
0.001902580
0.002057791
0.002024889
0.002000332
0.001995564
0.002129793
0.002074480
0.001903057
0.001925707
0.002089262
0.002017498
0.002063274
0.002033234
0.002078533
0.002048254
0.002074957
0.002017021
0.002042294
0.001928329
0.002044678
0.001905203
0.002061605
0.002027750
0.002044439
0.002136946
0.002058506
0.002041817
0.002054930
0.002040625
0.002037764
0.002016544
0.002063990
0.002011538
0.002063990
0.002046108
0.002067089
0.002066851
0.002092123
0.002040863
0.002054453
0.002132893
0.001941681
0.002015114
0.002094269
0.001991510
0.001990080
0.002025604
0.002017498
0.002048731
0.002056837
0.002079248
0.002043009
0.002041817
0.002059221
0.001991034
0.001988649
0.002040863
0.002077103
0.002080917
0.002068520
0.002074957
0.001987219
0.001899958
0.001832724
0.002389193
0.002089977
0.001999855
0.001923323
0.001853228
0.002025843
0.002026558
0.002046108
0.002010345
0.002071619
0.002047062
0.002025366
0.002010822
0.002021074
0.002040863
0.001988173
0.002045155
0.002145767
