0.000312567
0.000369787
0.000285149
0.000368118
0.000321150
0.000374079
0.000325203
0.000325918
0.000271797
0.000300646
0.000329971
0.000276089
0.000271797
0.000342846
0.000306606
0.000360250
0.000271559
0.000284433
0.000298023
0.000323534
0.000329256
0.000320673
0.000348568
0.000326633
0.000289440
0.000364542
0.000326633
0.000287056
0.000304699
0.000284195
0.000340462
0.000289917
0.000367165
0.000321865
0.000302553
0.000265598
0.000362158
0.000365734
0.000336170
0.000315428
0.000340939
0.000364065
0.000332355
0.000319719
0.000328779
0.000335932
0.000335693
0.000379324
0.000363588
0.000323772
0.000364780
0.000365019
0.000384808
0.000326872
0.000365496
0.000321388
0.000365496
0.000365019
0.000320196
0.000316858
0.000311852
0.000364304
0.000374079
0.000343323
0.000309229
0.000271559
0.000273943
0.000328302
0.000354767
0.000355005
0.000347137
0.000279665
0.000363827
0.000309229
0.000355721
0.000386477
0.000354290
0.000273705
0.000349522
0.000315428
0.000292540
0.000354528
0.000364304
0.000328541
0.000347137
0.000323534
0.000377655
0.000341654
0.000232935
0.000375509
0.000233650
0.000249863
0.000305653
0.000350237
0.000337124
0.000341654
0.000259876
0.000253439
0.000261068
0.000274658
