0.000854731
0.000872374
0.000737429
0.000774860
0.000840425
0.000930786
0.000892639
0.000931263
0.000895023
0.000900507
0.000893354
0.000929356
0.000904083
0.000849485
0.000875711
0.000879049
0.000909090
0.000859499
0.000973701
0.000924349
0.000930071
0.000885010
0.000922441
0.000950575
0.000831604
0.000825167
0.000875711
0.000741243
0.000851870
0.000844479
0.000904799
0.000854969
0.000754595
0.000906467
0.000836611
0.000885963
0.000963688
0.000801325
0.000879288
0.000912666
0.001001120
0.000858307
0.000939846
0.000950813
0.000883341
0.000959396
0.000825882
0.000857353
0.000925303
0.000866652
0.000820875
0.000905037
0.000915527
0.000957251
0.000964880
0.000925303
0.000893831
0.000921965
0.000858784
0.000932455
0.000899076
0.000873804
0.000839710
0.000822544
0.000871897
0.000893593
0.000831366
0.000946283
0.000846386
0.000892639
0.000865221
0.000959158
0.000907183
0.000882864
0.000868320
0.000945330
0.000875235
0.000879288
0.000828505
0.000848293
0.000861168
0.000869751
0.000887156
0.000854492
0.000838757
0.000870943
0.000874758
0.000883818
0.000893593
0.000876904
0.000820160
0.000919819
0.000922918
0.000937700
0.000860453
0.000923634
0.000922203
0.000897646
0.000845909
0.000850677
