0.000295639
0.000288963
0.000260830
0.000284433
0.000266552
0.000257969
0.000261545
0.000300884
0.000291586
0.000267267
0.000277758
0.000259876
0.000291109
0.000262499
0.000290632
0.000265121
0.000287056
0.000288248
0.000274420
0.000265837
0.000258923
0.000292063
0.000251293
0.000276327
0.000291824
0.000290394
0.000293493
0.000233412
0.000313044
0.000288248
0.000288010
0.000291348
0.000288248
0.000262976
0.000288248
0.000300169
0.000220299
0.000298738
0.000291109
0.000255346
0.000289917
0.000324965
0.000262737
0.000277042
0.000261068
0.000300884
0.000315905
0.000288486
0.000292540
0.000278950
0.000290871
0.000288725
0.000299215
0.000289202
0.000228643
0.000287294
0.000261068
0.000288725
0.000280857
0.000276566
0.000352859
0.000352621
0.000356913
0.000313282
0.000277758
0.000374556
0.000376701
0.000370026
0.000376940
0.000348330
0.000372648
0.000310183
0.000317335
0.000377655
0.000339270
0.000374556
0.000379324
0.000378847
0.000373602
0.000396013
0.000374794
0.000382900
0.000348806
0.000357866
0.000343800
0.000278950
0.000374317
0.000321388
0.000377417
0.000277996
0.000363350
0.000376701
0.000392437
0.000357866
0.000373602
0.000300169
0.000361681
0.000334978
0.000290871
0.000350475
