0.063082695
0.013092518
0.000255108
0.000323534
0.000295401
0.000348806
0.000353336
0.000256538
0.000317812
0.000211477
0.000287056
0.000276327
0.000274420
0.000261307
0.000274420
0.000279665
0.000241518
0.000230312
0.000288963
0.000279188
0.000275850
0.000274420
0.000279188
0.000271797
0.000234127
0.000261784
0.000240803
0.000240326
0.000235558
0.000286818
0.000299215
0.000270128
0.000277996
0.000269413
0.000276566
0.000238180
0.000315428
0.000274897
0.000224590
0.000306129
0.000260592
0.000300169
0.000298262
0.000256062
0.000297546
0.000279188
0.000287533
0.000265121
0.000235081
0.000303984
0.000300646
0.000293493
0.000267744
0.000304222
0.000297308
0.000311852
0.000290871
0.000288248
0.000303507
0.000317097
0.000300407
0.000292063
0.000298262
0.000304937
0.000242710
0.000248671
0.000338793
0.000303984
0.000269175
0.000442743
0.000275612
0.000277758
0.000261784
0.000316620
0.000265837
0.000249624
0.000362396
0.000282526
0.000286579
0.000338316
0.000250101
0.000259638
0.000278711
0.000300407
0.000263691
0.000272274
0.000280857
0.000259638
0.000265360
0.000268698
0.000258207
0.000289917
0.000271082
0.000299692
0.000251055
0.000318527
0.000249624
0.000252962
0.000307560
0.000270605
