0.002520323
0.002724171
0.002403498
0.002349377
0.002862930
0.002693176
0.002595901
0.002660275
0.002446175
0.002600431
0.002497196
0.002691031
0.014882565
0.002436161
0.002593517
0.002658844
0.002707958
0.002703190
0.002640963
0.002506971
0.002735853
0.002542019
0.002566576
0.002563953
0.002628565
0.002701044
0.002586365
0.002727032
0.002717495
0.002675056
0.013592243
0.002711535
0.002664804
0.002646685
0.002622843
0.002606630
0.002770901
0.002667427
0.002530336
0.002733469
0.002661705
0.002727032
0.014981031
0.002614975
0.002568245
0.002787828
0.002730846
0.002756596
0.002713442
0.002651215
0.002458811
0.002602577
0.002646446
0.002682209
0.002640009
0.002716303
0.014651299
0.002550125
0.002652168
0.002667665
0.002572298
0.002626419
0.002605677
0.002799273
0.002562761
0.002622366
0.002798796
0.002654791
0.002716064
0.002680779
0.002628088
0.002520800
0.002690792
0.002612591
0.002545118
0.002807140
0.014562845
0.002603054
0.002600670
0.002926350
0.002801418
0.002635241
0.002544641
0.002657175
0.002564669
0.002710581
0.002583981
0.002472878
0.002438068
0.002644300
0.002597094
0.002684593
0.002650976
0.002582550
0.013592243
0.002625227
0.002521992
0.002658367
0.014768600
0.002627850
