0.000239849
0.000379086
0.000282049
0.000304222
0.000266075
0.000268698
0.000276566
0.000323772
0.000348806
0.000259399
0.000284672
0.000337362
0.000251532
0.000325680
0.000298738
0.000251532
0.000248194
0.000279903
0.000265837
0.000287056
0.000298262
0.000326633
0.000251055
0.000298262
0.000300407
0.000249386
0.000264883
0.000302076
0.000298262
0.000325441
0.000296593
0.000264168
0.000266075
0.000258684
0.000317097
0.000325441
0.000271797
0.000265360
0.000255346
0.000253916
0.000280380
0.000335932
0.000253439
0.000326872
0.000379801
0.000263453
0.000226259
0.000280619
0.000294209
0.000324726
0.000299454
0.000299454
0.000296354
0.000325918
0.000267982
0.000336647
0.000252962
0.000267744
0.000297070
0.000282049
0.000249863
0.000252008
0.000264406
0.000298977
0.000350714
0.000290155
0.000343323
0.000313520
0.000255585
0.000323772
0.000298738
0.000298262
0.000272512
0.000280380
0.000295639
0.000254393
0.000277519
0.000309467
0.000279665
0.000327110
0.000284195
0.000332355
0.000297546
0.000302315
0.000324965
0.000259161
0.000238895
0.000266552
0.000254154
0.000296354
0.000329971
0.000256777
0.000298500
0.000324488
0.000293732
0.000336885
0.000341892
0.000324249
0.000245810
0.000251055
