0.000639677
0.000557661
0.000602245
0.000530243
0.000532150
0.000603437
0.000596285
0.000550747
0.000519276
0.000627995
0.000584364
0.000625134
0.000512838
0.000578880
0.000560999
0.000551462
0.000551224
0.000636816
0.000574589
0.000627756
0.000512838
0.000632524
0.000549793
0.000555515
0.000538588
0.000550508
0.000511885
0.000595808
0.000599146
0.000646830
0.000546694
0.000656605
0.000508070
0.000569105
0.000580072
0.000569105
0.000539780
0.000644445
0.000541449
0.000540733
0.000581980
0.000656843
0.000587463
0.000668287
0.000584364
0.000580311
0.000545502
0.000642776
0.000525475
0.000623941
0.000493288
0.000555038
0.000550747
0.000654221
0.000555754
0.000597239
0.000520229
0.000547409
0.000512600
0.000549316
0.000505447
0.000631809
0.000580311
0.000547647
0.000512362
0.000603199
0.000515461
0.000603914
0.000571012
0.000560284
0.000547409
0.000568390
0.000503063
0.000612974
0.000524044
0.000544310
0.000557423
0.000581264
0.000513077
0.000594854
0.000547409
0.000609398
0.000554085
0.000674486
0.000591755
0.000676394
0.000509262
0.000536919
0.000642300
0.000666618
0.000613213
0.000561953
0.000607252
0.000600815
0.000618458
0.000634432
0.000589371
0.000662804
0.000611305
0.000557184
