0.000411034
0.000336170
0.000358820
0.000362396
0.000318050
0.000316620
0.000340700
0.000277519
0.000368834
0.000334263
0.000302792
0.000313759
0.000355244
0.000330448
0.000334740
0.000309467
0.000324249
0.000351191
0.000382662
0.000300407
0.000340700
0.000312567
0.000295162
0.000326872
0.000344992
0.000376940
0.000338793
0.000320196
0.000360012
0.000333548
0.000352621
0.000313759
0.000301361
0.000356197
0.000323057
0.000346899
0.000309706
0.000354767
0.000386715
0.000302076
0.000365496
0.000321627
0.000308275
0.000360012
0.000356913
0.000340223
0.000370741
0.000354528
0.000334024
0.000338793
0.000326633
0.000340462
0.000304461
0.000419617
0.000335693
0.000323057
0.000333309
0.000358105
0.000379324
0.000373840
0.000319719
0.000312567
0.000343084
0.000380754
0.000355721
0.000378370
0.000339508
0.000329494
0.000330925
0.000372171
0.000312328
0.000364304
0.000313044
0.000339985
0.000391006
0.000375032
0.000309229
0.000369072
0.000398874
0.000278950
0.000304222
0.000298500
0.000313759
0.000363588
0.000302792
0.000302553
0.000298500
0.000345469
0.000289202
0.000336885
0.000356436
0.000380039
0.000308990
0.000384569
0.000358582
0.000380754
0.000316858
0.000324965
0.000347853
0.000267267
