0.000336885
0.000329256
0.000322819
0.000262737
0.000324965
0.000312805
0.000278711
0.000274897
0.000251293
0.000256300
0.000283480
0.000295401
0.000321388
0.000289679
0.000254154
0.000295639
0.000304461
0.000318766
0.000293255
0.000267744
0.000337601
0.000277519
0.000329733
0.000324011
0.000255108
0.000278473
0.000285864
0.000328541
0.000298977
0.000328779
0.000278950
0.000264168
0.000265360
0.000304937
0.000262499
0.000251770
0.000334740
0.000267029
0.000267029
0.000301361
0.000250816
0.000265837
0.000299931
0.000324488
0.000280142
0.000341654
0.000256300
0.000254631
0.000326395
0.000298738
0.000325203
0.000277281
0.000256300
0.000328541
0.000259161
0.000252724
0.000337124
0.000287294
0.000256300
0.000386238
0.000240564
0.000326633
0.000294685
0.000277281
0.000252962
0.000292540
0.000325441
0.000309944
0.000326872
0.000324249
0.000295877
0.000252962
0.000327110
0.000311136
0.000325918
0.000322342
0.000325680
0.000292301
0.000266075
0.000323534
0.000322819
0.000322580
0.000327587
0.000325203
0.000327587
0.000324488
0.000313282
0.000312328
0.000324965
0.000241518
0.000332355
0.000256062
0.000282526
0.000288963
0.000326633
0.000262022
0.000325441
0.000330210
0.000297308
0.000248671
