0.000294447
0.000268936
0.000252008
0.000284672
0.000276089
0.000223875
0.000296354
0.000284195
0.000241041
0.000282049
0.000295877
0.000312090
0.000295401
0.000307322
0.000307083
0.000294685
0.000294685
0.000303984
0.000310659
0.000262499
0.000295401
0.000298023
0.000292540
0.000283718
0.000255585
0.000282288
0.000283957
0.000240326
0.000332117
0.000298262
0.000326872
0.000284195
0.000327587
0.000292301
0.000298262
0.000326157
0.000329018
0.000351191
0.000327349
0.000323772
0.000258446
0.000327110
0.000296593
0.000291586
0.000239849
0.000255585
0.000255823
0.000288486
0.000294209
0.000254393
0.000299454
0.000325203
0.000324965
0.000280857
0.000298738
0.000298500
0.000264406
0.000253916
0.000301361
0.000418425
0.000294924
0.000284433
0.000283003
0.000305891
0.000299215
0.000323534
0.000273228
0.000327110
0.000237465
0.000328064
0.000320673
0.000277519
0.000303030
0.000274658
0.000314713
0.000304699
0.000327110
0.000253677
0.000266314
0.000298262
0.000260592
0.000333309
0.000303984
0.000285387
0.000327349
0.000303030
0.000296354
0.000321627
0.000298738
0.000488281
0.000257254
0.000319958
0.000326395
0.000255108
0.000330448
0.000301838
0.000311136
0.000303507
0.000255346
0.000228882
