0.067605257
0.017715454
0.000189304
0.000191450
0.000240326
0.000163317
0.000228643
0.000203133
0.000205517
0.000469208
0.000220299
0.000220537
0.000221491
0.000220060
0.000241756
0.000196218
0.000224113
0.000233650
0.000252008
0.000271082
0.000254393
0.000245571
0.000227690
0.000251532
0.000227928
0.000237226
0.000225782
0.000226736
0.000245333
0.000269890
0.000253916
0.000221729
0.000250578
0.000241518
0.000224113
0.000226021
0.000229836
0.000215292
0.000226498
0.000266552
0.000228405
0.000211716
0.000210524
0.000247955
0.000235558
0.000244617
0.000231266
0.000244617
0.000213861
0.000259161
0.000211716
0.000244141
0.000225544
0.000244617
0.000252724
0.000247240
0.000229359
0.000244141
0.000173807
0.000242233
0.000228405
0.000223875
0.000226974
0.000248432
0.000425816
0.000225544
0.000236750
0.000236273
0.000227213
0.000245571
0.000240326
0.000227928
0.000237226
0.000227451
0.000232220
0.000237942
0.000474691
0.000245094
0.000303030
0.000338554
0.000251770
0.000251770
0.000312328
0.000325441
0.000278950
0.000293255
0.000324965
0.000293970
0.000339270
0.000265360
0.000232220
0.000295162
0.000337601
0.000295639
0.000291586
0.000335217
0.000323057
0.000280857
0.000344276
0.000257969
