0.000286341
0.000349283
0.000291109
0.000293970
0.000304461
0.000357628
0.000285864
0.000325441
0.000259399
0.000297785
0.000293732
0.000306845
0.000277996
0.000269890
0.000353575
0.000291586
0.000267744
0.000312328
0.000284672
0.000322342
0.000308752
0.000266075
0.000321388
0.000338793
0.000347614
0.000278950
0.000307083
0.000308514
0.000308037
0.000307798
0.000283718
0.000269890
0.000359535
0.000322580
0.000283241
0.000324726
0.000308037
0.000318766
0.000295401
0.000281572
0.000313520
0.000342846
0.000265598
0.000310659
0.000311375
0.000288248
0.000283718
0.000340700
0.000308037
0.000303507
0.000317812
0.000278234
0.000318527
0.000297308
0.000294685
0.000323772
0.000290394
0.000264645
0.000321388
0.000466347
0.000318289
0.000272989
0.000265121
0.000290871
0.000287771
0.000277519
0.000279665
0.000317812
0.000354052
0.000297785
0.000276804
0.000293493
0.000323296
0.000278473
0.000275135
0.000300884
0.000324249
0.000330687
0.000307798
0.000280380
0.000266552
0.000293493
0.000279188
0.000290394
0.000309467
0.000323772
0.000309229
0.000292778
0.000260592
0.000268698
0.000265598
0.000285625
0.000298977
0.000266075
0.000341892
0.000320435
0.000324011
0.000317812
0.000328064
0.000273228
