0.000962734
0.000971556
0.001024485
0.001114130
0.001064777
0.001031399
0.000995874
0.001082420
0.001075268
0.001072168
0.001044750
0.001057386
0.001061678
0.000982285
0.001113415
0.001044989
0.001111031
0.001061201
0.001101255
0.001048088
0.000778198
0.001021624
0.001031876
0.001050234
0.001100540
0.001058578
0.001079321
0.001154661
0.000984430
0.001102448
0.001092196
0.001053810
0.000982761
0.001010656
0.001084328
0.001073599
0.001077414
0.001074553
0.001070261
0.001010656
0.001038074
0.001091719
0.001089573
0.001183748
0.001035929
0.001078129
0.001130581
0.001116514
0.001068592
0.001039028
0.001047134
0.000993729
0.000950098
0.001064301
0.001098871
0.001067162
0.001058817
0.001117706
0.001216412
0.001145363
0.001140833
0.001105309
0.000938892
0.000976324
0.001097679
0.001047134
0.001028538
0.001006603
0.001194954
0.001149178
0.001004457
0.001038551
0.001156092
0.001117706
0.000977278
0.000952721
0.001108170
0.001152754
0.001252890
0.001086950
0.001055479
0.001048088
0.001122952
0.001097679
0.001208782
0.001147747
0.001073837
0.001026392
0.001112938
0.000993967
0.001134634
0.001085997
0.000968456
0.001004219
0.001129866
0.001134634
0.001123190
0.001101017
0.001007318
0.001061201
