0.000387669
0.000329018
0.000387669
0.000351429
0.000340939
0.000388622
0.000340223
0.000342131
0.000380278
0.000346184
0.000346184
0.000440598
0.000346661
0.000309944
0.000391006
0.000314951
0.000357151
0.000380516
0.000364304
0.000359535
0.000390291
0.000341654
0.000360250
0.000377417
0.000364542
0.000342607
0.000374794
0.000356913
0.000340223
0.000382423
0.000352144
0.000345230
0.000375271
0.000355721
0.000339508
0.000379324
0.000353098
0.000338316
0.000360727
0.000331640
0.000340462
0.000375271
0.000349760
0.000334024
0.000413656
0.000342131
0.000336647
0.000384808
0.000340223
0.000362873
0.000375271
0.000332594
0.000349998
0.000365496
0.000347376
0.000344992
0.000400066
0.000343561
0.000341654
0.000481367
0.000288963
0.000358105
0.000377417
0.000342131
0.000340700
0.000390053
0.000342131
0.000339985
0.000380039
0.000356197
0.000369549
0.000377417
0.000348330
0.000336647
0.000392437
0.000357866
0.000324488
0.000375509
0.000347376
0.000356197
0.000373840
0.000333548
0.000360966
0.000489473
0.000341177
0.000332355
0.000372171
0.000334978
0.000336409
0.000337362
0.000350475
0.000339746
0.000373363
0.000336170
0.000351667
0.000351429
0.000357866
0.000338078
0.000412941
0.000318289
