0.017379522
0.010195494
0.017327547
0.009206057
0.016248703
0.008950233
0.008991718
0.008836746
0.009059429
0.008893251
0.015359640
0.009130239
0.016114235
0.009705782
0.009185076
0.009343863
0.009183645
0.009308100
0.009306192
0.009237528
0.009190559
0.009222507
0.009266853
0.009383440
0.009224176
0.009172678
0.009146690
0.009181023
0.009194136
0.009052038
0.009111881
0.009225368
0.009368420
0.009207964
0.009196758
0.027153969
0.008989096
0.008658886
0.008672953
0.018962145
0.016989946
0.017502785
0.009000778
0.008758545
0.008637428
0.008674383
0.008698702
0.008659124
0.008818626
0.008745670
0.008685589
0.008851528
0.008697033
0.008776903
0.008590937
0.008810997
0.016752481
0.008887053
0.008783579
0.019245863
0.009042501
0.008703232
0.008689165
0.018731833
0.008943319
0.008594513
0.008797407
0.008705378
0.009507656
0.009103060
0.009121656
0.009310007
0.008944035
0.008899450
0.009052753
0.008872032
0.009123325
0.018592834
0.009996176
0.009526014
0.010112286
0.009753227
0.017273664
0.009764671
0.010168791
0.010204315
0.010206699
0.010595560
0.010010481
0.009454250
0.016990662
0.009907722
0.009602308
0.009042501
0.009105444
0.009328842
0.009536505
0.009308815
0.009480953
0.009329557
