0.000249147
0.000299454
0.000303507
0.000284672
0.000316858
0.000308990
0.000250578
0.000298500
0.000286102
0.000322342
0.000300884
0.000305414
0.000298738
0.000254631
0.000302315
0.000286341
0.000328779
0.000270367
0.000301361
0.000303268
0.000303268
0.000300884
0.000291109
0.000301838
0.000252485
0.000262499
0.000311375
0.000282764
0.000264883
0.000317574
0.000273705
0.000261545
0.000260592
0.000346184
0.000264168
0.000242710
0.000276804
0.000275850
0.000260353
0.000269175
0.000271559
0.000265360
0.000289202
0.000276327
0.000316620
0.000322819
0.000275612
0.000271082
0.000284433
0.000274181
0.000305414
0.000272989
0.000261068
0.000277519
0.000304222
0.000316381
0.000280857
0.000325203
0.000276566
0.000339746
0.000318289
0.000262022
0.000318766
0.000277758
0.000289917
0.000281334
0.000319481
0.000335693
0.000268698
0.000288725
0.000261545
0.000275373
0.000274658
0.000278473
0.000263691
0.000280380
0.000280619
0.000315428
0.000287056
0.000259161
0.000277758
0.000293255
0.000293016
0.000265598
0.000340700
0.000319958
0.000279665
0.000266552
0.000272036
0.000276089
0.000273705
0.000260592
0.000291348
0.000285625
0.000274420
0.000315905
0.000298023
0.000319958
0.000275612
0.000271082
