0.000470877
0.000234842
0.000226498
0.000225306
0.000228643
0.000226974
0.000226974
0.000225544
0.000209093
0.000214577
0.000238180
0.000251532
0.000215530
0.000225782
0.000237226
0.000227451
0.000250816
0.000237226
0.000213861
0.000228167
0.000230312
0.000229597
0.000231504
0.000226498
0.000235081
0.000227690
0.000200987
0.000251770
0.000228167
0.000208616
0.000226974
0.000211716
0.000264883
0.000228882
0.000224829
0.000215530
0.000256300
0.000228167
0.000214100
0.000235081
0.000252247
0.000253916
0.000215054
0.000228882
0.000232697
0.000225067
0.000224829
0.000264406
0.000228882
0.000255346
0.000249624
0.000199318
0.000221252
0.000229120
0.000248909
0.000331163
0.000228643
0.000240326
0.000199795
0.000229597
0.000226974
0.000225782
0.000218153
0.000250101
0.000207663
0.000226498
0.000215054
0.000210047
0.000294924
0.000211954
0.000230551
0.000227451
0.000234842
0.000206232
0.000226498
0.000223637
0.000224829
0.000211477
0.000234842
0.000212193
0.000234842
0.000224829
0.000227451
0.000266790
0.000209808
0.000252008
0.000247955
0.000243187
0.000232220
0.000213623
0.000225782
0.000253677
0.000273943
0.000232935
0.000262022
0.000273943
0.000227690
0.000216722
0.000227213
0.000236273
