0.000241041
0.000233412
0.000183105
0.000242472
0.000254154
0.000212669
0.000243187
0.000243902
0.000245333
0.000214338
0.000258684
0.000288486
0.000243664
0.000244617
0.000241041
0.000222683
0.000282526
0.000243664
0.000242233
0.000231028
0.000228643
0.000207663
0.000243187
0.000228167
0.000221491
0.000201941
0.000241995
0.000182390
0.000209570
0.000242710
0.000224352
0.000206947
0.000260592
0.000209808
0.000242233
0.000244379
0.000180483
0.000247955
0.000238419
0.000250101
0.000232220
0.000246286
0.000245571
0.000270367
0.000184298
0.000241995
0.000211716
0.000242472
0.000180483
0.000182629
0.000253439
0.000247717
0.000246525
0.000213861
0.000207663
0.000214577
0.000181675
0.000207424
0.000222683
0.000363827
0.000200272
0.000226974
0.000170231
0.000242233
0.000251293
0.000226259
0.000181675
0.000284195
0.000183344
0.000247955
0.000230312
0.000180960
0.000268698
0.000248194
0.000245810
0.000181198
0.000241995
0.000193596
0.000207901
0.000245571
0.000268459
0.000241756
0.000182867
0.000211716
0.000281811
0.000181437
0.000228882
0.000242233
0.000225306
0.000224829
0.000267029
0.000242472
0.000229836
0.000226021
0.000243902
0.000180244
0.000233889
0.000244856
0.000244141
0.000216722
