0.012597322
0.003022432
0.003069162
0.002809286
0.002899408
0.003078938
0.003093958
0.003119946
0.003020048
0.003052473
0.003082275
0.003011465
0.003135204
0.003000736
0.003023148
0.003050566
0.013477325
0.002916813
0.003058195
0.003060579
0.003059864
0.003057957
0.003154278
0.002986908
0.003012419
0.003068686
0.003066540
0.003026009
0.003023863
0.003048182
0.012000561
0.003022432
0.003103256
0.003012657
0.003129721
0.003093004
0.003135920
0.003062725
0.003011942
0.003015041
0.003062725
0.003099203
0.003014565
0.003037214
0.003129244
0.003069162
0.003072262
0.003048420
0.003177643
0.003086567
0.003001451
0.002972364
0.003091335
0.003069401
0.003018856
0.003022194
0.003071785
0.003005743
0.012067318
0.003109455
0.003076792
0.003071070
0.003012180
0.003005743
0.003037453
0.003077745
0.003236771
0.003032207
0.003121376
0.003033876
0.003123283
0.003106356
0.003133059
0.003044128
0.003057241
0.003029585
0.003108740
0.003113270
0.003074646
0.003064632
0.003160000
0.003046989
0.003078938
0.003111839
0.003175497
0.003034353
0.003062963
0.002994299
0.003152609
0.003120422
0.003064871
0.003097057
0.003091335
0.003092527
0.003052711
0.003060341
0.003153086
0.003023386
0.003051758
0.003139019
