0.000484705
0.000412464
0.000377417
0.000447273
0.000404119
0.000491619
0.000423908
0.000443459
0.000439882
0.000483036
0.000446796
0.000427246
0.000425816
0.000480175
0.000438452
0.000442982
0.000403404
0.000443697
0.000412941
0.000422478
0.000438690
0.000477076
0.000455618
0.000460148
0.000439167
0.000466347
0.000435114
0.000417471
0.000438452
0.000466347
0.000409603
0.000444412
0.000392437
0.000438452
0.000435829
0.000442266
0.000502110
0.000465631
0.000445127
0.000463963
0.000437498
0.000479698
0.000437021
0.000482559
0.000421286
0.000447273
0.000403166
0.000452757
0.000403643
0.000474930
0.000435352
0.000479460
0.000402927
0.000492334
0.000402212
0.000444412
0.000388145
0.000450611
0.000378609
0.000473261
0.000404596
0.000478268
0.000449896
0.000483751
0.000439167
0.000373363
0.000403643
0.000484943
0.000448942
0.000476837
0.000440359
0.000477076
0.000419378
0.000478745
0.000384331
0.000490665
0.000420332
0.000422001
0.000440598
0.000459671
0.000402689
0.000479460
0.000441551
0.000443935
0.000415325
0.000492334
0.000454664
0.000458002
0.000406504
0.000475645
0.000404119
0.000444174
0.000401497
0.000434399
0.000387430
0.000444889
0.000414371
0.000482559
0.000343561
0.000521421
