0.000267982
0.000326157
0.000302792
0.000281096
0.000279903
0.000310421
0.000270367
0.000275135
0.000306129
0.000316620
0.000251293
0.000312328
0.000272274
0.000274420
0.000304937
0.000275850
0.000275373
0.000307322
0.000325441
0.000334263
0.000347853
0.000299931
0.000323772
0.000351191
0.000348091
0.000325441
0.000348330
0.000323772
0.000329494
0.000355005
0.000296354
0.000318050
0.000334978
0.000320435
0.000336170
0.000357389
0.000274658
0.000298500
0.000351667
0.000317574
0.000301600
0.000332355
0.000295162
0.000319242
0.000354767
0.000316858
0.000319719
0.000352621
0.000321150
0.000317335
0.000349998
0.000246048
0.000329733
0.000350952
0.000326395
0.000320196
0.000354052
0.000318050
0.000317574
0.000444174
0.000318766
0.000314713
0.000373840
0.000330210
0.000298977
0.000329018
0.000310183
0.000308514
0.000332117
0.000312090
0.000336170
0.000355005
0.000317335
0.000357151
0.000339508
0.000309944
0.000318289
0.000364065
0.000319242
0.000294685
0.000352383
0.000310183
0.000289679
0.000354052
0.000298262
0.000315428
0.000353813
0.000297308
0.000320435
0.000318766
0.000319958
0.000308037
0.000360966
0.000304937
0.000327110
0.000355959
0.000316620
0.000323772
0.000354290
0.000292778
