0.000748634
0.000697136
0.000712156
0.000713587
0.000671387
0.000695705
0.000717163
0.000703812
0.000739574
0.000715017
0.000706911
0.000685930
0.000828743
0.000706673
0.000759602
0.000761986
0.000757694
0.000740528
0.000752449
0.000719547
0.000762224
0.000755787
0.000774860
0.000731707
0.000716925
0.000703096
0.000768423
0.000741005
0.000754833
0.000734091
0.000731707
0.000726700
0.000745535
0.000732422
0.000756979
0.000715017
0.000667810
0.000756979
0.000690222
0.000753641
0.000747204
0.000745535
0.000758648
0.000863791
0.000751019
0.000761271
0.000702143
0.000729084
0.000755548
0.000759602
0.000815868
0.000737667
0.000739813
0.000751019
0.000754833
0.000756264
0.000738382
0.000748873
0.000773668
0.000730991
0.000753164
0.000776291
0.000760555
0.000747919
0.000725269
0.000734806
0.000746489
0.000773668
0.000754833
0.000744104
0.000762939
0.000773430
0.000743628
0.000719547
0.000736237
0.000747919
0.000720739
0.000750780
0.000731945
0.000711918
0.000750780
0.000737667
0.000725269
0.000743866
0.000716925
0.000733852
0.000759363
0.000753403
0.000746250
0.000732183
0.000740767
0.000754595
0.000732899
0.000750065
0.000744581
0.000731468
0.000752687
0.000760555
0.000751734
0.000729322
