0.000237465
0.000263453
0.000205278
0.000268698
0.000243425
0.000277996
0.000264883
0.000272274
0.000270128
0.000271559
0.000237465
0.000212669
0.000226021
0.000233173
0.000226259
0.000235558
0.000226259
0.000243902
0.000223160
0.000224113
0.000243187
0.000264168
0.000226021
0.000221729
0.000231743
0.000222445
0.000227213
0.000230789
0.000234604
0.000211239
0.000223637
0.000221014
0.000222921
0.000223398
0.000211000
0.000235319
0.000228643
0.000223637
0.000238657
0.000236511
0.000208616
0.000210524
0.000223875
0.000221491
0.000225067
0.000221252
0.000235319
0.000205994
0.000226736
0.000225067
0.000244617
0.000226736
0.000249386
0.000226259
0.000213146
0.000252247
0.000222921
0.000226974
0.000238180
0.000239134
0.000229836
0.000221491
0.000223160
0.000221491
0.000232935
0.000243187
0.000209570
0.000221968
0.000223398
0.000237942
0.000223160
0.000220537
0.000223637
0.000235319
0.000224590
0.000208616
0.000225067
0.000212193
0.000253916
0.000221968
0.000226498
0.000221968
0.000221729
0.000206470
0.000246525
0.000234365
0.000209332
0.000211000
0.000238419
0.000241995
0.000177383
0.000236034
0.000227928
0.000224590
0.000251293
0.000225306
0.000212431
0.000247717
0.000226974
0.000203848
