0.014495373
0.005916119
0.005612373
0.005607605
0.005872011
0.005810976
0.005888224
0.005836010
0.015345812
0.005759478
0.005828381
0.005849123
0.005932331
0.005878210
0.005842924
0.005807877
0.005976915
0.005856752
0.005956173
0.005877256
0.005932808
0.005887508
0.005841494
0.005837917
0.005885839
0.005800247
0.005885363
0.005857468
0.005957365
0.005794764
0.005874157
0.005828619
0.005784512
0.014766693
0.005799055
0.005858660
0.005843401
0.005837202
0.005908728
0.005850792
0.005887985
0.005854607
0.005876541
0.005928993
0.005897760
0.005796671
0.005927086
0.005802631
0.005922318
0.005831480
0.005871296
0.005877495
0.005832672
0.014822245
0.005862951
0.005866051
0.005877733
0.005808592
0.005961895
0.005887508
0.005868912
0.005887032
0.005944252
0.005924702
0.005887032
0.005788803
0.005854368
0.015423536
0.006038189
0.005935669
0.005876541
0.005904198
0.005900145
0.005833149
0.005849838
0.005848169
0.005882740
0.005828857
0.005906582
0.005812168
0.005779505
0.005936861
0.005803585
0.005939722
0.005867004
0.005853891
0.005811453
0.005893707
0.005910635
0.005867958
0.005906105
0.005849123
0.005851030
0.005928516
0.005916834
0.005879879
0.005848408
0.005900145
0.006498098
0.014696598
