0.011090279
0.001609802
0.001714706
0.001679897
0.001761198
0.001668930
0.001665354
0.001693010
0.001717091
0.001716852
0.001749516
0.001706600
0.001680374
0.001728296
0.001692533
0.001766205
0.001738548
0.001684904
0.001728773
0.001678944
0.001620293
0.001707315
0.001673698
0.001739025
0.001688957
0.001735449
0.001639605
0.001717567
0.001736403
0.001578569
0.001782656
0.001690865
0.001697779
0.001713991
0.001695395
0.001706600
0.001665592
0.001682520
0.001720190
0.001686811
0.001782179
0.001705408
0.001692295
0.001709938
0.001672506
0.001690626
0.001755714
0.001594305
0.001716375
0.001707554
0.001612663
0.001590252
0.001691580
0.001711369
0.001708508
0.001726151
0.001730680
0.001707554
0.001691103
0.001784801
0.001700640
0.001632690
0.001655102
0.001536369
0.001707315
0.001576900
0.001713514
0.012919664
0.001707077
0.001658201
0.001719236
0.001699448
0.001722336
0.001585245
0.001748085
0.001726627
0.001674175
0.001683950
0.001666784
0.012960434
0.001716852
0.012931108
0.001687765
0.001619339
0.001602650
0.012392521
0.001673222
0.001507998
0.001743555
0.001566648
0.001652241
0.001577854
0.001692057
0.001646996
0.001711369
0.001578808
0.001720667
0.001584530
0.001781702
0.001671553
