0.063650608
0.014312983
0.000146389
0.000156641
0.000204325
0.000179291
0.000204086
0.000182152
0.000185251
0.000153303
0.000224352
0.000240803
0.000237703
0.000254631
0.000255108
0.000278234
0.000228643
0.000236988
0.000277519
0.000282049
0.000254869
0.000297785
0.000262260
0.000288725
0.000279427
0.000253677
0.000278711
0.000253439
0.000310421
0.000287533
0.000263453
0.000240803
0.000281096
0.000277042
0.000287533
0.000254631
0.000293732
0.000296116
0.000279427
0.000278234
0.000280857
0.000280380
0.000260592
0.000293016
0.000292540
0.000281572
0.000260353
0.000279188
0.000280619
0.000279427
0.000279427
0.000278950
0.000283241
0.000235796
0.000280142
0.000278950
0.000257015
0.000275850
0.000280619
0.000287294
0.000224113
0.000237703
0.000253439
0.000286102
0.000371695
0.000275135
0.000277519
0.000278950
0.000303030
0.000415087
0.000292063
0.000290394
0.000277281
0.000288725
0.000277042
0.000286579
0.000281334
0.000318766
0.000260115
0.000239372
0.000262976
0.000231981
0.000225306
0.000227690
0.000226736
0.000248671
0.000263214
0.000250578
0.000240803
0.000230551
0.000240803
0.000258207
0.000251770
0.000266075
0.000263691
0.000250816
0.000262499
0.000214100
0.000247717
0.000262499
