0.011924982
0.000990629
0.001066446
0.011831284
0.001096487
0.001202583
0.001146793
0.001140118
0.001149893
0.001102209
0.001113653
0.001178503
0.001430988
0.001151800
0.001144171
0.001205921
0.001151323
0.001115084
0.001137495
0.011663198
0.001209736
0.001181364
0.001123428
0.001206875
0.001058102
0.001047134
0.001160145
0.001108885
0.001130819
0.001140833
0.001110792
0.001171589
0.001015186
0.001168013
0.001124382
0.001145363
0.001160860
0.000965834
0.001165867
0.001157999
0.001120090
0.001113415
0.001095772
0.001129389
0.001116514
0.001127243
0.001120090
0.001180649
0.001142263
0.011813164
0.001100540
0.001004457
0.001097441
0.001051664
0.001120567
0.001082897
0.001100779
0.001109123
0.001155615
0.001103163
0.001111746
0.001082897
0.001092672
0.001116037
0.001119614
0.001081944
0.001116753
0.001049519
0.001127958
0.001070976
0.001119852
0.001072407
0.001098633
0.000931025
0.001155138
0.001056433
0.001125574
0.001074791
0.001177311
0.001056910
0.001101494
0.001046419
0.001154661
0.001121044
0.001136303
0.001039982
0.001153231
0.001075983
0.001132011
0.001123667
0.001129150
0.001075268
0.001137733
0.001054049
0.001127005
0.000979662
0.001114130
0.001107693
0.001143932
0.001156569
