0.000200272
0.000216246
0.000218153
0.000224352
0.000223398
0.000223875
0.000287294
0.000211477
0.000277281
0.000250101
0.000214338
0.000224590
0.000210524
0.000228882
0.000236750
0.000225782
0.000225067
0.000194311
0.000211716
0.000222921
0.000236034
0.000264645
0.000267982
0.000243187
0.000212193
0.000211716
0.000212431
0.000210047
0.000202179
0.000209332
0.000224590
0.000209570
0.000210047
0.000212193
0.000222206
0.000224113
0.000210524
0.000222921
0.000210047
0.000211716
0.000226736
0.000224590
0.000224113
0.000237226
0.000225544
0.000223160
0.000223637
0.000256538
0.000225067
0.000222206
0.000208855
0.000284910
0.000272751
0.000206709
0.000211716
0.000237226
0.000237703
0.000212193
0.000224113
0.000315905
0.000238180
0.000219822
0.000220299
0.000219345
0.000194311
0.000220776
0.000219107
0.000222206
0.000221729
0.000218868
0.000275850
0.000237465
0.000220537
0.000220060
0.000194311
0.000220537
0.000248671
0.000206947
0.000221252
0.000246763
0.000220776
0.000244856
0.000211477
0.000220776
0.000225306
0.000209332
0.000220299
0.000219822
0.000220537
0.000209570
0.000221491
0.000219107
0.000235558
0.000195742
0.000198841
0.000219584
0.000222921
0.000238419
0.000225782
0.000183344
