0.000306606
0.000237465
0.000252962
0.000289202
0.000194550
0.000256300
0.000255823
0.000236750
0.000295877
0.000194073
0.000252724
0.000258207
0.000253916
0.000283003
0.000248671
0.000226736
0.000255585
0.000270844
0.000312328
0.000275850
0.000254631
0.000256538
0.000254393
0.000285149
0.000258684
0.000254869
0.000254154
0.000197172
0.000288486
0.000257969
0.000253439
0.000256300
0.000253677
0.000224829
0.000282049
0.000195503
0.000255108
0.000212193
0.000283957
0.000255108
0.000255346
0.000255823
0.000239611
0.000258446
0.000257015
0.000254154
0.000254869
0.000256777
0.000226974
0.000254869
0.000255108
0.000260353
0.000232697
0.000306368
0.000256538
0.000257492
0.000254154
0.000253677
0.000317574
0.000219822
0.000269413
0.000267744
0.000257730
0.000286818
0.000224829
0.000254631
0.000195742
0.000193119
0.000291586
0.000252962
0.000255346
0.000238895
0.000274181
0.000286818
0.000258446
0.000258207
0.000260353
0.000254393
0.000287294
0.000253439
0.000254631
0.000255108
0.000282049
0.000261545
0.000266552
0.000253677
0.000257730
0.000254869
0.000297546
0.000257492
0.000258207
0.000253201
0.000226498
0.000286579
0.000258446
0.000256777
0.000262022
0.000255823
0.000288963
0.000228643
