0.000212431
0.000235558
0.000216246
0.000218153
0.000254869
0.000241995
0.000213385
0.000241041
0.000224113
0.000213623
0.000212669
0.000238895
0.000225782
0.000224590
0.000228643
0.000227928
0.000225306
0.000235558
0.000223637
0.000298023
0.000225306
0.000222683
0.000216961
0.000236273
0.000243902
0.000210285
0.000223875
0.000240326
0.000223160
0.000211239
0.000208378
0.000239849
0.000222921
0.000237465
0.000223160
0.000205755
0.000229836
0.000205994
0.000205755
0.000205755
0.000211477
0.000224352
0.000229120
0.000268459
0.000212193
0.000223160
0.000223398
0.000239849
0.000225067
0.000221014
0.000226498
0.000226974
0.000225782
0.000255585
0.000222921
0.000225544
0.000223875
0.000222683
0.000225782
0.000225306
0.000212669
0.000211477
0.000211477
0.000234127
0.000211954
0.000235319
0.000252008
0.000205994
0.000239134
0.000224113
0.000216007
0.000226259
0.000214100
0.000242472
0.000226974
0.000224829
0.000206470
0.000212193
0.000230551
0.000228882
0.000226974
0.000224829
0.000217199
0.000223637
0.000231028
0.000240088
0.000225782
0.000208139
0.000226021
0.000180006
0.000225782
0.000242472
0.000226736
0.000237942
0.000207901
0.000225544
0.000225782
0.000236750
0.000226498
0.000219822
