0.000332594
0.000293732
0.000257015
0.000340462
0.000318050
0.000234604
0.000262260
0.000295162
0.000289679
0.000332832
0.000264645
0.000323296
0.000295639
0.000333309
0.000321388
0.000255346
0.000313997
0.000313520
0.000339508
0.000290155
0.000521898
0.000293732
0.000290632
0.000252247
0.000349760
0.000262976
0.000312090
0.000328302
0.000331402
0.000272274
0.000251532
0.000383377
0.000222206
0.000273705
0.000253677
0.000253677
0.000240564
0.000230312
0.000252724
0.000286341
0.000276804
0.000350714
0.000308514
0.000268459
0.000292778
0.000317335
0.000316381
0.000299215
0.000284195
0.000292301
0.000356913
0.000341415
0.000316620
0.000266314
0.000266552
0.000321627
0.000304699
0.000331640
0.000313282
0.000355482
0.000271320
0.000262499
0.000248194
0.000365973
0.000268698
0.000320911
0.000294209
0.000278950
0.000264168
0.000221729
0.000319242
0.000321388
0.000332117
0.000305176
0.000310659
0.000355959
0.000271082
0.000255108
0.000324726
0.000291824
0.000283480
0.000389576
0.000248671
0.000278950
0.000435114
0.000278473
0.000274181
0.000562429
0.000302553
0.000245333
0.000255585
0.000269651
0.000325203
0.000286818
0.000266075
0.000279903
0.000290394
0.000277281
0.000299931
0.000293732
