0.000252485
0.000221729
0.000191927
0.000226021
0.000259876
0.000258446
0.000253916
0.000475407
0.000270844
0.000302792
0.000214338
0.000204086
0.000207663
0.000204325
0.000212908
0.000194550
0.000297546
0.000252485
0.000228167
0.000191689
0.000180244
0.000187635
0.000217676
0.000201702
0.000174046
0.000187635
0.000180006
0.000235796
0.000226974
0.000178814
0.000187874
0.000207663
0.000303030
0.000304222
0.000278234
0.000243664
0.000239134
0.000228405
0.000194788
0.000308752
0.000303745
0.000332832
0.000301361
0.000354290
0.000278950
0.000321150
0.000317574
0.000298500
0.000334978
0.000317812
0.000310421
0.000313282
0.000310659
0.000309944
0.000320435
0.000327587
0.000332355
0.000294447
0.000276566
0.000369310
0.000241995
0.000219345
0.000245810
0.000242233
0.000299931
0.000246763
0.000252247
0.000261307
0.000268459
0.000366688
0.000292540
0.000264406
0.000272512
0.000287533
0.000473261
0.000256777
0.000314951
0.000336885
0.000325441
0.000279665
0.000592470
0.000277281
0.000288963
0.000270367
0.000298738
0.000226974
0.000264883
0.000254393
0.000206709
0.000181675
0.000225544
0.000271559
0.000207901
0.000213861
0.000215530
0.000206232
0.000303030
0.000303268
0.000310898
0.000333786
