0.029806137
0.016571999
0.015612125
0.016043186
0.017289639
0.016906977
0.014175177
0.015727282
0.027454376
0.017035007
0.016330481
0.016696930
0.015855312
0.016077518
0.016313314
0.014047623
0.016356707
0.023866177
0.017222643
0.017183065
0.014380217
0.014679909
0.024760485
0.016101122
0.014348269
0.016283751
0.016238451
0.015932560
0.015139818
0.015143871
0.014938354
0.014176130
0.015870094
0.023085117
0.030368090
0.017742872
0.016061544
0.015960455
0.014491081
0.033085108
0.030722857
0.017273188
0.015988827
0.016417265
0.016815424
0.016658783
0.015967607
0.018332720
0.014866352
0.016448498
0.016522169
0.016234159
0.028653145
0.016375542
0.015543222
0.016263008
0.014435530
0.015295982
0.016428709
0.016694069
0.012771368
0.024873257
0.015705824
0.018745661
0.016484737
0.014668226
0.016802311
0.025052547
0.016385794
0.016427755
0.016583443
0.016100645
0.016084909
0.015287399
0.016014814
0.016822338
0.015172482
0.026082039
0.020911455
0.015895605
0.015789747
0.016255856
0.016584158
0.015509129
0.023125172
0.016538858
0.016258240
0.014421701
0.016528845
0.022706509
0.016607285
0.015370607
0.017083883
0.014922380
0.015867472
0.015727758
0.015747786
0.017247915
0.014751196
0.014660120
