0.001353264
0.001275301
0.001465797
0.001420498
0.001434326
0.001430273
0.001509905
0.001490116
0.001245975
0.001316786
0.001403570
0.001388073
0.001409054
0.001454115
0.001426220
0.001392126
0.001430273
0.001423597
0.001430750
0.001478910
0.001502037
0.001391411
0.001382589
0.001421690
0.001417875
0.001445293
0.001484156
0.001350164
0.001548529
0.001390219
0.001301765
0.001319647
0.001502752
0.001512527
0.001463413
0.001400471
0.001415253
0.001560926
0.001393080
0.001438856
0.001430511
0.001404762
0.001385689
0.001271009
0.001362562
0.001479149
0.001386881
0.001366138
0.001482487
0.001444340
0.001314163
0.001468182
0.001444340
0.001519680
0.001287937
0.001321554
0.001301289
0.001378775
0.001404762
0.001400948
0.001498461
0.001569510
0.001199722
0.001395941
0.001441717
0.001515865
0.001304150
0.001343489
0.001272202
0.001383543
0.001403093
0.001448870
0.001311302
0.001375675
0.001414061
0.001544237
0.001367331
0.001438379
0.001342773
0.001529932
0.001373291
0.001492023
0.001235008
0.001429558
0.001457453
0.001405239
0.001381636
0.001468658
0.001410961
0.001486778
0.001313448
0.001279354
0.001360655
0.001463652
0.001275778
0.001407862
0.001389265
0.001491070
0.001340628
0.001522064
