0.000781775
0.000748873
0.000793219
0.000751734
0.000771523
0.000761509
0.000768185
0.000811577
0.000738621
0.000775337
0.000746965
0.000782490
0.000742197
0.000765562
0.000764132
0.000827312
0.000768423
0.000791788
0.000798225
0.000787735
0.000810623
0.000804901
0.000862837
0.000787973
0.000797272
0.000797510
0.000807524
0.000808001
0.000656128
0.000785589
0.000786066
0.000775337
0.000730753
0.000816584
0.000816584
0.000812531
0.000796080
0.000794411
0.000755072
0.000773907
0.000784636
0.000833035
0.000780582
0.000795603
0.000785351
0.000796795
0.000759840
0.000777245
0.000803709
0.000813007
0.000759125
0.000866175
0.000756502
0.000822067
0.000742197
0.000777245
0.000797987
0.000806570
0.000783682
0.000806570
0.000799179
0.000836372
0.000782013
0.000831366
0.000791311
0.000794172
0.000776291
0.000919580
0.000802040
0.000763893
0.000796080
0.000814438
0.000779629
0.000832796
0.000783920
0.000792027
0.000730991
0.000810623
0.000741720
0.000792027
0.000774145
0.000807762
0.000770092
0.000785828
0.000757217
0.000788212
0.000761509
0.000891685
0.000755787
0.000773907
0.000696898
0.000811577
0.000875473
0.000758886
0.000769615
0.000778913
0.000772715
0.000770569
0.000767708
0.000774622
