0.000342369
0.000343323
0.000271082
0.000337839
0.000403404
0.000332117
0.000330448
0.000375509
0.000366211
0.000335455
0.000343800
0.000323296
0.000362873
0.000342607
0.000345469
0.000375986
0.000341892
0.000322819
0.000343323
0.000315905
0.000384331
0.000360012
0.000348806
0.000383377
0.000371456
0.000343800
0.000343323
0.000363827
0.000341415
0.000340223
0.000381708
0.000281096
0.000336170
0.000331640
0.000321627
0.000330687
0.000361443
0.000363111
0.000348330
0.000357628
0.000349283
0.000373602
0.000354052
0.000344753
0.000309944
0.000368595
0.000370264
0.000335217
0.000395775
0.000346661
0.000368118
0.000350237
0.000363827
0.000350475
0.000352144
0.000361681
0.000379324
0.000336885
0.000315428
0.000566721
0.000344515
0.000304222
0.000334263
0.000339031
0.000318050
0.000549793
0.000296354
0.000324249
0.000356674
0.000328541
0.000324488
0.000359535
0.000361681
0.000323534
0.000376463
0.000356913
0.000396967
0.000363588
0.000266075
0.000292301
0.000328541
0.000333548
0.000332832
0.000321150
0.000375032
0.000402451
0.000343561
0.000334024
0.000328064
0.000323296
0.000324249
0.000300646
0.000317574
0.000293255
0.000380754
0.000343323
0.000344515
0.000316143
0.000335455
0.000365734
