0.000423908
0.000437021
0.000483036
0.000423908
0.000474691
0.000441551
0.000397205
0.000414133
0.000392914
0.000394106
0.000408649
0.000464678
0.000419378
0.000468254
0.000439644
0.000421286
0.000445604
0.000437498
0.000426292
0.000427485
0.000474930
0.000390053
0.000416756
0.000451565
0.000376225
0.000394583
0.000461102
0.000413656
0.000391722
0.000453949
0.000414610
0.000446558
0.000462294
0.000431776
0.000439167
0.000437975
0.000400305
0.000415802
0.000422716
0.000423431
0.000442028
0.000452042
0.000466585
0.000412941
0.000467062
0.000428200
0.000414610
0.000426531
0.000424147
0.000437975
0.000505924
0.000427485
0.000469923
0.000478745
0.000470161
0.000445366
0.000498533
0.000412226
0.000418663
0.000531912
0.000406265
0.000405073
0.000465631
0.000406742
0.000414610
0.000481606
0.000468254
0.000470877
0.000480890
0.000390053
0.000431061
0.000433922
0.000414371
0.000440836
0.000454664
0.000403404
0.000451088
0.000431299
0.000427723
0.000420332
0.000453472
0.000451803
0.000411749
0.000462055
0.000499010
0.000417471
0.000499487
0.000451326
0.000461817
0.000427246
0.000512362
0.000396490
0.000474215
0.000413656
0.000461817
0.000442505
0.000413179
0.000450373
0.000451803
0.000410557
