0.015133142
0.008903503
0.008651018
0.008447886
0.014234543
0.008363724
0.015980244
0.008514404
0.008344412
0.007345438
0.008383036
0.014864683
0.007724285
0.008725882
0.008414984
0.008126020
0.008766890
0.015526772
0.008913040
0.014994383
0.007762432
0.014674425
0.008897781
0.008273840
0.008630037
0.007152081
0.008023500
0.008231163
0.007544041
0.008190155
0.007302761
0.008118391
0.007672071
0.008258581
0.007772207
0.007755995
0.014560461
0.008502960
0.008135796
0.008329391
0.008266687
0.008589029
0.008442163
0.013779879
0.008182764
0.008333206
0.008021355
0.008260727
0.008368731
0.008285761
0.008322716
0.008078575
0.008362293
0.008667231
0.008291960
0.008575201
0.008160114
0.008287430
0.008411884
0.008339167
0.008087397
0.007989407
0.017995596
0.007624149
0.006973267
0.007723093
0.008293867
0.008491278
0.007097244
0.007507801
0.007839441
0.007990360
0.007214785
0.007442474
0.007233620
0.008283377
0.007056952
0.007064104
0.016799212
0.007182360
0.006991386
0.007900476
0.007248402
0.007407665
0.007264137
0.007075310
0.007021904
0.007998466
0.007807255
0.008186102
0.007352114
0.007233620
0.007460833
0.007530212
0.017326355
0.007738590
0.025044680
0.007394314
0.014714241
0.007822514
