0.000302792
0.000264645
0.000255346
0.000231981
0.000237465
0.000267506
0.000250101
0.000259638
0.000359297
0.000305891
0.000304699
0.000306129
0.000310898
0.000321627
0.000301600
0.000293493
0.000293016
0.000248909
0.000306606
0.000266552
0.000262499
0.000309706
0.000253439
0.000238419
0.000228882
0.000203371
0.000227928
0.000320911
0.000286579
0.000282526
0.000277042
0.000288248
0.000311136
0.000279903
0.000242472
0.000295877
0.000274658
0.000220299
0.000258207
0.000251770
0.000275373
0.000289917
0.000265837
0.000255346
0.000291824
0.000293970
0.000297546
0.000330925
0.000302315
0.000283480
0.000366926
0.000265837
0.000282526
0.000246048
0.000223398
0.000239372
0.000273943
0.000225544
0.000256538
0.000271559
0.000269175
0.000307798
0.000252485
0.000326633
0.000249386
0.000291824
0.000267982
0.000250578
0.000243187
0.000258923
0.000251055
0.000303030
0.000325680
0.000249863
0.000343084
0.000254154
0.000264168
0.000250101
0.000250816
0.000270367
0.000263453
0.000290871
0.000300884
0.000233173
0.000286341
0.000242710
0.000232220
0.000200748
0.000195742
0.000294924
0.000267982
0.000295639
0.000204325
0.000231981
0.000243664
0.000282526
0.000231504
0.000264406
0.000191450
0.000194073
