0.000355005
0.000306606
0.000360250
0.000387430
0.000373363
0.000367880
0.000370979
0.000381470
0.000348091
0.000404596
0.000371218
0.000386953
0.000382900
0.000427246
0.000386477
0.000360489
0.000391006
0.000371695
0.000417709
0.000317812
0.000382662
0.000390291
0.000394344
0.000567436
0.000379324
0.000365257
0.000363827
0.000335217
0.000524282
0.000345945
0.000334024
0.000329018
0.000389576
0.000396729
0.000361681
0.000327110
0.000373363
0.000370264
0.000373602
0.000370741
0.000352383
0.000367880
0.000375271
0.000369787
0.000408888
0.000374079
0.000401020
0.000362396
0.000335932
0.000384569
0.000364065
0.000359535
0.000347614
0.000429869
0.000330210
0.000321627
0.000325441
0.000318766
0.000356913
0.000554085
0.000310421
0.000329018
0.000279188
0.000416040
0.000281334
0.000298023
0.000358582
0.000360012
0.000371218
0.000328302
0.000361681
0.000351667
0.000367403
0.000372410
0.000391960
0.000334978
0.000335693
0.000359774
0.000426531
0.000356197
0.000344038
0.000313997
0.000375986
0.000356674
0.000330448
0.000353575
0.000355482
0.000410080
0.000406981
0.000345945
0.000354528
0.000341177
0.000363350
0.000373840
0.000307083
0.000319004
0.000315189
0.000358105
0.000395536
0.000352859
