0.000271559
0.000262737
0.000274897
0.000187874
0.000516891
0.000223637
0.000179052
0.000228643
0.000198364
0.000253439
0.000298023
0.000179768
0.000209570
0.000288725
0.000197411
0.000277042
0.000190020
0.000194550
0.000190020
0.000200033
0.000243902
0.000237703
0.000250578
0.000253677
0.000199795
0.000394583
0.000287533
0.000238657
0.000243902
0.000241995
0.000246763
0.000222921
0.000199318
0.000308037
0.000226498
0.000268221
0.000268459
0.000355005
0.000174046
0.000211716
0.000280857
0.000250578
0.000220776
0.000181675
0.000354767
0.000346661
0.000255823
0.000191927
0.000287294
0.000266790
0.000286579
0.000238180
0.000200033
0.000227451
0.000258684
0.000286818
0.000308752
0.000188589
0.000261545
0.000246763
0.000187874
0.000184298
0.000205040
0.000213623
0.000221968
0.000196457
0.000258207
0.000259876
0.000204563
0.000242472
0.000426292
0.000312567
0.000342131
0.000242710
0.000203371
0.000241756
0.000213146
0.000185251
0.000267267
0.000231981
0.000205040
0.000209808
0.000284672
0.000200510
0.000219107
0.000197649
0.000200510
0.000191450
0.000206709
0.000302553
0.000223637
0.000230789
0.000256062
0.000240326
0.000201225
0.000187635
0.000238180
0.000229359
0.000282288
0.000238419
