0.005338430
0.004524469
0.004508018
0.004408360
0.004347801
0.004089832
0.004474640
0.004308939
0.014296770
0.004302263
0.004363298
0.004243135
0.004005671
0.004262686
0.004561663
0.004404783
0.016852140
0.005485535
0.004130363
0.004101038
0.004033089
0.004634857
0.004494190
0.005156755
0.004576445
0.004263639
0.013434649
0.004396915
0.004125834
0.003727674
0.004382849
0.003939390
0.005076408
0.004567146
0.003746271
0.003785372
0.004817009
0.004330397
0.003964663
0.003731012
0.003970861
0.004817486
0.004272938
0.003784657
0.004380703
0.005514860
0.004144430
0.004119635
0.004872561
0.004076004
0.003805876
0.004421473
0.003855228
0.004121304
0.004302979
0.005065203
0.004402399
0.004539013
0.004361868
0.004765272
0.004624367
0.004598618
0.004159451
0.003932714
0.004283190
0.005019903
0.004594088
0.004321575
0.004459143
0.004215717
0.004463196
0.004255056
0.015832424
0.004712343
0.004349470
0.004112482
0.004225969
0.004517794
0.004914522
0.005504131
0.004486561
0.005008698
0.004367352
0.004086494
0.004554033
0.005208731
0.004448175
0.004510641
0.004373312
0.004664183
0.004059792
0.004120111
0.004140377
0.004317999
0.004477024
0.004194021
0.004791975
0.004204035
0.004236937
0.012468338
