0.011746407
0.022959948
0.001620531
0.001744032
0.001574039
0.001442909
0.001640081
0.001518250
0.001483440
0.001621962
0.001601696
0.001621962
0.001472712
0.001437187
0.001513720
0.001593590
0.012115240
0.001483917
0.002215147
0.001510143
0.001618624
0.001479387
0.001582623
0.001493692
0.011806726
0.001592636
0.001539469
0.012284756
0.001508713
0.001625776
0.001478195
0.001634121
0.001526594
0.001393080
0.001489878
0.001625061
0.011734486
0.001642704
0.001597881
0.001439810
0.001440287
0.001347303
0.012242556
0.001623392
0.001537800
0.001528025
0.001628876
0.001515388
0.001599312
0.001430035
0.001494646
0.001640797
0.011971951
0.001607180
0.001748562
0.001486540
0.001502514
0.001605988
0.001575232
0.001486778
0.001421690
0.001493692
0.001480341
0.001585245
0.001642942
0.001649857
0.011772394
0.001479864
0.001664400
0.001610279
0.001435041
0.001484394
0.001585007
0.012229681
0.001558542
0.001461267
0.001495600
0.011810780
0.001550198
0.001550674
0.001638889
0.001619577
0.011781931
0.001532078
0.001602650
0.001438141
0.001512289
0.001648188
0.001503944
0.001605272
0.001604795
0.001513481
0.001597643
0.001518250
0.001524210
0.001414537
0.001610518
0.001641035
0.001647472
0.001499653
0.011789560
0.001441002
0.001373291
0.001447916
0.001369238
0.001368046
0.001410484
0.001350641
0.001371622
0.001396418
0.001349211
0.001381636
0.001383066
0.001424789
0.001405478
0.001382828
0.001377344
0.001416206
0.001445770
0.001415253
