0.000334740
0.000255585
0.000297546
0.000283480
0.000292540
0.000300646
0.000281811
0.000299454
0.000291348
0.000289440
0.000327349
0.000293970
0.000321388
0.000280857
0.000298977
0.000325441
0.000303268
0.000293255
0.000361919
0.000240326
0.000293016
0.000327349
0.000295162
0.000293016
0.000266314
0.000264406
0.000296831
0.000294209
0.000260353
0.000305176
0.000298262
0.000265598
0.000293493
0.000322819
0.000303984
0.000294447
0.000297785
0.000298023
0.000302076
0.000308037
0.000329256
0.000291586
0.000263691
0.000328064
0.000262260
0.000262499
0.000299692
0.000294447
0.000297546
0.000293016
0.000293732
0.000326157
0.000349045
0.000294447
0.000295162
0.000296354
0.000313520
0.000347853
0.000292778
0.000294447
0.000292301
0.000352621
0.000281096
0.000278711
0.000312328
0.000315189
0.000293493
0.000308752
0.000326633
0.000294209
0.000293970
0.000301361
0.000334978
0.000310421
0.000294924
0.000311613
0.000316143
0.000293016
0.000313282
0.000313520
0.000264406
0.000313997
0.000344515
0.000290394
0.000265837
0.000319004
0.000348330
0.000311613
0.000339508
0.000360966
0.000293493
0.000313520
0.000351667
0.000320673
0.000255823
0.000295401
0.000312090
0.000322580
0.000298262
0.000325918
0.000293016
0.000294209
0.000321388
0.000300884
0.000291348
0.000293016
0.000272274
0.000312567
0.000312805
0.000296831
0.000259638
0.000333309
0.000295162
0.000294209
0.000290871
0.000289440
0.000294685
0.000299931
0.000295877
0.000284672
