0.011651039
0.011644125
0.000680685
0.000629663
0.000683546
0.000625849
0.000679731
0.000663042
0.000586033
0.000558615
0.000679970
0.000682831
0.000596523
0.000664711
0.000661135
0.000611305
0.000688791
0.000619411
0.000605822
0.000597715
0.000690460
0.000689268
0.000664234
0.000593185
0.000595331
0.000653982
0.000609398
0.000663042
0.000686169
0.000663519
0.000588894
0.000619888
0.000655174
0.000671148
0.000588655
0.000663280
0.000873566
0.000568390
0.000617743
0.000662327
0.000588179
0.000663042
0.000540018
0.000684261
0.000655651
0.000717878
0.000691175
0.000623465
0.000609398
0.000684500
0.000665426
0.000685453
0.000609875
0.000681400
0.000588179
0.000667334
0.000613451
0.000620365
0.000604630
0.000578403
0.000667572
0.000712156
0.000595570
0.000580788
0.000586748
0.000653505
0.000679255
0.000603914
0.000676870
0.000692606
0.000620604
0.000587463
0.000669718
0.000598907
0.000591993
0.000664711
0.000645399
0.000657797
0.000602007
0.000677347
0.000591755
0.000567913
0.000642538
0.000586033
0.000634909
0.000683784
0.000594139
0.000664711
0.000585318
0.000678301
0.000577211
0.000707388
0.000591755
0.000592470
0.000656128
0.000648737
0.000596762
0.000614166
0.000583410
0.000679970
0.000662088
0.000575781
0.000591278
0.000590086
0.000574350
0.000588655
0.000575542
0.000577688
0.000620604
0.000580311
0.000633955
0.000591516
0.000617027
0.000607967
0.000584841
0.000601292
0.000578403
0.000603676
0.000599384
0.000671387
