0.013517857
0.000251293
0.000239134
0.000235319
0.000251532
0.000235558
0.000262022
0.000247002
0.000234127
0.000259399
0.000248194
0.000269413
0.000250578
0.000246763
0.000293016
0.000236988
0.000250340
0.000265598
0.000247955
0.000277042
0.000241041
0.000244379
0.000251293
0.000298977
0.000247002
0.000235558
0.000247955
0.000237703
0.000249863
0.000290394
0.000242949
0.000251532
0.000250340
0.000287533
0.000253916
0.000248909
0.000231981
0.000246525
0.000234842
0.000245094
0.000249624
0.000264883
0.000235558
0.000266314
0.000233412
0.000233412
0.000248194
0.000277281
0.000248194
0.000267267
0.000249386
0.000248909
0.000250578
0.000248671
0.000248432
0.000248432
0.000289202
0.000248194
0.000235081
0.000243187
0.000245094
0.000248432
0.000286341
0.000282288
0.000271320
0.000233173
0.000247002
0.000247955
0.000246525
0.000247717
0.000245333
0.000246763
0.000248194
0.000240088
0.000296593
0.000267506
0.000233173
0.000236034
0.000246286
0.000279188
0.000286102
0.000247002
0.000248194
0.000247955
0.000245571
0.000251532
0.000250101
0.000247240
0.000247478
0.000246048
0.000246286
0.000246048
0.000246048
0.000234842
0.000269890
0.000266552
0.000250340
0.000233889
0.000251770
0.000248432
0.000273466
0.000249386
0.000242472
0.000259638
0.000234365
0.000240803
0.000236273
0.000231981
0.000248671
0.000235319
0.000235081
0.000249386
0.000248194
0.000254154
0.000296593
0.000250101
0.000234842
0.000236750
0.000262499
0.000267744
