0.011751413
0.000968695
0.001088858
0.000877380
0.001008511
0.000982761
0.001036406
0.000964880
0.000976801
0.000955820
0.000935078
0.000999928
0.000900745
0.000909567
0.000884295
0.001018763
0.001023293
0.001077652
0.000976324
0.000901461
0.001070261
0.011663675
0.000871658
0.001008034
0.001019001
0.000874043
0.001019001
0.011907578
0.001004696
0.000951290
0.000894070
0.000970125
0.001085758
0.000893831
0.001007795
0.000999689
0.000898123
0.000928879
0.001023531
0.001009941
0.001027107
0.001026392
0.001009226
0.000936031
0.001016617
0.000983000
0.000908375
0.001021385
0.001008272
0.000963688
0.000965118
0.001035929
0.000997543
0.000908136
0.000882864
0.000912428
0.001021862
0.001003265
0.000858068
0.001025915
0.000872374
0.000903606
0.001078606
0.000913143
0.001092911
0.001062870
0.000959873
0.000990629
0.001011372
0.001092196
0.000969887
0.000883818
0.000959873
0.001032591
0.000864744
0.001065969
0.000893354
0.000863552
0.001079798
0.000888348
0.000897169
0.000909567
0.000919580
0.001017809
0.000939608
0.001036882
0.001019001
0.000918865
0.000998259
0.000988007
0.000894070
0.000844717
0.001084089
0.001013279
0.000902176
0.001016140
0.000969887
0.000991106
0.000966072
0.001027822
0.000921249
0.000916004
0.000948429
0.000945330
0.000913620
0.000868320
0.000859261
0.000886202
0.000931025
0.000940323
0.000854015
0.000930786
0.000937462
0.000862837
0.000919580
0.000824451
0.000931263
0.000922680
0.000865698
0.000914812
