0.000505209
0.012001276
0.000381470
0.000429869
0.000431299
0.000421286
0.000382662
0.000419140
0.000397682
0.000383615
0.000422716
0.000439644
0.000378609
0.000432491
0.000384092
0.000425339
0.000385761
0.000437260
0.000376463
0.000421524
0.000388384
0.000433683
0.000381470
0.000400543
0.000490665
0.000417709
0.000420094
0.000396252
0.000382423
0.000420094
0.000422001
0.000391006
0.000422478
0.000430107
0.000417948
0.000385046
0.000420332
0.000391960
0.000505686
0.000419617
0.000440836
0.000420094
0.000393391
0.000415564
0.000428677
0.000426292
0.000390053
0.000392675
0.000421286
0.000391722
0.000459433
0.000519037
0.000419378
0.000391006
0.000488520
0.000381708
0.000392437
0.000399113
0.000472784
0.000429869
0.000417471
0.000383615
0.000367165
0.000426531
0.000431538
0.000404596
0.000430822
0.000422478
0.000379324
0.000391722
0.000420332
0.000456095
0.000416279
0.000416517
0.000379086
0.000451803
0.000390768
0.000441790
0.000381947
0.000394821
0.000385046
0.000418425
0.000392199
0.000428677
0.000420809
0.000420332
0.000397444
0.000429392
0.000424623
0.000387430
0.000418425
0.000429869
0.000382662
0.000380516
0.000380993
0.000417471
0.000421524
0.000435591
0.000426054
0.000522852
0.000394583
0.000379562
0.000389338
0.000406981
0.000378847
0.000375986
0.000379562
0.000386238
0.000425339
0.000385761
0.000374317
0.000383139
0.000381708
0.000393152
0.000372171
0.000383615
0.000386000
0.000384808
0.000406265
0.000438452
