0.000238419
0.000237465
0.000235319
0.000252485
0.000239372
0.000248909
0.000258207
0.000289440
0.000251293
0.000239611
0.000253439
0.000249147
0.000248432
0.000244856
0.000268936
0.000243664
0.000288725
0.000238895
0.000298262
0.000262737
0.000250816
0.000287533
0.000238895
0.000250340
0.000251532
0.000291824
0.000230074
0.000254154
0.000239134
0.000253916
0.000252485
0.000274658
0.000287533
0.000249386
0.000256300
0.000252008
0.000247002
0.000252724
0.000241518
0.000241041
0.000238419
0.000291109
0.000240088
0.000262022
0.000251055
0.000240803
0.000290632
0.000252247
0.000262499
0.000253201
0.000289440
0.000287771
0.000289202
0.000250816
0.000314236
0.000252247
0.000289440
0.000250578
0.000262022
0.000243664
0.000245571
0.000251293
0.000240803
0.000276089
0.000239372
0.000255823
0.000238657
0.000236034
0.000256538
0.000291348
0.000251532
0.000251293
0.000237703
0.000264168
0.000250340
0.000247478
0.000252247
0.000256062
0.000238895
0.000287056
0.000252485
0.000290155
0.000247955
0.000236750
0.000248432
0.000250816
0.000319004
0.000250340
0.000258207
0.000287294
0.000244856
0.000250340
0.000287294
0.000250816
0.000296831
0.000250101
0.000243902
0.000252724
0.000249624
0.000250101
0.000243902
0.000258207
0.000286818
0.000249386
0.000249863
0.000251293
0.000261545
0.000240088
0.000247240
0.000247955
0.000252008
0.000246763
0.000237226
0.000265598
0.000249863
0.000236988
0.000288010
0.000250101
0.000250340
0.000243425
