0.000365734
0.000303030
0.000362158
0.000321627
0.000364304
0.000322819
0.000321150
0.000363827
0.000310898
0.000321150
0.000300407
0.000321150
0.000321150
0.000345707
0.000310183
0.000322104
0.000348330
0.000317335
0.000261784
0.000321388
0.000362158
0.000321865
0.000321388
0.000321388
0.000488043
0.000323057
0.000320435
0.000361204
0.000322342
0.000319481
0.000363350
0.000355244
0.000367641
0.000313997
0.000329494
0.000289917
0.000365973
0.000325680
0.000332355
0.000318050
0.000322104
0.000354290
0.000323057
0.000321865
0.000306368
0.000344992
0.000318527
0.000305176
0.000321865
0.000358343
0.000304937
0.000321865
0.000319719
0.000368595
0.000368118
0.000320911
0.000321150
0.000321627
0.000368595
0.000321627
0.000342846
0.000305653
0.000313997
0.000324011
0.000362158
0.000323772
0.000295639
0.000364542
0.000314713
0.000322580
0.000312805
0.000361681
0.000308037
0.000321150
0.000363350
0.000320196
0.000325441
0.000322819
0.000319242
0.000326395
0.000359774
0.000321388
0.000320911
0.000364542
0.000323772
0.000322819
0.000311613
0.000364780
0.000323296
0.000321388
0.000320196
0.000322104
0.000360966
0.000322580
0.000321150
0.000322580
0.000358820
0.000323296
0.000301361
0.000321388
0.000359058
0.000318527
0.000298262
0.000317574
0.000299454
0.000317097
0.000316858
0.000317812
0.000300646
0.000301600
0.000318289
0.000317574
0.000317335
0.000304461
0.000315189
0.000318289
0.000320435
0.000317335
0.000316858
0.000329256
