0.013061285
0.023768425
0.012654781
0.002911806
0.002483368
0.002503395
0.002820253
0.002449274
0.002838612
0.002799749
0.002872705
0.002510548
0.002847672
0.002877235
0.012501955
0.002485514
0.012905598
0.002455711
0.002912045
0.002492666
0.002918482
0.002438068
0.002915382
0.002844095
0.002459049
0.002619743
0.002885580
0.002809286
0.002419710
0.012434244
0.002843618
0.002369881
0.002839327
0.002392769
0.002903700
0.002460718
0.002826452
0.002384186
0.002760410
0.002442837
0.002872705
0.002851725
0.002504110
0.002859116
0.002602577
0.002881289
0.002840519
0.002810240
0.002448082
0.002461672
0.002837896
0.002417326
0.002868652
0.012139320
0.002824783
0.011900187
0.002780914
0.002568245
0.012171984
0.002296448
0.002394438
0.002849817
0.002641916
0.002601147
0.002831936
0.002808332
0.002377987
0.003014088
0.002428770
0.002886295
0.011857271
0.011753082
0.003063917
0.002902508
0.023491144
0.002444267
0.002462626
0.003004551
0.002836466
0.012034178
0.002860069
0.002805233
0.011817932
0.002850294
0.002380610
0.002768993
0.002402782
0.002839804
0.011876106
0.002386808
0.012720823
0.002835035
0.002917051
0.002407789
0.002848387
0.002438545
0.002411127
0.002476215
0.002409935
0.012503624
0.002801657
0.002308846
0.002324104
0.002318144
0.002310991
0.002386332
0.002366781
0.002398014
0.002377748
0.011842966
0.002337217
0.002342701
0.002430439
0.002311945
0.002394915
0.002290726
0.002362967
0.002310753
0.002337456
0.002595186
