0.000233650
0.000200987
0.000255585
0.000254631
0.000239134
0.000196457
0.000283003
0.000253677
0.000253201
0.000254869
0.000213861
0.000249863
0.000239849
0.000254631
0.000240088
0.000254154
0.000255823
0.000228167
0.000286818
0.000215769
0.000228643
0.000240088
0.000214338
0.000254869
0.000216722
0.000252247
0.000220060
0.000242472
0.000220776
0.000214338
0.000232697
0.000256062
0.000216246
0.000241041
0.000256300
0.000255108
0.000213623
0.000229836
0.000257254
0.000214577
0.000226259
0.000241995
0.000269651
0.000217438
0.000255585
0.000266314
0.000255346
0.000216961
0.000214577
0.000202894
0.000209808
0.000239849
0.000236273
0.000255108
0.000239849
0.000255346
0.000256062
0.000213623
0.000216007
0.000253439
0.000228405
0.000216246
0.000256062
0.000250816
0.000216246
0.000215769
0.000199080
0.000241756
0.000255823
0.000240564
0.000254869
0.000216007
0.000274897
0.000205278
0.000242710
0.000217438
0.000215292
0.000254154
0.000212908
0.000251532
0.000216961
0.000217199
0.000254869
0.000277281
0.000215769
0.000229597
0.000253439
0.000208855
0.000255346
0.000205517
0.000255585
0.000254869
0.000214815
0.000215054
0.000201464
0.000241518
0.000255108
0.000254154
0.000254631
0.000217438
0.000250578
0.000253201
0.000239849
0.000253201
0.000215769
0.000239611
0.000214100
0.000212193
0.000196934
0.000230551
0.000255108
0.000264645
0.000252485
0.000256538
0.000238180
0.000214577
0.000253916
0.000252247
0.000252962
0.000220537
