0.000255108
0.000235319
0.000250816
0.000245333
0.000250816
0.000249386
0.000252247
0.000250101
0.000251532
0.000276566
0.000239134
0.000250816
0.000243425
0.000288248
0.000250816
0.000251770
0.000238895
0.000288963
0.000256777
0.000239134
0.000262260
0.000288486
0.000252247
0.000243664
0.000461102
0.000251770
0.000287294
0.000253677
0.000246286
0.000277758
0.000253201
0.000290632
0.000295877
0.000252962
0.000265360
0.000252008
0.000238419
0.000241041
0.000256062
0.000269413
0.000239849
0.000289202
0.000268459
0.000257015
0.000267982
0.000289440
0.000291586
0.000249624
0.000280619
0.000249624
0.000288963
0.000253677
0.000250578
0.000297546
0.000248671
0.000254631
0.000262022
0.000251293
0.000238180
0.000252485
0.000253916
0.000242233
0.000254154
0.000222445
0.000250816
0.000246525
0.000250101
0.000238895
0.000262737
0.000251532
0.000250816
0.000242472
0.000262022
0.000319242
0.000290632
0.000254631
0.000249863
0.000296116
0.000293970
0.000272989
0.000249863
0.000250340
0.000237226
0.000247717
0.000302553
0.000251293
0.000239372
0.000252008
0.000237465
0.000289679
0.000238180
0.000223637
0.000250816
0.000252247
0.000249863
0.000250816
0.000284672
0.000251770
0.000251770
0.000275373
0.000239611
0.000290394
0.000250816
0.000256300
0.000250340
0.000252485
0.000236988
0.000248671
0.000248671
0.000235796
0.000237703
0.000249147
0.000287533
0.000239134
0.000275135
0.000249863
0.000287294
0.000249624
0.000238419
0.000261068
