0.000285149
0.000239849
0.000290155
0.000253439
0.000251770
0.000239134
0.000251770
0.000246048
0.000287533
0.000239134
0.000252724
0.000251532
0.000252008
0.000282526
0.000252724
0.000251770
0.000252962
0.000251532
0.000298262
0.000251770
0.000258446
0.000252485
0.000240326
0.000266552
0.000263214
0.000239611
0.000257254
0.000257969
0.000249863
0.000243425
0.000281572
0.000226498
0.000235081
0.000211716
0.000224352
0.000200748
0.000220299
0.000200748
0.000213146
0.000210524
0.000250816
0.000211954
0.000215769
0.000211477
0.000214100
0.000211000
0.000250578
0.000210285
0.000212431
0.000211716
0.000220776
0.000214100
0.000211000
0.000240088
0.000214338
0.000251055
0.000213146
0.000224829
0.000211716
0.000211954
0.000211239
0.000249624
0.000211716
0.000212193
0.000211239
0.000241756
0.000209808
0.000211477
0.000223875
0.000216007
0.000216246
0.000212908
0.000212193
0.000250340
0.000244856
0.000213623
0.000211716
0.000217438
0.000228405
0.000251532
0.000211000
0.000210762
0.000212669
0.000262260
0.000226498
0.000238180
0.000210285
0.000248671
0.000211000
0.000235796
0.000212669
0.000240564
0.000223160
0.000211716
0.000214577
0.000212669
0.000252485
0.000213385
0.000198603
0.000214338
0.000213623
0.000233889
0.000250101
0.000213861
0.000211239
0.000236273
0.000210762
0.000212431
0.000211716
0.000198364
0.000211954
0.000212908
0.000212193
0.000226736
0.000209808
0.000210762
0.000213146
0.000210047
0.000211954
0.000215054
