0.000309944
0.000238657
0.000294924
0.000317812
0.000255108
0.000299931
0.000279427
0.000293970
0.000277042
0.000294685
0.000286102
0.000283957
0.000294447
0.000242472
0.000294924
0.000296593
0.000310659
0.000280380
0.000246286
0.000246286
0.000293970
0.000297308
0.000281334
0.000281334
0.000272274
0.000295877
0.000255346
0.000294924
0.000255823
0.000255823
0.000484943
0.000285625
0.000293970
0.000255346
0.000293732
0.000295401
0.000316620
0.000295162
0.000296593
0.000292063
0.000262022
0.000240326
0.000282764
0.000246048
0.000229836
0.000257969
0.000295639
0.000293016
0.000318766
0.000281811
0.000293732
0.000294685
0.000296593
0.000284195
0.000298500
0.000295639
0.000295162
0.000295639
0.000297785
0.000294685
0.000243187
0.000242949
0.000260115
0.000242472
0.000311852
0.000262260
0.000251293
0.000259399
0.000283957
0.000259399
0.000281334
0.000260592
0.000273466
0.000244379
0.000264168
0.000288248
0.000260830
0.000272274
0.000274181
0.000259161
0.000243664
0.000284672
0.000271082
0.000261545
0.000248194
0.000256777
0.000237942
0.000283480
0.000260115
0.000258207
0.000258684
0.000225782
0.000258684
0.000278473
0.000258923
0.000259161
0.000262260
0.000247002
0.000281334
0.000257969
0.000244141
0.000255585
0.000282049
0.000283718
0.000271797
0.000277281
0.000252008
0.000257730
0.000245571
0.000243187
0.000257730
0.000247955
0.000285387
0.000243425
0.000263214
0.000245333
0.000270844
0.000278234
0.000243902
0.000224113
