0.005380869
0.004176140
0.004469872
0.004392385
0.004324913
0.004453421
0.004443169
0.004301548
0.014147282
0.004272938
0.004349232
0.004202604
0.003972292
0.004244804
0.004560232
0.004412413
0.016765356
0.005469084
0.004075527
0.004085064
0.004033327
0.004610300
0.004508257
0.005174398
0.004612684
0.004288912
0.013364315
0.004740715
0.004067898
0.004050970
0.004375696
0.004302740
0.005506039
0.004539013
0.004107475
0.004122257
0.005181551
0.004675388
0.004314661
0.004096508
0.004342079
0.004786015
0.004272938
0.003792763
0.004334211
0.005473137
0.004105568
0.004085541
0.004837275
0.004455566
0.004184246
0.004060030
0.004247665
0.004104614
0.003940105
0.005037069
0.004049063
0.004502296
0.004346848
0.004737377
0.004594326
0.004608393
0.003787994
0.003923893
0.004259586
0.005006313
0.004552603
0.004302740
0.004427433
0.003842831
0.004093170
0.003889084
0.014462948
0.004719734
0.004349232
0.004134655
0.004228354
0.004842520
0.004879475
0.005514145
0.004462481
0.004995346
0.004331112
0.004071712
0.004517078
0.005163431
0.004412174
0.004443884
0.004356146
0.004655361
0.004394293
0.004088163
0.004432678
0.004280329
0.004410028
0.004146099
0.004724503
0.004549265
0.004567146
0.003649950
