0.000424147
0.000423193
0.000483036
0.000405312
0.000443459
0.000445843
0.000401974
0.000409842
0.000365496
0.000384331
0.000406265
0.000465870
0.000419617
0.000468969
0.000440359
0.000426292
0.000440836
0.000396729
0.000427246
0.000429392
0.000475168
0.000388145
0.000418186
0.000450611
0.000368357
0.000389338
0.000476360
0.000406027
0.000418425
0.000480890
0.000406027
0.000470161
0.000466824
0.000399351
0.000423431
0.000397444
0.000385046
0.000427961
0.000406742
0.000421286
0.000464439
0.000452995
0.000468254
0.000403404
0.000467300
0.000382662
0.000415087
0.000426769
0.000424147
0.000365019
0.000505924
0.000427008
0.000470638
0.000479937
0.000470638
0.000445843
0.000499487
0.000415564
0.000410795
0.000532866
0.000394821
0.000405788
0.000467300
0.000405312
0.000399828
0.000481129
0.000471592
0.000470161
0.000483513
0.000387192
0.000432730
0.000432014
0.000409603
0.000440836
0.000447989
0.000401497
0.000452042
0.000428200
0.000415325
0.000413179
0.000453472
0.000453711
0.000404596
0.000414133
0.000499010
0.000404835
0.000449419
0.000423193
0.000432491
0.000419378
0.000512600
0.000391006
0.000476599
0.000413656
0.000462532
0.000439882
0.000412941
0.000450611
0.000452042
0.000403881
