0.000229597
0.000267982
0.000237465
0.000198841
0.000149727
0.000172138
0.000155449
0.000160217
0.000206709
0.000179768
0.000176191
0.000152349
0.000182629
0.000181198
0.000257254
0.000192642
0.000177383
0.000185251
0.000187159
0.000184774
0.000239134
0.000231743
0.000181675
0.000174761
0.000181437
0.000176430
0.000272274
0.000203133
0.000155210
0.000201225
0.000180006
0.000181913
0.000174999
0.000258923
0.000165701
0.000306129
0.000151157
0.000183821
0.000142813
0.000130415
0.000255823
0.000231266
0.000159502
0.000155687
0.000141382
0.000403643
0.000411987
0.000193119
0.000408649
0.000213146
0.000177383
0.000157595
0.000225544
0.000197887
0.000150681
0.000407457
0.000262022
0.000223160
0.000210285
0.000201941
0.000164986
0.000155449
0.000153780
0.000220537
0.000181437
0.000153542
0.000141382
0.000157833
0.000263929
0.000206232
0.000204563
0.000185490
0.000177145
0.000176907
0.000273466
0.000201225
0.000152111
0.000168562
0.000164270
0.000195026
0.000245571
0.000143290
0.000146151
0.000137806
0.000148535
0.000141382
0.000282049
0.000130653
0.000261068
0.000164747
0.000160456
0.000162363
0.000175953
0.000231504
0.000164986
0.000190735
0.000158548
0.000161648
0.000161409
0.000142813
