0.000211239
0.000247717
0.000247717
0.000158548
0.000515461
0.000206947
0.000166178
0.000203133
0.000191212
0.000224590
0.000299931
0.000160933
0.000226259
0.000264645
0.000161886
0.000197887
0.000168324
0.000172615
0.000165701
0.000172138
0.000247955
0.000213623
0.000189781
0.000247955
0.000191212
0.000208855
0.000221729
0.000204086
0.000229120
0.000207424
0.000222445
0.000209808
0.000176191
0.000299931
0.000206947
0.000260830
0.000242949
0.000348806
0.000166178
0.000221014
0.000218153
0.000250101
0.000212431
0.000158787
0.000350475
0.000319242
0.000228405
0.000188589
0.000258446
0.000246286
0.000224829
0.000202179
0.000182390
0.000207901
0.000226498
0.000262976
0.000292540
0.000171185
0.000243187
0.000220537
0.000161171
0.000164986
0.000213146
0.000191927
0.000196218
0.000171185
0.000257492
0.000216961
0.000197172
0.000171185
0.000378847
0.000273228
0.000201941
0.000169516
0.000172615
0.000167370
0.000179052
0.000152111
0.000225782
0.000209808
0.000187397
0.000204802
0.000186920
0.000198841
0.000196218
0.000179291
0.000159740
0.000178576
0.000227690
0.000217915
0.000208855
0.000204563
0.000222206
0.000241756
0.000178337
0.000166655
0.000247240
0.000211000
0.000294209
0.000214577
