0.000410557
0.000282764
0.000363588
0.000373125
0.000343084
0.000346661
0.000329256
0.000340939
0.000329256
0.000374317
0.000338078
0.000361681
0.000339985
0.000376463
0.000348806
0.000315428
0.000366449
0.000343084
0.000444412
0.000320911
0.000401974
0.000381947
0.000380278
0.000508785
0.000367880
0.000341415
0.000341654
0.000305891
0.000548840
0.000364542
0.000334501
0.000329018
0.000388384
0.000396967
0.000361919
0.000327587
0.000372171
0.000375748
0.000372887
0.000359774
0.000370979
0.000376701
0.000375509
0.000370026
0.000408888
0.000374079
0.000401020
0.000388145
0.000334501
0.000384569
0.000364065
0.000361681
0.000349283
0.000443697
0.000319242
0.000321627
0.000325680
0.000318766
0.000355482
0.000554085
0.000309467
0.000328302
0.000273705
0.000390768
0.000263453
0.000292540
0.000358105
0.000348091
0.000364304
0.000383139
0.000354767
0.000354290
0.000367165
0.000394583
0.000378847
0.000354290
0.000323296
0.000334501
0.000427246
0.000373363
0.000341892
0.000320673
0.000403404
0.000374079
0.000333786
0.000353336
0.000349998
0.000409842
0.000418901
0.000364780
0.000372171
0.000361681
0.000382900
0.000366926
0.000352621
0.000323534
0.000324965
0.000350237
0.000413418
0.000374556
