0.000308037
0.000310421
0.000241756
0.000318289
0.000354052
0.000301600
0.000275373
0.000344753
0.000342607
0.000324011
0.000312328
0.000290871
0.000313997
0.000316381
0.000315189
0.000347853
0.000315905
0.000293970
0.000314951
0.000273705
0.000341415
0.000325918
0.000313044
0.000350475
0.000340939
0.000314474
0.000318766
0.000326157
0.000313997
0.000313282
0.000357151
0.000278234
0.000319481
0.000291586
0.000312090
0.000286579
0.000312090
0.000339985
0.000296831
0.000330210
0.000312805
0.000341415
0.000315666
0.000314236
0.000288248
0.000332832
0.000346661
0.000305176
0.000316858
0.000312090
0.000344992
0.000305176
0.000304699
0.000335455
0.000320911
0.000318766
0.000364542
0.000315666
0.000289917
0.000533581
0.000288963
0.000293255
0.000298738
0.000322104
0.000301361
0.000535011
0.000266075
0.000300169
0.000327349
0.000293255
0.000301123
0.000343084
0.000308990
0.000295401
0.000345945
0.000324726
0.000378847
0.000359297
0.000266790
0.000254631
0.000296116
0.000309229
0.000299215
0.000307560
0.000345707
0.000375032
0.000316620
0.000306845
0.000295401
0.000293732
0.000298977
0.000292063
0.000294447
0.000267982
0.000362158
0.000319719
0.000328779
0.000296116
0.000317812
0.000323534
