0.000217915
0.000204325
0.000167370
0.000211477
0.000226498
0.000228643
0.000226259
0.000453234
0.000258207
0.000308037
0.000205755
0.000188589
0.000186205
0.000183821
0.000192881
0.000165224
0.000286818
0.000234365
0.000206709
0.000162840
0.000156879
0.000168800
0.000194788
0.000203371
0.000152349
0.000171423
0.000163794
0.000184298
0.000195742
0.000167370
0.000140667
0.000183344
0.000292063
0.000292778
0.000204802
0.000211000
0.000161886
0.000203609
0.000167370
0.000277758
0.000267506
0.000297546
0.000286341
0.000313282
0.000264406
0.000309944
0.000293970
0.000279903
0.000297546
0.000294685
0.000281334
0.000278234
0.000270844
0.000277519
0.000309229
0.000296593
0.000324726
0.000275135
0.000270128
0.000371456
0.000219345
0.000215530
0.000225306
0.000205040
0.000211954
0.000224829
0.000220060
0.000253677
0.000244856
0.000415564
0.000253916
0.000251055
0.000236273
0.000258446
0.000456095
0.000221729
0.000291586
0.000312090
0.000303745
0.000302792
0.000551939
0.000240564
0.000236750
0.000247955
0.000259399
0.000201225
0.000231266
0.000231504
0.000187397
0.000160694
0.000209093
0.000267029
0.000188589
0.000184774
0.000195265
0.000184298
0.000286341
0.000287771
0.000287294
0.000307322
