0.131792545
0.081944227
0.031440258
0.000209808
0.000265121
0.000306845
0.000267506
0.000324011
0.000266314
0.000245094
0.000299215
0.000300646
0.000306606
0.000268936
0.000223398
0.000252247
0.000247002
0.000234604
0.000197411
0.000227928
0.000185251
0.000187159
0.000207901
0.000233173
0.000310421
0.000288010
0.000304937
0.000274181
0.000307083
0.000394583
0.000244141
0.000244617
0.000166416
0.000476837
0.000211716
0.000165701
0.000177860
0.000161409
0.000169754
0.000168800
0.000171423
0.000179052
0.000167608
0.000202179
0.000172377
0.000235319
0.000330210
0.000250578
0.000237465
0.000183582
0.000172138
0.000194311
0.000169992
0.000424385
0.000206947
0.000192881
0.000180483
0.000177860
0.000293016
0.000186443
0.000235081
0.000216961
0.000303030
0.000204086
0.000222683
0.000221729
0.000223875
0.000245094
0.000222921
0.000285625
0.000229359
0.000225306
0.000196457
0.000188589
0.000231028
0.000219822
0.000170946
0.000130892
0.000178576
0.000164747
0.000151634
0.000169039
0.000206709
0.000308514
0.000299215
0.000245810
0.000320196
0.000277281
0.000308990
0.000301600
0.000338554
0.000352144
0.000257969
0.000278473
0.000313520
0.000299215
0.000233889
0.000285387
0.000340462
0.000322819
