0.030130625
0.016501665
0.023767948
0.016065121
0.017279387
0.023410797
0.016043425
0.015821934
0.027149200
0.015473366
0.016369104
0.015085459
0.015982389
0.016086578
0.016176939
0.015720844
0.014777660
0.024115086
0.017189503
0.017048836
0.016109228
0.016390800
0.017280579
0.014544249
0.015951395
0.016257763
0.016256094
0.015798092
0.015367031
0.016889095
0.016648769
0.015910387
0.014382362
0.022974014
0.030003548
0.017618656
0.024518728
0.015973568
0.016253948
0.033073902
0.030406713
0.017132759
0.015823364
0.016187906
0.016848326
0.016654968
0.017410755
0.030926704
0.016464233
0.014794350
0.016419411
0.016126156
0.028280735
0.014629364
0.015479565
0.016340494
0.016200542
0.017079353
0.016467810
0.015121460
0.020824432
0.024066210
0.015715599
0.025391579
0.016496897
0.014862537
0.015117645
0.035238504
0.016386509
0.016208887
0.016476393
0.016089678
0.015967846
0.016939163
0.015954018
0.016830444
0.016813040
0.027157784
0.028242350
0.015977144
0.015539408
0.016100168
0.016630411
0.017131567
0.025337458
0.014752626
0.016175508
0.016235113
0.016267776
0.023030996
0.016501188
0.017072201
0.016953707
0.016792536
0.014279366
0.015809298
0.015769958
0.017220497
0.016504288
0.016350269
