0.001349688
0.001258612
0.001432180
0.001394987
0.001430273
0.001424789
0.001495600
0.001451731
0.001240015
0.001301765
0.001374245
0.001387835
0.001409054
0.001434326
0.001400709
0.001362562
0.001413584
0.001404047
0.001395941
0.001446247
0.001489401
0.001390696
0.001367569
0.001411200
0.001399040
0.001436710
0.001492977
0.001383543
0.001574516
0.001413584
0.001316071
0.001312971
0.001494408
0.001528263
0.001421690
0.001391649
0.001401663
0.001566172
0.001399994
0.001444340
0.001428366
0.001432657
0.001416206
0.001302719
0.001373291
0.001475096
0.001400709
0.001367092
0.001488447
0.001411438
0.001294374
0.001465321
0.001471996
0.001529932
0.001279593
0.001321077
0.001271963
0.001406193
0.001413822
0.001414776
0.001498461
0.001572371
0.001190186
0.001419306
0.001454830
0.001485348
0.001277924
0.001358986
0.001276016
0.001376152
0.001393557
0.001441717
0.001311779
0.001346588
0.001390219
0.001482725
0.001305580
0.001431942
0.001329184
0.001525879
0.001356602
0.001513958
0.001221895
0.001419067
0.001460314
0.001371622
0.001323462
0.001447916
0.001380205
0.001481771
0.001315832
0.001266003
0.001394033
0.001457214
0.001289368
0.001436234
0.001394987
0.001492023
0.001360655
0.001513243
