0.002233267
0.002078056
0.002608299
0.002368927
0.002374411
0.002367735
0.002431631
0.002234221
0.002274752
0.002379417
0.002280474
0.002357006
0.002407551
0.002346992
0.013211250
0.002299547
0.002416611
0.002474070
0.002350330
0.002417088
0.002415657
0.002642393
0.002452612
0.002054453
0.001991034
0.012293339
0.002309084
0.002531528
0.002563000
0.002163172
0.001979589
0.002512217
0.002335548
0.002237082
0.002474070
0.002402306
0.002475262
0.002297401
0.002540112
0.002753496
0.002364397
0.002322674
0.002610683
0.002300739
0.002305746
0.012908936
0.002680302
0.003011942
0.002394438
0.002371788
0.002597094
0.001724005
0.002513647
0.002406120
0.002414465
0.002653360
0.002587557
0.001920462
0.002315044
0.002544880
0.002610922
0.002502918
0.002378225
0.002583742
0.002749920
0.002572536
0.002480745
0.002268553
0.002528429
0.002321243
0.002520800
0.002319813
0.002516747
0.002470493
0.002617836
0.002263069
0.002547979
0.002520800
0.001831532
0.001826286
0.011792660
0.002241611
0.002335548
0.002604961
0.002477884
0.002200365
0.002137184
0.002541542
0.002193928
0.002223730
0.002838373
0.002458334
0.002677917
0.002792835
0.002785444
0.002608061
0.002861023
0.002581835
0.002512455
0.002375126
