0.000780344
0.000753880
0.000746727
0.000714779
0.000725031
0.000743389
0.000772715
0.000785828
0.000730038
0.000733137
0.000689030
0.000777006
0.000695705
0.000735760
0.000749111
0.000808477
0.000756741
0.000772476
0.000784874
0.000769377
0.000797510
0.000799179
0.000808239
0.000772238
0.000796080
0.000785351
0.000791311
0.000813723
0.000648260
0.000764847
0.000784159
0.000743628
0.000695705
0.000808239
0.000802517
0.000809431
0.000789404
0.000781059
0.000701427
0.000754356
0.000771761
0.000817299
0.000770092
0.000795364
0.000768661
0.000778913
0.000722647
0.000762463
0.000799179
0.000803947
0.000708818
0.000867367
0.000736237
0.000802755
0.000711441
0.000747442
0.000790834
0.000803709
0.000749111
0.000801086
0.000791550
0.000814915
0.000770807
0.000808239
0.000787020
0.000787020
0.000763655
0.000906944
0.000767946
0.000733376
0.000816822
0.000813007
0.000783443
0.000787973
0.000764370
0.000779152
0.000718594
0.000772715
0.000706434
0.000786781
0.000761986
0.000796080
0.000754118
0.000768185
0.000746489
0.000782728
0.000752211
0.000885963
0.000721216
0.000754833
0.000661135
0.000761986
0.000870705
0.000752687
0.000746012
0.000764847
0.000756025
0.000762224
0.000744581
0.000762224
