0.000300884
0.000257254
0.000213385
0.000272274
0.000289440
0.000216722
0.000248194
0.000278234
0.000263929
0.000291109
0.000245333
0.000287294
0.000272989
0.000333309
0.000314474
0.000269651
0.000313759
0.000277042
0.000326395
0.000266552
0.000503540
0.000261784
0.000307083
0.000238657
0.000348091
0.000227928
0.000296831
0.000286579
0.000299931
0.000245094
0.000218630
0.000350475
0.000219822
0.000240326
0.000228882
0.000256538
0.000229359
0.000249863
0.000259399
0.000271797
0.000259638
0.000305653
0.000285149
0.000239849
0.000265598
0.000300407
0.000357389
0.000295401
0.000282764
0.000279665
0.000353098
0.000336885
0.000283003
0.000263929
0.000264883
0.000308514
0.000274181
0.000288725
0.000281811
0.000336885
0.000259161
0.000244617
0.000222445
0.000336647
0.000256062
0.000318766
0.000257969
0.000277042
0.000229120
0.000192642
0.000293493
0.000284195
0.000287771
0.000270367
0.000288963
0.000318289
0.000229120
0.000225544
0.000287533
0.000268698
0.000269175
0.000382900
0.000258207
0.000252962
0.000404596
0.000262499
0.000255823
0.000525236
0.000287056
0.000240326
0.000245810
0.000233173
0.000304699
0.000261545
0.000226498
0.000277758
0.000261784
0.000257492
0.000272036
0.000276327
