0.014916420
0.008935452
0.008451462
0.008278847
0.014920950
0.008256674
0.016734600
0.007847786
0.007590055
0.008184910
0.009237528
0.014796972
0.008604527
0.008710861
0.008402824
0.007402897
0.008647680
0.015489578
0.008876085
0.014294386
0.007902384
0.006061316
0.008807421
0.007545948
0.007708788
0.007272959
0.007280111
0.007420540
0.007593632
0.008292198
0.007418871
0.008093596
0.008407593
0.007448673
0.007870436
0.007785320
0.013371229
0.008484840
0.007481575
0.008241653
0.008295298
0.008661270
0.008487463
0.006384850
0.008173227
0.008287907
0.008024931
0.008235455
0.008365154
0.008285046
0.008343697
0.008093357
0.008240700
0.008536100
0.008165836
0.008485079
0.008051157
0.008186579
0.008288145
0.008243799
0.008076191
0.007963896
0.017898798
0.008432150
0.007708788
0.007725716
0.008272171
0.008395910
0.007840872
0.008401632
0.007875204
0.007919073
0.007998943
0.008325338
0.007925749
0.008284569
0.007814884
0.007803440
0.017696142
0.007982969
0.007683516
0.007891655
0.008071184
0.008240938
0.008059740
0.007819653
0.007714510
0.007990599
0.008605719
0.009090424
0.008101225
0.008053541
0.008279085
0.008401155
0.017291307
0.008596182
0.012442827
0.008098364
0.012370110
0.007719994
