0.000296116
0.000259638
0.000249386
0.000232220
0.000234127
0.000269890
0.000259399
0.000265837
0.000365257
0.000303984
0.000310183
0.000305891
0.000304461
0.000317574
0.000298262
0.000292063
0.000303984
0.000260592
0.000309467
0.000274897
0.000262260
0.000285387
0.000247478
0.000241041
0.000242710
0.000221968
0.000239134
0.000292540
0.000286579
0.000300884
0.000298738
0.000301361
0.000321865
0.000287294
0.000245333
0.000304699
0.000259876
0.000213146
0.000274658
0.000256777
0.000275135
0.000294447
0.000245571
0.000257254
0.000292540
0.000281811
0.000307560
0.000294685
0.000296354
0.000272036
0.000378132
0.000274420
0.000286341
0.000256777
0.000222206
0.000241995
0.000246048
0.000230074
0.000264883
0.000271082
0.000237703
0.000276566
0.000266790
0.000293016
0.000261784
0.000301838
0.000274420
0.000245810
0.000251532
0.000262976
0.000251055
0.000321388
0.000308275
0.000248671
0.000324488
0.000245810
0.000294685
0.000254393
0.000253439
0.000283957
0.000276327
0.000281572
0.000321627
0.000234127
0.000281572
0.000225067
0.000205040
0.000177145
0.000198364
0.000283718
0.000257015
0.000288963
0.000219822
0.000220537
0.000234365
0.000279427
0.000230789
0.000235081
0.000193834
0.000175238
