0.000299931
0.000368118
0.000342369
0.000393152
0.000303984
0.000370979
0.000356674
0.000391006
0.000375986
0.000347137
0.000381231
0.000288725
0.000338316
0.000417471
0.000347853
0.000324488
0.000340462
0.000323772
0.000374556
0.000336409
0.000342607
0.000351191
0.000388384
0.000307322
0.000381708
0.000325680
0.000361443
0.000256300
0.000265837
0.000324726
0.000371933
0.000367880
0.000374079
0.000386715
0.000325918
0.000321627
0.000336885
0.000360727
0.000350237
0.000250816
0.000368357
0.000345230
0.000351667
0.000282049
0.000359774
0.000325203
0.000292063
0.000324488
0.000374794
0.000343323
0.000332355
0.000390291
0.000384092
0.000250816
0.000326157
0.000324249
0.000357628
0.000300646
0.000364542
0.000321150
0.000394344
0.000386238
0.000301123
0.000312090
0.000341654
0.000339508
0.000402451
0.000366688
0.000243664
0.000291109
0.000248432
0.000324965
0.000394821
0.000337601
0.000363111
0.000355244
0.000391245
0.000288963
0.000396252
0.000311613
0.000372887
0.000307560
0.000355244
0.000291824
0.000240088
0.000254869
0.000395060
0.000321388
0.000321865
0.000261307
0.000288486
0.000257254
0.000362396
0.000325680
0.000284910
0.000311136
0.000395060
0.000387907
0.000344038
0.000288010
