0.001439571
0.001399040
0.001538277
0.001376152
0.001411915
0.001467228
0.001544952
0.001554489
0.001656771
0.001609802
0.001518965
0.001500607
0.001560926
0.001589298
0.001571417
0.001468897
0.001558542
0.001599550
0.001588821
0.001443148
0.001620531
0.001499891
0.001617193
0.001424789
0.001626968
0.001491785
0.001579523
0.001574516
0.001446009
0.001536369
0.001325607
0.001633883
0.001420975
0.001416206
0.001469851
0.001639366
0.001623869
0.001562595
0.001408339
0.001623392
0.001460314
0.001544952
0.001516342
0.001532555
0.001542568
0.001667023
0.001392841
0.001631737
0.001613855
0.001608133
0.001382113
0.001334429
0.001549721
0.001582384
0.001473427
0.001497746
0.001574039
0.001639843
0.001517773
0.001582384
0.001531839
0.001623154
0.001403809
0.001399755
0.001497507
0.001649141
0.001466513
0.001502991
0.001503944
0.001477480
0.001535177
0.001557589
0.001592636
0.001383305
0.001418591
0.001498938
0.001497984
0.001482010
0.001553297
0.001510620
0.001495361
0.001534939
0.001474380
0.001491785
0.001549482
0.001611710
0.001361132
0.001389742
0.001462460
0.001355171
0.001539230
0.001669407
0.001584291
0.001620770
0.001517296
0.001472712
0.001581192
0.001646042
0.001476049
0.001657724
