0.002462149
0.002408981
0.002410412
0.002250195
0.013274193
0.012647867
0.002395630
0.002100229
0.002377748
0.002233505
0.002351999
0.002042532
0.002580404
0.002289772
0.002289772
0.002245665
0.002202988
0.002221823
0.002261400
0.004887819
0.002226830
0.002372980
0.002176046
0.002206564
0.002126694
0.002223730
0.002222300
0.002367020
0.002159357
0.002217293
0.002347708
0.002231598
0.002299309
0.002239227
0.002211809
0.002287149
0.002214670
0.002240419
0.002229214
0.002146959
0.002300024
0.002206087
0.002166033
0.002320766
0.002262115
0.002247572
0.002262592
0.002299786
0.002284765
0.002161026
0.002185583
0.002242565
0.002213240
0.002080679
0.002400875
0.002233505
0.002314091
0.002205372
0.002183437
0.002229452
0.002204180
0.002235174
0.002257824
0.002299547
0.002217293
0.002125740
0.002187729
0.002438545
0.002353191
0.002161503
0.002357721
0.002313137
0.002209902
0.002262831
0.002318859
0.002289057
0.002264738
0.002238035
0.002292871
0.002288342
0.002242565
0.002191782
0.002290964
0.002202511
0.002459049
0.002179384
0.002233505
0.002209425
0.002246618
0.002258062
0.002327919
0.002275705
0.002267361
0.002365589
0.002290010
0.002208948
0.002178431
0.002279043
0.002223253
0.002279758
