0.000377655
0.000303984
0.000293255
0.000327110
0.000399590
0.000370502
0.000336647
0.000325441
0.000378132
0.000292063
0.000326157
0.000326633
0.000338793
0.000328064
0.000308275
0.000354290
0.000296593
0.000289917
0.000393629
0.000286341
0.000328064
0.000306845
0.000311136
0.000309706
0.000321627
0.000327349
0.000360966
0.000333309
0.000330448
0.000371933
0.000342369
0.000355005
0.000348091
0.000338316
0.000372410
0.000326633
0.000336647
0.000339031
0.000359058
0.000367641
0.000372648
0.000340462
0.000329018
0.000337601
0.000327587
0.000311852
0.000389099
0.000372887
0.000333071
0.000531673
0.000330210
0.000339985
0.000384331
0.000323057
0.000372887
0.000385046
0.000377178
0.000372171
0.000370502
0.000316620
0.000308752
0.000358343
0.000360727
0.000338316
0.000321627
0.000292778
0.000365496
0.000329733
0.000369787
0.000322580
0.000361204
0.000319481
0.000358343
0.000308752
0.000329971
0.000360966
0.000337124
0.000363111
0.000331402
0.000455618
0.000337601
0.000341177
0.000353336
0.000356436
0.000351429
0.000263214
0.000343800
0.000374794
0.000345230
0.000310421
0.000380993
0.000342607
0.000296593
0.000331402
0.000341654
0.000309944
0.000348091
0.000375032
0.000375271
0.000318289
