0.062384367
0.012607098
0.000242472
0.000227213
0.000260592
0.000252962
0.000298500
0.000253677
0.000229597
0.000148773
0.000229359
0.000270605
0.000212431
0.000231743
0.000237465
0.000209332
0.000275373
0.000337124
0.000209570
0.000243664
0.000211239
0.000226021
0.000274658
0.000206709
0.000171900
0.000157356
0.000325680
0.000226498
0.000141382
0.000138044
0.000196218
0.000159740
0.000190735
0.000170469
0.000171185
0.000291348
0.000297546
0.000312328
0.000308037
0.000304699
0.000243425
0.000264883
0.000237226
0.000136137
0.000219822
0.000156164
0.000231028
0.000292540
0.000147343
0.000157356
0.000189304
0.000159979
0.000251055
0.000120401
0.000157356
0.000225306
0.000148296
0.000139952
0.000266314
0.000313044
0.000119448
0.000118971
0.000144482
0.000199318
0.000156164
0.000214815
0.000227451
0.000189304
0.000209570
0.000195742
0.000189543
0.000306368
0.000265360
0.000211477
0.000190496
0.000206232
0.000212669
0.000191927
0.000356436
0.000199795
0.000236988
0.000323296
0.000201941
0.000162601
0.000256062
0.000215769
0.000173092
0.000192881
0.000133514
0.000314713
0.000196934
0.000188589
0.000173330
0.000260592
0.000475407
0.000520229
0.000237465
0.000189304
0.000263691
0.000181913
