0.000468731
0.000420094
0.000446558
0.000408411
0.000389814
0.000458241
0.000462294
0.000440836
0.000465631
0.000462770
0.000498533
0.000499964
0.000447989
0.000410557
0.000410557
0.000501871
0.000452042
0.000504971
0.000405312
0.000426054
0.000496387
0.000425816
0.000467777
0.000489950
0.000448704
0.000460386
0.000464439
0.000441551
0.000468254
0.000446558
0.000437498
0.000423670
0.000505924
0.000452042
0.000446796
0.000560999
0.000386477
0.000409842
0.000488520
0.000487804
0.000453472
0.000503778
0.000435114
0.000429392
0.000501633
0.000424862
0.000422955
0.000440359
0.000444889
0.000486135
0.000414848
0.000405788
0.000450373
0.000481844
0.000429153
0.000474215
0.000497580
0.000428438
0.000409126
0.000557899
0.000427246
0.000387907
0.000479221
0.000403643
0.000432014
0.000498533
0.000427008
0.000454664
0.000495195
0.000458479
0.000456810
0.000513315
0.000432730
0.000425100
0.000494957
0.000435352
0.000432730
0.000464201
0.000463486
0.000490665
0.000479221
0.000419617
0.000433207
0.000463009
0.000458479
0.000435114
0.000472069
0.000463963
0.000405312
0.000481844
0.000432968
0.000420809
0.000445366
0.000433922
0.000440121
0.000468731
0.000449419
0.000450134
0.000500441
0.000395775
