0.000324249
0.000321865
0.000333548
0.000340700
0.000348091
0.000275373
0.000370026
0.000354528
0.000325680
0.000392199
0.000344515
0.000348330
0.000275135
0.000337839
0.000346899
0.000344992
0.000338316
0.000386715
0.000291586
0.000324011
0.000380754
0.000356197
0.000390291
0.000258207
0.000339031
0.000255585
0.000388622
0.000338316
0.000315189
0.000322819
0.000298262
0.000325203
0.000344753
0.000285149
0.000323772
0.000325441
0.000286818
0.000360727
0.000324965
0.000295639
0.000379801
0.000342846
0.000349283
0.000392437
0.000272274
0.000320435
0.000344753
0.000326872
0.000274420
0.000349045
0.000297785
0.000365496
0.000359058
0.000378370
0.000367403
0.000397444
0.000288963
0.000390291
0.000325680
0.000426054
0.000315189
0.000330925
0.000305891
0.000350475
0.000346422
0.000355244
0.000348330
0.000287771
0.000277042
0.000347614
0.000353098
0.000341654
0.000287771
0.000341892
0.000290155
0.000342607
0.000273466
0.000390768
0.000275850
0.000358105
0.000364780
0.000321627
0.000293255
0.000356197
0.000366688
0.000357866
0.000251293
0.000328541
0.000323296
0.000353575
0.000354528
0.000354528
0.000268221
0.000361919
0.000346899
0.000298500
0.000387907
0.000324249
0.000361204
0.000292301
