0.000382900
0.000403643
0.000397444
0.000362873
0.000335217
0.000427485
0.000339985
0.000325918
0.000384569
0.000352621
0.000350475
0.000404358
0.000356674
0.000387907
0.000357628
0.000359774
0.000351667
0.000356436
0.000352144
0.000413179
0.000392675
0.000409365
0.000338554
0.000372171
0.000412703
0.000357866
0.000358582
0.000383854
0.000401258
0.000356674
0.000358582
0.000379801
0.000401020
0.000366449
0.000361204
0.000365496
0.000377893
0.000385761
0.000341892
0.000291586
0.000426292
0.000428915
0.000395775
0.000340223
0.000357151
0.000337601
0.000320911
0.000320911
0.000304699
0.000380993
0.000438929
0.000350952
0.000387430
0.000385284
0.000415087
0.000394821
0.000362873
0.000377893
0.000366449
0.000486612
0.000332832
0.000313997
0.000382423
0.000414133
0.000427961
0.000382423
0.000331402
0.000358105
0.000444651
0.000358343
0.000414133
0.000411987
0.000387192
0.000402689
0.000349522
0.000424147
0.000393152
0.000414133
0.000341654
0.000318289
0.000401258
0.000363350
0.000404596
0.000396013
0.000400305
0.000430822
0.000372648
0.000339031
0.000344753
0.000365257
0.000324249
0.000349522
0.000414133
0.000397682
0.000367880
0.000432253
0.000353575
0.000366926
0.000425577
0.000378609
