0.012967825
0.003895283
0.003559589
0.003581762
0.003919840
0.003914118
0.003833294
0.003691435
0.003876209
0.003962040
0.013269901
0.003960848
0.003771544
0.003853559
0.003944397
0.004014969
0.003894091
0.003862381
0.003970385
0.003858566
0.003937960
0.003933668
0.003881931
0.003939629
0.003955364
0.004033566
0.003886700
0.003944635
0.003923416
0.004020214
0.004092693
0.003951788
0.003912210
0.003876209
0.003875256
0.003879547
0.003946304
0.003958225
0.004005671
0.003900051
0.003989935
0.003972054
0.003892660
0.013153791
0.003901482
0.003952980
0.003821850
0.003792286
0.004000902
0.003970146
0.003843546
0.003797054
0.004018545
0.003985167
0.003939629
0.013649702
0.003811359
0.003918409
0.003923893
0.003730774
0.003923893
0.003777027
0.004042625
0.003884077
0.003910065
0.003905058
0.003884077
0.003859282
0.003925800
0.003860235
0.003935099
0.003894329
0.003910303
0.003824949
0.003894806
0.003881454
0.003893852
0.013623238
0.003898859
0.003837824
0.003852606
0.003949642
0.003966808
0.003941059
0.003934860
0.003903389
0.003898859
0.003992319
0.004030466
0.003958464
0.003848791
0.004040956
0.003966570
0.003917933
0.003894091
0.003963947
0.003921032
0.003780365
0.003977299
0.003951073
