0.000343800
0.000366926
0.000344038
0.000386715
0.000306606
0.000350475
0.000395536
0.000385284
0.000399828
0.000377417
0.000395775
0.000395536
0.000403881
0.000415802
0.000370264
0.000396967
0.000353813
0.000412464
0.000414848
0.000371695
0.000353813
0.000388861
0.000406981
0.000437260
0.000369310
0.000369549
0.000406265
0.000411749
0.000375032
0.000382662
0.000386238
0.000392914
0.000360727
0.000397682
0.000385761
0.000390291
0.000382423
0.000393391
0.000388622
0.000392675
0.000428915
0.000408411
0.000404596
0.000446081
0.000412464
0.000401020
0.000393391
0.000376940
0.000357151
0.000415087
0.000365496
0.000410557
0.000393152
0.000447750
0.000382185
0.000395775
0.000391483
0.000401974
0.000427008
0.000476360
0.000358582
0.000377417
0.000329494
0.000430584
0.000404835
0.000407219
0.000406027
0.000394106
0.000384808
0.000313044
0.000413656
0.000402212
0.000390291
0.000399351
0.000388861
0.000399828
0.000392675
0.000345469
0.000454664
0.000412941
0.000391960
0.000395775
0.000323057
0.000439405
0.000405788
0.000405073
0.000356674
0.000401497
0.000463009
0.000378609
0.000394344
0.000372410
0.000395298
0.000434875
0.000401735
0.000400066
0.000406027
0.000406981
0.000424623
0.000392914
