0.000376463
0.000323772
0.000344038
0.000389576
0.000316858
0.000349283
0.000360966
0.000343800
0.000342369
0.000337601
0.000311136
0.000374317
0.000377178
0.000382662
0.000391722
0.000391245
0.000378609
0.000343800
0.000355959
0.000411510
0.000405788
0.000365496
0.000334978
0.000410795
0.000317812
0.000299692
0.000339031
0.000399351
0.000353575
0.000370026
0.000294685
0.000251770
0.000397444
0.000337362
0.000364065
0.000396729
0.000319004
0.000342131
0.000354052
0.000411749
0.000326633
0.000370264
0.000380993
0.000364304
0.000424862
0.000342131
0.000325441
0.000342607
0.000365973
0.000378847
0.000366926
0.000315189
0.000377417
0.000397444
0.000357628
0.000359535
0.000362873
0.000349760
0.000313520
0.000439405
0.000365496
0.000378609
0.000372410
0.000296116
0.000349283
0.000317335
0.000417709
0.000368118
0.000388861
0.000315189
0.000358820
0.000343800
0.000411749
0.000376940
0.000347614
0.000351906
0.000381231
0.000360727
0.000369549
0.000385046
0.000362396
0.000282764
0.000374079
0.000368834
0.000383615
0.000316381
0.000386238
0.000373840
0.000373602
0.000379324
0.000340939
0.000390530
0.000418425
0.000375509
0.000369072
0.000387669
0.000358820
0.000350714
0.000344515
0.000344753
