0.000976086
0.001044035
0.000960112
0.000844002
0.000923395
0.001088142
0.001026869
0.000955343
0.001045942
0.001057386
0.001036406
0.001006365
0.001050711
0.001022339
0.001051426
0.001009226
0.000987768
0.001058102
0.001057386
0.000986814
0.001007080
0.000979662
0.000973940
0.000988483
0.001048565
0.001038790
0.001003265
0.000946999
0.000972509
0.001023054
0.000936508
0.000997066
0.001057625
0.001014471
0.001005411
0.001075268
0.001054049
0.001067877
0.000925779
0.001014471
0.000934362
0.000921965
0.001027107
0.001005411
0.001048565
0.001063108
0.001078844
0.001013756
0.001019716
0.000908136
0.000904322
0.000905752
0.000915527
0.001027346
0.012189150
0.001046181
0.001022577
0.001036882
0.000979424
0.001039505
0.000846863
0.000981331
0.000991106
0.001048803
0.000963211
0.000997782
0.000936985
0.001016378
0.000892878
0.001028538
0.001101255
0.001066208
0.000916481
0.000945568
0.000957966
0.000941038
0.001074791
0.001075745
0.000958443
0.001057386
0.000955820
0.001096964
0.000936270
0.001016855
0.000915051
0.001001596
0.000915051
0.001031637
0.001087904
0.001059294
0.000877142
0.000972748
0.000957727
0.000971317
0.000996113
0.001035452
0.000888586
0.000913382
0.000988960
0.001119137
