0.015516758
0.007630587
0.007713795
0.007717848
0.007797956
0.015760660
0.007497787
0.007569790
0.016711712
0.007548094
0.007097960
0.007502556
0.007478714
0.007492542
0.007299185
0.007594585
0.007284641
0.007535934
0.007610798
0.007613659
0.014344215
0.007410526
0.007514954
0.007287741
0.007364988
0.007508755
0.007289171
0.007533073
0.007363081
0.007507324
0.007267714
0.007570982
0.007425547
0.016497850
0.007369041
0.007525206
0.007278681
0.007354021
0.007349014
0.007372618
0.007314682
0.016494513
0.007320642
0.007502556
0.014753342
0.007570267
0.007290602
0.007740736
0.007225275
0.007458925
0.007565498
0.007281065
0.007540226
0.007376194
0.007602215
0.007407188
0.007453442
0.007479906
0.014262438
0.007474422
0.007763624
0.007678986
0.007680416
0.007818222
0.007951260
0.007864237
0.007747173
0.016325951
0.007792234
0.015722990
0.007806063
0.016203403
0.007993221
0.007726908
0.007597923
0.007847071
0.007678986
0.016188145
0.007796049
0.007590294
0.014760017
0.007460594
0.013267040
0.007576227
0.007319212
0.007574558
0.007297516
0.007529736
0.015526295
0.017291069
0.008608103
0.008293390
0.008326292
0.008498192
0.008647919
0.017199039
0.015039206
0.008484364
0.008473158
0.008731604
