0.022638321
0.016837358
0.033679962
0.022291899
0.018177748
0.017698288
0.017331600
0.017040491
0.014569759
0.014836311
0.017782688
0.017681122
0.016559124
0.014910460
0.025899172
0.017154932
0.023807526
0.016563177
0.017418385
0.025726795
0.015828133
0.014474869
0.028058052
0.018167496
0.017684698
0.015506268
0.017756701
0.017623425
0.017679691
0.024266958
0.015866756
0.017566442
0.016938686
0.016619205
0.014882326
0.029325962
0.016668320
0.015065908
0.016948938
0.016566038
0.017236233
0.015970469
0.016261816
0.016624212
0.015772581
0.016952038
0.025104284
0.017695904
0.016984463
0.015570402
0.016119242
0.017838001
0.017459393
0.027232409
0.017142057
0.016574144
0.015471697
0.015792608
0.016496897
0.017976522
0.016322136
0.023499489
0.016202927
0.026385546
0.014658213
0.017345905
0.025963783
0.024772882
0.026384830
0.016619921
0.014872551
0.014901400
0.015985966
0.015341520
0.016070843
0.025792122
0.017117262
0.017461777
0.016526461
0.025775909
0.015933037
0.016570330
0.016530991
0.024934769
0.026896000
0.016851902
0.026047468
0.016687155
0.025059462
0.025094748
0.017248392
0.017731428
0.025634766
0.023665428
0.015444279
0.016421556
0.017211437
0.017465353
0.017199755
0.015458345
