0.000351191
0.000320911
0.000325203
0.000422716
0.000344276
0.000334024
0.000455379
0.000370502
0.000410080
0.000390530
0.000421047
0.000392199
0.000398397
0.000421762
0.000433683
0.000360727
0.000387192
0.000383854
0.000413418
0.000380278
0.000345945
0.000367880
0.000375271
0.000366926
0.000358343
0.000352383
0.000315905
0.000369787
0.000391483
0.000394344
0.000432253
0.000401735
0.000380039
0.000424862
0.000384092
0.000376225
0.000410795
0.000347376
0.000388145
0.000349522
0.000391960
0.000406504
0.000384808
0.000440121
0.000368834
0.000394106
0.000367880
0.000317812
0.000477552
0.000397682
0.000396967
0.000391006
0.000529289
0.000381231
0.000339746
0.000457048
0.000357151
0.000358820
0.000396013
0.000369072
0.000359535
0.000417233
0.000402212
0.000392914
0.000420570
0.000373125
0.000438690
0.000371695
0.000418901
0.000422716
0.000430822
0.000402689
0.000452280
0.000463724
0.000424623
0.000396490
0.000397682
0.000440359
0.000486851
0.000401497
0.000372410
0.000382423
0.000388384
0.000436306
0.000390768
0.000453472
0.000446081
0.000404119
0.000465631
0.000388622
0.000386953
0.000376701
0.000469208
0.000437260
0.000414133
0.000429630
0.000391245
0.000372648
0.000469446
0.000377178
