0.000443220
0.000487089
0.000513077
0.000429153
0.000422955
0.000507832
0.000434875
0.000627756
0.000664949
0.000453472
0.000585556
0.000481844
0.000533104
0.000486612
0.000495911
0.000481844
0.000531197
0.000540495
0.000507832
0.000427485
0.000499249
0.000451326
0.000542164
0.000508785
0.000405550
0.000623941
0.000563622
0.000486135
0.000497818
0.000525236
0.000481844
0.000442266
0.000476837
0.000446320
0.000483036
0.000490904
0.000479937
0.000515699
0.000456572
0.000455856
0.000502825
0.000508070
0.000503778
0.000471115
0.000500202
0.000480413
0.000458956
0.000475883
0.000487804
0.000552177
0.000541210
0.000551224
0.000451088
0.000492096
0.000538826
0.000455379
0.000514030
0.000457764
0.000480652
0.000626564
0.000463247
0.000471592
0.000516653
0.000496864
0.000471830
0.000654936
0.000491858
0.000491381
0.000527143
0.000439167
0.000448227
0.000530481
0.000472069
0.000485182
0.000535250
0.000474691
0.000491858
0.000514269
0.000475645
0.000550032
0.000515223
0.000438213
0.000447512
0.000526428
0.000526428
0.000481844
0.000514507
0.000475645
0.000496387
0.000479460
0.000477552
0.000486135
0.000506163
0.000537395
0.000523090
0.000509262
0.000492334
0.000485897
0.000519276
0.000494719
