0.011802435
0.002191067
0.002496243
0.002391100
0.002271652
0.002189159
0.002458811
0.002429008
0.002390623
0.002297163
0.002443314
0.002453089
0.002274036
0.002075434
0.002255678
0.002661705
0.002704620
0.002712250
0.002484083
0.014161587
0.002625465
0.002427340
0.002279043
0.002608776
0.002781868
0.002402544
0.002367735
0.002444983
0.002235889
0.002336979
0.002444744
0.002693892
0.002560139
0.002586603
0.002521753
0.002476931
0.002179146
0.002297163
0.002408028
0.002481937
0.002249956
0.002356052
0.002197742
0.013997793
0.011934996
0.002235651
0.002219200
0.002241373
0.002273560
0.002351761
0.002517939
0.002404690
0.002647161
0.002506256
0.002715349
0.013533831
0.002333164
0.002461910
0.002703667
0.002573967
0.002366543
0.013756752
0.002675295
0.024596930
0.002108574
0.002556801
0.002101421
0.002340317
0.002236843
0.002215385
0.002463102
0.002280474
0.002609015
0.002524853
0.002292395
0.002071142
0.002498150
0.002301216
0.002622366
0.002585649
0.002368212
0.002819061
0.002269030
0.002217770
0.002466440
0.012594461
0.002365112
0.002709150
0.002487183
0.012558222
0.002219200
0.024684429
0.002284288
0.013374567
0.002366781
0.002367496
0.002397537
0.002501965
0.002566099
0.002635956
