0.015262127
0.008803129
0.007579803
0.008493185
0.008388758
0.008092403
0.008633852
0.009030342
0.008325815
0.007313251
0.007314444
0.013451338
0.008910894
0.013296127
0.008937597
0.008690357
0.008052826
0.008266926
0.009573221
0.016646862
0.008635759
0.008046627
0.008958101
0.008598804
0.009084940
0.009052038
0.017132998
0.008097410
0.008007526
0.015666723
0.008014202
0.008767843
0.008605480
0.007978678
0.008002281
0.008933067
0.008879662
0.009436131
0.008379936
0.007654190
0.009302616
0.009098053
0.008696318
0.008567572
0.008753061
0.014306784
0.008152962
0.009084940
0.008308411
0.008244038
0.016817808
0.008191109
0.008661270
0.008746862
0.008939505
0.009026766
0.008608341
0.008756399
0.008801222
0.009152651
0.008766174
0.009154558
0.008808613
0.008975506
0.008714676
0.009131432
0.008841753
0.008635283
0.008790970
0.007598400
0.008526802
0.017498732
0.008303404
0.008830786
0.008795500
0.007991076
0.007681608
0.007967472
0.009124756
0.009487152
0.008858919
0.008171082
0.008789539
0.008400202
0.008515358
0.008467436
0.008754492
0.009349346
0.016578913
0.008509398
0.007117033
0.008331299
0.007915974
0.009208679
0.007679939
0.008327007
0.008071661
0.007361412
0.007275105
0.008273125
