0.000281572
0.000553131
0.000337601
0.000281811
0.000298977
0.000284195
0.000270367
0.000304699
0.000278711
0.000548363
0.000283957
0.000331640
0.000307322
0.000304461
0.000307083
0.000314951
0.000288486
0.000297546
0.000285387
0.000272989
0.000258923
0.000269175
0.000345469
0.000262976
0.000300646
0.000324726
0.000341415
0.000307322
0.000298023
0.000287771
0.000311613
0.000313044
0.000290871
0.000217915
0.000264645
0.000244856
0.000262976
0.000255585
0.000293016
0.000301838
0.000571728
0.000257254
0.000300407
0.000259876
0.000370026
0.000292778
0.000254154
0.000250578
0.000256777
0.000359297
0.000271797
0.000285625
0.000258684
0.000262737
0.000256777
0.000315189
0.000301838
0.000324249
0.000310183
0.000251055
0.000217199
0.000268936
0.000256062
0.000267506
0.000557423
0.000211954
0.000169754
0.000135660
0.000256062
0.000207901
0.000205755
0.000207663
0.000307083
0.000234127
0.000140429
0.000221014
0.000262022
0.000206709
0.000178814
0.000215769
0.000186682
0.000232458
0.000243902
0.000243664
0.000250578
0.000246525
0.000216484
0.000293016
0.000166655
0.000167131
0.000269890
0.000315428
0.000375509
0.000321150
0.000321388
0.000337601
0.000321388
0.000305414
0.000359297
0.000290632
