0.000804424
0.000699520
0.000808239
0.000807047
0.000783920
0.000814199
0.000804663
0.000813484
0.000793457
0.000789404
0.000783205
0.000794411
0.000756025
0.000774860
0.000786304
0.000843287
0.000792742
0.000803709
0.000791311
0.000837564
0.000767708
0.000798702
0.000816107
0.000808477
0.000675678
0.000803709
0.000761032
0.000851631
0.000800848
0.000780821
0.000812054
0.000817299
0.000788927
0.000817776
0.000786304
0.000812769
0.000763178
0.000829458
0.000824690
0.000786066
0.000782728
0.000821590
0.000810623
0.000795364
0.000785589
0.000815868
0.000776768
0.000785112
0.000753164
0.000782490
0.000783205
0.000810385
0.000764370
0.000807047
0.000796795
0.000814676
0.000794411
0.000808477
0.000782728
0.000797749
0.000767708
0.000808954
0.000807047
0.000808001
0.000766039
0.000800371
0.000787973
0.000797033
0.000756264
0.000766277
0.000804901
0.000799656
0.000765324
0.000797987
0.000786066
0.000797510
0.000765085
0.000802994
0.000782728
0.000782728
0.000795841
0.000806808
0.000792027
0.000824451
0.000757694
0.000813484
0.000779152
0.000795126
0.000768185
0.000780821
0.000769377
0.000820398
0.000780344
0.000811815
0.000781059
0.000797510
0.000782967
0.000800848
0.000782967
0.000801563
