0.001317263
0.001351833
0.001312256
0.001357079
0.001351118
0.001495123
0.001422405
0.001521587
0.001368999
0.001301527
0.001294613
0.001512289
0.001390219
0.001444578
0.001528263
0.001440525
0.001341820
0.001490116
0.001475096
0.012487411
0.001332521
0.001488447
0.001466274
0.001329899
0.001398325
0.001594305
0.001250744
0.001429081
0.001636744
0.001198053
0.001332998
0.001469135
0.001460791
0.001489878
0.001361370
0.001429796
0.001507044
0.001473188
0.001423359
0.001465082
0.001463890
0.001540422
0.001499414
0.001408100
0.001354456
0.001472235
0.001371861
0.001475811
0.001458883
0.001443863
0.001427650
0.001420259
0.001542091
0.001459599
0.001458406
0.001449347
0.001524687
0.001416922
0.001480341
0.001446009
0.001508236
0.001337767
0.001413584
0.001438618
0.001422644
0.001527548
0.001404524
0.001406908
0.001462221
0.001379251
0.001464128
0.001363277
0.001432180
0.001477957
0.001487970
0.001416922
0.001417160
0.001428604
0.001443386
0.001320601
0.001360416
0.001424551
0.001519203
0.001423597
0.001499653
0.001415014
0.001497030
0.001442194
0.001446009
0.001306772
0.001367331
0.001388311
0.001507521
0.001446247
0.001493931
0.001407385
0.001494169
0.001391649
0.001410484
0.001388788
