0.000282049
0.000323296
0.000291824
0.000318289
0.000340462
0.000261068
0.000319004
0.000300169
0.000300884
0.000317812
0.000331879
0.000287056
0.000322580
0.000300169
0.000296593
0.000299215
0.000329494
0.000305653
0.000301600
0.000399590
0.000308752
0.000294447
0.000290394
0.000326633
0.000301838
0.000326157
0.000310183
0.000305653
0.000276804
0.000279665
0.000317574
0.000293493
0.000302792
0.000289917
0.000292301
0.000309229
0.000355244
0.000315189
0.000344038
0.000271320
0.000310183
0.000306606
0.000296354
0.000255346
0.000316620
0.000318289
0.000316620
0.000308990
0.000322580
0.000295877
0.000302076
0.000313520
0.000261784
0.000329733
0.000309944
0.000302553
0.000323534
0.000292063
0.000304222
0.000294685
0.000336885
0.000328302
0.000327587
0.000308037
0.000326633
0.000290871
0.000319242
0.000312567
0.000298262
0.000294924
0.000298500
0.000280857
0.000292301
0.000266314
0.000304699
0.000295639
0.000315905
0.000328779
0.000334501
0.000455856
0.000323057
0.000333309
0.000365973
0.000297308
0.000306845
0.000326157
0.000321388
0.000307322
0.000334024
0.000306368
0.000346661
0.000298977
0.000367880
0.000299692
0.000322104
0.000293493
0.000320911
0.000315905
0.000308275
0.000326157
