0.132158756
0.082986832
0.032397509
0.000239611
0.000243425
0.000240564
0.000231504
0.000272274
0.000263453
0.000198841
0.000303984
0.000300407
0.000337601
0.000292778
0.000294924
0.000292301
0.000307560
0.000288725
0.000299454
0.000311852
0.000323534
0.000281811
0.000301600
0.000283718
0.000318289
0.000246048
0.000308275
0.000271559
0.000321150
0.000339746
0.000229597
0.000282526
0.000425816
0.000250578
0.000236988
0.000345707
0.000210524
0.000213146
0.000179052
0.000167608
0.000170231
0.000227928
0.000170708
0.000162840
0.000166416
0.000187159
0.000241518
0.000304461
0.000269651
0.000201702
0.000361443
0.000322819
0.000264406
0.000226974
0.000195742
0.000206947
0.000210047
0.000232458
0.000180483
0.000268221
0.000196934
0.000189781
0.000243425
0.000162601
0.000206232
0.000189543
0.000185013
0.000195503
0.000288486
0.000199318
0.000231504
0.000215292
0.000197411
0.000332355
0.000322342
0.000336170
0.000335455
0.000305414
0.000308037
0.000313520
0.000307083
0.000356197
0.000342131
0.000438213
0.000291348
0.000318766
0.000332117
0.000309467
0.000328064
0.000299692
0.000299692
0.000300407
0.000286341
0.000289202
0.000341177
0.000308514
0.000294924
0.000313997
0.000308037
0.000290394
