0.000435352
0.000370741
0.000279665
0.000344992
0.000308990
0.000321388
0.000356197
0.000285387
0.000329733
0.000306845
0.000325203
0.000321150
0.000321865
0.000332594
0.000317574
0.000373125
0.000312805
0.000313282
0.000320911
0.000307560
0.000348806
0.000360250
0.000326633
0.000316858
0.000410080
0.000367641
0.000328779
0.000344038
0.000291348
0.000347614
0.000332594
0.000361443
0.000376940
0.000322819
0.000320673
0.000303507
0.000348806
0.000347614
0.000307083
0.000357389
0.000379324
0.000335932
0.000316858
0.000321150
0.000326872
0.000366211
0.000351906
0.000316143
0.000337601
0.000376225
0.000291586
0.000325918
0.000326633
0.000303507
0.000300884
0.000348091
0.000315905
0.000350952
0.000308275
0.000490427
0.000335932
0.000310183
0.000322342
0.000327349
0.000317812
0.000317574
0.000371456
0.000311852
0.000361204
0.000313997
0.000326633
0.000334024
0.000294685
0.000346899
0.000335932
0.000315189
0.000308752
0.000343084
0.000332117
0.000341415
0.000308275
0.000330448
0.000324249
0.000368118
0.000365734
0.000345945
0.000345469
0.000327110
0.000376463
0.000336647
0.000354290
0.000319958
0.000312328
0.000321627
0.000339508
0.000332832
0.000301123
0.000322104
0.000356197
0.000310659
