0.000326633
0.000293970
0.000224829
0.000307560
0.000307560
0.000306368
0.000225067
0.000334978
0.000296831
0.000320435
0.000294685
0.000333786
0.000298738
0.000332594
0.000316858
0.000330210
0.000300407
0.000289440
0.000295401
0.000336409
0.000290394
0.000326633
0.000279427
0.000303507
0.000309229
0.000308990
0.000229120
0.000316620
0.000320196
0.000316143
0.000308990
0.000321865
0.000286341
0.000320435
0.000290871
0.000318289
0.000316381
0.000316858
0.000320673
0.000311375
0.000342607
0.000296831
0.000326872
0.000311375
0.000307083
0.000370741
0.000309467
0.000317335
0.000342846
0.000380039
0.000338793
0.000283718
0.000300646
0.000344992
0.000321627
0.000350952
0.000331640
0.000345707
0.000306368
0.000448465
0.000304699
0.000319958
0.000318289
0.000326157
0.000330448
0.000373602
0.000299215
0.000310183
0.000316143
0.000301600
0.000308752
0.000371695
0.000322342
0.000344515
0.000353813
0.000305891
0.000317574
0.000366211
0.000311375
0.000283718
0.000317097
0.000359058
0.000334501
0.000344515
0.000330925
0.000260353
0.000335693
0.000344753
0.000317335
0.000577211
0.000318050
0.000321627
0.000361681
0.000318050
0.000295162
0.000295639
0.000288010
0.000315905
0.000290632
0.000335455
