0.005222082
0.004905224
0.004386902
0.004522800
0.004565716
0.003871918
0.004045725
0.003791332
0.004334211
0.004280567
0.003844976
0.014509439
0.004728079
0.004287004
0.004281998
0.003821373
0.016676426
0.013183117
0.005056143
0.004143000
0.003867865
0.005303860
0.004704475
0.004374027
0.004473686
0.004683971
0.005229473
0.003945827
0.004002094
0.004346848
0.013728142
0.004659653
0.003947973
0.004334211
0.004349947
0.004713058
0.004298925
0.004266262
0.004159451
0.004953861
0.005495310
0.004647017
0.004440546
0.004870892
0.004698277
0.004486561
0.004149914
0.004848719
0.004472733
0.004966021
0.004278660
0.004923344
0.004660606
0.004895687
0.004373312
0.004560232
0.004436016
0.004705429
0.004403114
0.004892111
0.004324198
0.004089117
0.004159212
0.004319191
0.004590750
0.003885269
0.004566908
0.004319191
0.004470110
0.012546062
0.004866123
0.004654408
0.003743649
0.012802362
0.005699635
0.004622459
0.004236698
0.004613161
0.004709005
0.005740404
0.004132032
0.004876614
0.004516125
0.005308867
0.004632950
0.004550695
0.004254341
0.004362822
0.004199982
0.004559755
0.004490852
0.005154371
0.004147768
0.012887478
0.004201412
0.012744188
0.004811525
0.004901648
0.004160166
0.004529953
