0.000386477
0.000290632
0.000331163
0.000350237
0.000364542
0.000367880
0.000398636
0.000356436
0.000340462
0.000373363
0.000345945
0.000364542
0.000360012
0.000381470
0.000395060
0.000375271
0.000358105
0.000331879
0.000373602
0.000352859
0.000355721
0.000359297
0.000302792
0.000380039
0.000372410
0.000363111
0.000352144
0.000403166
0.000357866
0.000388145
0.000340223
0.000338078
0.000375271
0.000378370
0.000326872
0.000351191
0.000357389
0.000364065
0.000359058
0.000345707
0.000342846
0.000369787
0.000345945
0.000360727
0.000342131
0.000367880
0.000374317
0.000361919
0.000368118
0.000343561
0.000387907
0.000384331
0.000345945
0.000379801
0.000340700
0.000362158
0.000332594
0.000340700
0.000333309
0.000436783
0.000322580
0.000351667
0.000333309
0.000330925
0.000352859
0.000391483
0.000348091
0.000300407
0.000353098
0.000338316
0.000335693
0.000361204
0.000347614
0.000349760
0.000319958
0.000350714
0.000316381
0.000357866
0.000330687
0.000340700
0.000334740
0.000315428
0.000282288
0.000328541
0.000339508
0.000372171
0.000296831
0.000304699
0.000345707
0.000356197
0.000335455
0.000338316
0.000328302
0.000336885
0.000369549
0.000438452
0.000335455
0.000335217
0.000335455
0.000357628
