0.000285864
0.000231743
0.000296354
0.000262499
0.000277281
0.000272512
0.000282288
0.000264168
0.000265837
0.000266314
0.000291348
0.000286818
0.000254869
0.000270367
0.000285625
0.000253439
0.000308037
0.000259638
0.000293732
0.000279903
0.000249147
0.000279665
0.000357866
0.000213146
0.000326395
0.000205517
0.000221729
0.000214338
0.000458479
0.000479221
0.000207901
0.000187874
0.000155926
0.000179768
0.000290155
0.000252724
0.000241041
0.000182390
0.000207424
0.000162125
0.000216961
0.000222683
0.000241518
0.000244617
0.000256777
0.000241518
0.000207424
0.000258446
0.000308275
0.000485420
0.000303268
0.000242233
0.000224590
0.000271559
0.000269413
0.000320911
0.000279188
0.000281334
0.000252247
0.000290155
0.000284672
0.000277996
0.000273228
0.000268936
0.000271320
0.000280619
0.000263691
0.000271320
0.000291824
0.000291109
0.000274658
0.000268936
0.000273705
0.000271320
0.000281096
0.000277281
0.000274181
0.000263453
0.000296593
0.000325918
0.000285387
0.000263453
0.000276327
0.000282764
0.000263453
0.000313520
0.000277758
0.000269175
0.000274420
0.000271082
0.000269413
0.000260592
0.000269175
0.000269651
0.000275612
0.000272274
0.000267744
0.000270605
0.000273943
0.000239134
