0.000340700
0.000293732
0.000308037
0.000328064
0.000332594
0.000325203
0.000337839
0.000373840
0.000311613
0.000341177
0.000334024
0.000341177
0.000383139
0.000300884
0.000301123
0.000346184
0.000320435
0.000326395
0.000345230
0.000294209
0.000290871
0.000305414
0.000295877
0.000383377
0.000324249
0.000346422
0.000325680
0.000372410
0.000248432
0.000366688
0.000318289
0.000324726
0.000335932
0.000354528
0.000320673
0.000308514
0.000304461
0.000315428
0.000343323
0.000374079
0.000310421
0.000402451
0.000425339
0.000277758
0.000290632
0.000298023
0.000296116
0.000342846
0.000401020
0.000279427
0.000250340
0.000388622
0.000274658
0.000286341
0.000345945
0.000295877
0.000328541
0.000309229
0.000322342
0.000453472
0.000338078
0.000277519
0.000279665
0.000278473
0.000279665
0.000276327
0.000278473
0.000277519
0.000307798
0.000308275
0.000276566
0.000278711
0.000290394
0.000300646
0.000294209
0.000286341
0.000280142
0.000312805
0.000279665
0.000286818
0.000277519
0.000277996
0.000277758
0.000277758
0.000274181
0.000279427
0.000311136
0.000275850
0.000280142
0.000262499
0.000277042
0.000286818
0.000295877
0.000277996
0.000279427
0.000340700
0.000273943
0.000273228
0.000283718
0.000339746
