0.021699667
0.016763449
0.013487816
0.024220467
0.024470091
0.019310474
0.014857531
0.014545202
0.015429974
0.013053656
0.015079260
0.014031172
0.014021635
0.026264906
0.015554667
0.015197992
0.015232801
0.013896465
0.015282869
0.015519857
0.014521837
0.033137321
0.014406204
0.015001059
0.022298813
0.014302731
0.013531208
0.015587330
0.014872551
0.013980865
0.015108109
0.022660971
0.014233112
0.014927626
0.015841246
0.013227940
0.014323473
0.032390833
0.015299797
0.014112711
0.013732910
0.022388935
0.015297651
0.022974968
0.014522791
0.015142441
0.023895502
0.022408962
0.014930964
0.015225649
0.014103413
0.015375376
0.025877476
0.027241945
0.022598743
0.014204979
0.015119076
0.013871670
0.015419722
0.013667822
0.014905930
0.014404058
0.014849186
0.023474693
0.014378786
0.014818192
0.015378237
0.013671637
0.021139145
0.014677525
0.015418530
0.015459776
0.013017178
0.023163795
0.015309811
0.022551060
0.015435934
0.014426231
0.014765024
0.015052557
0.016315699
0.013186455
0.014629364
0.015495300
0.015507698
0.019263506
0.014406919
0.014549732
0.013875723
0.013303995
0.024317503
0.013556480
0.013271809
0.014853001
0.020517588
0.015491247
0.014822483
0.014042616
0.014256716
0.021632195
