0.000377655
0.000299454
0.000295162
0.000298977
0.000282049
0.000290871
0.000279427
0.000286579
0.000300407
0.000270367
0.000267982
0.000295401
0.000270367
0.000306368
0.000269413
0.000320435
0.000293493
0.000287294
0.000329256
0.000307798
0.000297308
0.000308990
0.000267744
0.000322104
0.000261068
0.000284195
0.000276804
0.000262022
0.000308275
0.000278473
0.000280857
0.000290155
0.000270367
0.000308990
0.000274420
0.000289440
0.000286102
0.000272036
0.000304937
0.000277519
0.000281572
0.000276089
0.000290394
0.000318050
0.000270128
0.000274420
0.000282288
0.000287056
0.000312328
0.000260115
0.000271559
0.000284195
0.000278473
0.000337124
0.000275612
0.000264406
0.000280857
0.000274420
0.000317812
0.000479460
0.000311613
0.000308275
0.000313044
0.000346661
0.000319958
0.000303984
0.000329494
0.000306845
0.000343800
0.000310421
0.000311136
0.000308037
0.000307083
0.000339508
0.000308990
0.000425816
0.000346422
0.000329733
0.000381708
0.000313520
0.000311613
0.000321150
0.000315428
0.000340700
0.000361204
0.000375748
0.000318766
0.000313997
0.000327110
0.000308275
0.000310898
0.000312805
0.000504732
0.000341892
0.000329018
0.000336170
0.000361681
0.000306368
0.000342369
0.000304699
