0.014100313
0.008053303
0.006860971
0.014783859
0.007400751
0.007536411
0.007717609
0.007607460
0.014739275
0.016337156
0.006886721
0.007192850
0.007713318
0.007284403
0.007770538
0.016090870
0.007228136
0.006565809
0.015132189
0.008478880
0.007236481
0.006684303
0.007471800
0.008491039
0.007567883
0.007419825
0.007644653
0.007917881
0.007391214
0.015763044
0.007707119
0.007769346
0.007860422
0.007577658
0.007475376
0.007382631
0.008321285
0.007899284
0.007302761
0.007356405
0.007685423
0.007560015
0.007483244
0.007428646
0.017170668
0.007327795
0.007682800
0.007474899
0.007516384
0.007664204
0.007232189
0.006853104
0.007409811
0.007514715
0.006745100
0.007214308
0.007307768
0.007881880
0.008098602
0.008174896
0.007401943
0.007025719
0.007372618
0.007678747
0.007460117
0.007703304
0.007948399
0.007360220
0.016389370
0.007559299
0.007877588
0.007491827
0.007562876
0.007495165
0.008304358
0.007688046
0.007286787
0.007441759
0.008807182
0.007610798
0.008097887
0.007531643
0.008021116
0.008204460
0.007607698
0.007874489
0.008454561
0.007965803
0.015287638
0.007407904
0.007000685
0.006857395
0.006467819
0.006985188
0.007166862
0.006985188
0.006898165
0.006705284
0.006988764
0.006914139
