0.000729799
0.000686646
0.000762463
0.000788212
0.000697851
0.000780582
0.000762463
0.000725508
0.000736237
0.000753164
0.000782013
0.000753403
0.000682354
0.000774145
0.000739574
0.000665426
0.000729084
0.000754595
0.000677824
0.000737429
0.000672579
0.000771761
0.000694513
0.000788450
0.000509262
0.000757933
0.000699520
0.000728846
0.000666380
0.000679493
0.000668287
0.000777245
0.000699997
0.000752926
0.000702381
0.000768900
0.000740290
0.000752926
0.000704765
0.000750065
0.000751019
0.000747919
0.000751495
0.000754595
0.000654221
0.000625849
0.000702381
0.000779390
0.000735998
0.000707150
0.000742674
0.000764847
0.000750303
0.000762939
0.000736713
0.000755072
0.000695944
0.000765800
0.000710726
0.000782967
0.000754118
0.000745535
0.000683069
0.000727177
0.000741243
0.000765800
0.000742197
0.000766993
0.000767231
0.000740290
0.000746250
0.000751257
0.000724077
0.000740528
0.000746489
0.000679970
0.000645876
0.000734091
0.000734091
0.000734806
0.000728607
0.000776052
0.000784159
0.000766516
0.000753641
0.000664473
0.000703335
0.000672340
0.000776768
0.000778675
0.000700235
0.000776768
0.000769854
0.000722408
0.000753641
0.000781059
0.000775099
0.000760794
0.000739336
0.000703573
