0.062084436
0.012768745
0.000246525
0.000246286
0.000217676
0.000273943
0.000272751
0.000271082
0.000271082
0.000228405
0.000286579
0.000286341
0.000281572
0.000305176
0.000285387
0.000285864
0.000319719
0.000275850
0.000268221
0.000282764
0.000284672
0.000268221
0.000289440
0.000291348
0.000292778
0.000239372
0.000236988
0.000200748
0.000218153
0.000264406
0.000231028
0.000237942
0.000212431
0.000223875
0.000245571
0.000262260
0.000245333
0.000270844
0.000288486
0.000302315
0.000246763
0.000267744
0.000250101
0.000237226
0.000254869
0.000240326
0.000248671
0.000279427
0.000270605
0.000270605
0.000267506
0.000268459
0.000278711
0.000277281
0.000318766
0.000243425
0.000251532
0.000288248
0.000288486
0.000284433
0.000275373
0.000268936
0.000262260
0.000269890
0.000312567
0.000262976
0.000264406
0.000270128
0.000273228
0.000219107
0.000270128
0.000270844
0.000262976
0.000284672
0.000283480
0.000277996
0.000319958
0.000273943
0.000283241
0.000279665
0.000284910
0.000286579
0.000272036
0.000268936
0.000268936
0.000273466
0.000275612
0.000271559
0.000271797
0.000270367
0.000284433
0.000269413
0.000265598
0.000270128
0.000263929
0.000270844
0.000277519
0.000274897
0.000253439
0.000273228
