0.000246048
0.000294685
0.000218630
0.000245810
0.000288963
0.000296354
0.000301361
0.000281334
0.000244379
0.000234365
0.000381708
0.000241280
0.000268936
0.000244856
0.000245571
0.000219107
0.000220776
0.000243187
0.000284195
0.000383139
0.000262260
0.000251055
0.000248671
0.000251055
0.000254393
0.000286818
0.000284433
0.000242949
0.000254393
0.000277281
0.000271559
0.000283241
0.000283480
0.000264645
0.000282288
0.000300407
0.000281334
0.000299454
0.000283957
0.000306845
0.000248194
0.000291586
0.000295401
0.000262499
0.000282526
0.000296116
0.000273228
0.000280380
0.000253201
0.000295162
0.000293970
0.000258684
0.000253677
0.000256300
0.000291824
0.000300646
0.000268221
0.000282764
0.000297546
0.000278473
0.000253916
0.000304699
0.000249147
0.000276327
0.000239134
0.000258684
0.000268936
0.000301600
0.000339270
0.000272751
0.000294685
0.000256062
0.000275373
0.000291348
0.000264645
0.000362873
0.000274420
0.000237465
0.000284910
0.000322580
0.000291824
0.000256538
0.000293970
0.000297308
0.000264406
0.000278950
0.000279903
0.000277758
0.000315905
0.000278950
0.000280142
0.000280380
0.000266314
0.000279427
0.000280142
0.000283957
0.000279188
0.000276804
0.000278711
0.000277042
