0.000447989
0.000442028
0.000417233
0.000311852
0.000381470
0.000425339
0.000422955
0.000411034
0.000385761
0.000347376
0.000382900
0.000447512
0.000351191
0.000354052
0.000398397
0.000372648
0.000349045
0.000419140
0.000399590
0.000400305
0.000385761
0.000406981
0.000395060
0.000398159
0.000409126
0.000386000
0.000381947
0.000358343
0.000336647
0.000373363
0.000338554
0.000345230
0.000376463
0.000353813
0.000391483
0.000430346
0.000336885
0.000373602
0.000376225
0.000390291
0.000404835
0.000384092
0.000353575
0.000383377
0.000414610
0.000392914
0.000343323
0.000376463
0.000338078
0.000351667
0.000359535
0.000343084
0.000352144
0.000381947
0.000338793
0.000344276
0.000348330
0.000337362
0.000329494
0.000531673
0.000351429
0.000422955
0.000386238
0.000354528
0.000410557
0.000480175
0.000355959
0.000350714
0.000391006
0.000354290
0.000367880
0.000384808
0.000415325
0.000384331
0.000421286
0.000468493
0.000373363
0.000419855
0.000439167
0.000348806
0.000442982
0.000314951
0.000382662
0.000413895
0.000383854
0.000409365
0.000414848
0.000395298
0.000394821
0.000383854
0.000386000
0.000337124
0.000417709
0.000364065
0.000323057
0.000438213
0.000396967
0.000337124
0.000419617
0.000379324
