0.000252485
0.000288486
0.000388861
0.000289917
0.000276566
0.000287294
0.000287771
0.000280142
0.000279665
0.000289917
0.000326395
0.000286102
0.000288486
0.000278234
0.000303507
0.000304222
0.000282526
0.000291824
0.000287056
0.000296116
0.000300407
0.000297308
0.000282288
0.000304222
0.000272036
0.000323057
0.000286579
0.000283241
0.000297070
0.000286102
0.000293970
0.000295401
0.000274897
0.000251770
0.000254869
0.000284433
0.000257254
0.000292301
0.000339746
0.000277042
0.000278234
0.000312090
0.000283003
0.000322342
0.000288248
0.000279903
0.000507355
0.000285864
0.000280619
0.000301600
0.000312567
0.000268459
0.000293493
0.000290632
0.000302553
0.000270844
0.000309944
0.000261307
0.000283480
0.000331163
0.000271320
0.000277281
0.000276089
0.000295639
0.000275612
0.000277042
0.000279188
0.000273228
0.000270844
0.000269890
0.000266552
0.000278473
0.000251532
0.000282526
0.000266552
0.000287533
0.000292301
0.000337124
0.000287533
0.000275373
0.000270844
0.000286579
0.000286579
0.000271559
0.000237226
0.000276566
0.000272989
0.000288010
0.000275135
0.000234127
0.000277042
0.000274420
0.000287056
0.000236750
0.000297308
0.000266075
0.000270367
0.000275373
0.000269175
0.000252485
