0.002199173
0.002195835
0.012250900
0.001841545
0.002167702
0.010854483
0.001799107
0.002125740
0.011722088
0.001994133
0.001952410
0.002055883
0.002198696
0.002125502
0.002072096
0.002244473
0.002172232
0.002051592
0.002055407
0.002265453
0.002249241
0.002015829
0.002078772
0.002109051
0.001813412
0.002014399
0.002310753
0.002169132
0.002238274
0.002258062
0.002108574
0.002272367
0.002185345
0.002338886
0.001908064
0.002214670
0.002385855
0.011786461
0.002335548
0.002161980
0.002127409
0.002188683
0.002235889
0.002025604
0.002280951
0.002324581
0.002158165
0.002194166
0.002227306
0.001967907
0.002110958
0.002040148
0.002110004
0.002264500
0.002068520
0.001992941
0.002308130
0.002131701
0.002158880
0.002166510
0.002220869
0.002156496
0.002364159
0.002370596
0.012409449
0.002070427
0.002414465
0.002241135
0.002063513
0.002299070
0.002159595
0.002334118
0.002209902
0.002117634
0.002199411
0.002013683
0.002142906
0.002085924
0.002019167
0.002102137
0.002214432
0.012345076
0.002315521
0.002066851
0.002037525
0.002041101
0.002137184
0.002056599
0.002089739
0.001996517
0.002362251
0.002198935
0.002247810
0.002187967
0.002177954
0.002099276
0.002256393
0.002364397
0.002093792
0.002304792
