0.003816605
0.004230499
0.003807306
0.004142761
0.003709316
0.004204273
0.004000187
0.004048824
0.004117250
0.004062891
0.003935337
0.004143476
0.004472494
0.004369736
0.003889322
0.004070520
0.004165649
0.004772663
0.003922939
0.004012823
0.003708601
0.004584789
0.004024029
0.003986597
0.003947258
0.004618883
0.004015446
0.004332781
0.004027605
0.003762960
0.014201403
0.013303041
0.004192829
0.003966570
0.013357639
0.004352570
0.003517151
0.003542900
0.004183769
0.004404306
0.003862858
0.004156113
0.004395723
0.004461527
0.003797293
0.003757238
0.003878593
0.004473925
0.003866911
0.004215956
0.003933191
0.004201889
0.004064322
0.004153967
0.004224777
0.004484415
0.003708124
0.003853798
0.004041672
0.004091263
0.004010439
0.004311323
0.003916502
0.003894091
0.004193068
0.004278183
0.004150391
0.004063606
0.003729582
0.004232407
0.004206657
0.004557848
0.004092455
0.004017830
0.004428864
0.004212618
0.003872395
0.004074812
0.003828526
0.004038572
0.003970623
0.003910542
0.004151106
0.004291296
0.003895760
0.004057884
0.004148006
0.004526138
0.003832102
0.004371881
0.003959894
0.004111052
0.003938675
0.003854513
0.004198790
0.004250288
0.004009724
0.004040718
0.004152060
0.004386187
