0.001377344
0.001396894
0.001363039
0.001320362
0.001193523
0.001321316
0.001305819
0.001302242
0.001361847
0.001344442
0.001364708
0.001284122
0.001309156
0.001317739
0.001235247
0.001284361
0.001340866
0.001320124
0.001507759
0.001281261
0.001349449
0.001349211
0.001265049
0.001228809
0.001167536
0.001216412
0.001291037
0.001245499
0.001350403
0.001410007
0.001198053
0.001202106
0.001181602
0.001189709
0.001210451
0.001274586
0.001295805
0.001471996
0.001214743
0.001246452
0.001267910
0.001277208
0.001343250
0.001407862
0.001301289
0.001352787
0.001310825
0.001333237
0.001274109
0.001360416
0.001233816
0.001242638
0.001369715
0.001242876
0.001336336
0.001252174
0.001268148
0.001388550
0.001293182
0.001316071
0.001279116
0.001310110
0.001222372
0.001357794
0.001245975
0.001283646
0.001323700
0.001317501
0.001248837
0.001320362
0.001275539
0.001330853
0.001289129
0.001429081
0.001287460
0.001405001
0.001262188
0.001245022
0.001192570
0.001284122
0.001188278
0.001361847
0.001311064
0.001344442
0.001269817
0.001274586
0.001268864
0.001259089
0.001209497
0.001251459
0.001343489
0.001359224
0.001233101
0.001211643
0.001235247
0.001205206
0.001214027
0.001149654
0.001281977
0.001382589
