0.000653028
0.000600338
0.000606537
0.000570774
0.000590801
0.000617504
0.000600815
0.000596762
0.000560522
0.000661135
0.000588655
0.000628710
0.000561714
0.000624895
0.000570297
0.000596762
0.000622034
0.000651121
0.000571728
0.000623226
0.000558138
0.000632763
0.000619650
0.000602245
0.000533342
0.000586510
0.000555515
0.000620842
0.000604391
0.000661135
0.000618458
0.000655174
0.000547647
0.000610352
0.000659704
0.000613451
0.000615358
0.000648022
0.000549793
0.000591278
0.000592470
0.000699520
0.000595093
0.000667334
0.000581741
0.000624180
0.000616074
0.000671864
0.000537395
0.000620365
0.000549078
0.000582218
0.000626564
0.000699759
0.000598907
0.000640392
0.000563145
0.000592709
0.000556946
0.000595093
0.000549793
0.000632763
0.000643730
0.000594854
0.000557661
0.000610590
0.000560760
0.000610590
0.000643015
0.000601768
0.000613451
0.000633478
0.000552893
0.000681400
0.000628471
0.000600815
0.000564098
0.000652790
0.000558853
0.000606775
0.000544071
0.000608444
0.000560999
0.000673294
0.000602007
0.000687361
0.000562668
0.000604868
0.000644207
0.000686407
0.000633001
0.000637531
0.000633717
0.000689507
0.000653982
0.000666380
0.000620604
0.000723124
0.000633955
0.000622034
