0.017391205
0.010243416
0.017397881
0.010067225
0.017168760
0.009023905
0.008993149
0.008882046
0.009123802
0.008959770
0.016153812
0.010026932
0.016187668
0.009742737
0.009263754
0.009445906
0.009293079
0.009381533
0.009369373
0.009266615
0.009311438
0.009334564
0.009327173
0.009489059
0.009278774
0.009246826
0.009258986
0.009289026
0.009237051
0.009163857
0.009167433
0.009343863
0.009495735
0.009276390
0.009248257
0.027177811
0.009072065
0.008670568
0.008778572
0.018998861
0.017102957
0.017621279
0.009130955
0.008781195
0.008727074
0.008724451
0.008766651
0.008712530
0.008916140
0.008818388
0.008757353
0.008897066
0.008759022
0.008826971
0.008657217
0.008858919
0.016808271
0.008949041
0.008841276
0.020113468
0.009921074
0.009616137
0.009562731
0.019601107
0.009784698
0.009483576
0.009670734
0.009623289
0.009580851
0.009195328
0.009191990
0.009294510
0.009029627
0.008996010
0.009171247
0.008886814
0.009176254
0.018763781
0.009303808
0.008716345
0.009371519
0.009871006
0.017249584
0.009764433
0.009447813
0.009363413
0.009516478
0.009864330
0.010103464
0.009478807
0.017215252
0.009907246
0.009738445
0.009882689
0.009907484
0.009427786
0.009592772
0.009353399
0.009620667
0.009382248
