0.000975132
0.001018524
0.001039028
0.001143694
0.001068354
0.001036406
0.001000881
0.001102924
0.001074553
0.001066685
0.001037121
0.001040220
0.001045227
0.000972271
0.001134872
0.001028538
0.001115322
0.001058578
0.001098633
0.001060486
0.012230635
0.001029253
0.001041412
0.001048803
0.001099825
0.001070023
0.001068592
0.001166582
0.000983238
0.001081705
0.001106024
0.001071930
0.000993013
0.001025438
0.001075029
0.001095295
0.001055241
0.001065969
0.001075268
0.001027107
0.001014233
0.001078606
0.001069069
0.001190424
0.001044512
0.001083612
0.001153231
0.001107454
0.001085997
0.001057148
0.001040220
0.000992060
0.000937939
0.001064301
0.001131773
0.001108170
0.001080275
0.001107931
0.001199722
0.001148462
0.001127958
0.001092196
0.000945091
0.000972509
0.001087666
0.001033783
0.001050949
0.000988722
0.001179218
0.001173019
0.001005650
0.001048565
0.001160383
0.001130581
0.000987530
0.000966311
0.001097918
0.001136541
0.001258373
0.001111031
0.001066685
0.001046896
0.001104832
0.001116991
0.001211643
0.001134157
0.001075268
0.001024008
0.001118898
0.001000166
0.001122236
0.001071692
0.000979424
0.001019716
0.001145124
0.001125097
0.001105070
0.001088142
0.001018286
0.001050711
