0.002459288
0.002633810
0.002323151
0.002286673
0.002739668
0.002617836
0.002519131
0.002585411
0.002373457
0.002522707
0.002417088
0.002618313
0.014840603
0.002369404
0.002533674
0.002596855
0.002630711
0.002624035
0.002569199
0.002417088
0.002666712
0.002462387
0.002489090
0.002478600
0.002532005
0.002622366
0.002529383
0.002656698
0.002639055
0.002599478
0.013543367
0.002644300
0.002580643
0.002562523
0.002548933
0.002538919
0.002693415
0.002601385
0.002457142
0.002659798
0.002586126
0.002654314
0.014928341
0.002543688
0.002486706
0.002712488
0.002652645
0.002688646
0.002639294
0.002592564
0.002377033
0.002541542
0.002571821
0.002604246
0.002561331
0.002645493
0.014839172
0.002473354
0.002574205
0.002589226
0.002493858
0.002557039
0.002527714
0.002730608
0.002485514
0.002552748
0.002724886
0.002582073
0.002644777
0.002602816
0.002549887
0.002446413
0.002628088
0.002547741
0.002476692
0.002748013
0.014514208
0.002551317
0.002535105
0.002867460
0.002723932
0.002580643
0.002477169
0.002602577
0.002497196
0.002644777
0.002517700
0.002390385
0.002362251
0.002586126
0.002502680
0.002621651
0.002576351
0.002503633
0.013533831
0.002571106
0.002452612
0.002583742
0.014794827
0.002644539
