0.000311613
0.000294447
0.000306368
0.000277996
0.000303507
0.000304461
0.000281334
0.000294924
0.000280857
0.000324726
0.000298262
0.000297308
0.000295877
0.000285149
0.000295162
0.000278950
0.000329256
0.000245333
0.000299931
0.000297546
0.000355005
0.000297546
0.000280380
0.000299454
0.000249147
0.000317812
0.000310898
0.000305414
0.000269651
0.000317335
0.000292301
0.000282049
0.000283480
0.000345707
0.000263453
0.000241995
0.000276327
0.000277042
0.000259876
0.000296831
0.000270128
0.000270605
0.000288963
0.000277042
0.000315666
0.000322819
0.000285387
0.000289917
0.000300646
0.000276327
0.000305176
0.000272036
0.000261545
0.000276566
0.000303507
0.000316143
0.000280380
0.000325203
0.000278950
0.000343800
0.000317812
0.000261545
0.000315905
0.000296116
0.000289917
0.000280857
0.000318766
0.000335932
0.000272751
0.000290155
0.000260830
0.000276089
0.000278711
0.000277758
0.000262976
0.000280380
0.000279903
0.000315189
0.000289202
0.000269175
0.000261068
0.000292540
0.000292540
0.000262260
0.000346184
0.000319242
0.000281334
0.000262499
0.000272274
0.000275850
0.000273466
0.000245571
0.000292540
0.000286102
0.000275135
0.000315905
0.000300169
0.000306129
0.000291586
0.000270605
