0.000378609
0.000349760
0.000377417
0.000363111
0.000372887
0.000437260
0.000372171
0.000340462
0.000407219
0.000358105
0.000379324
0.000458956
0.000402212
0.000359535
0.000418425
0.000356913
0.000385046
0.000404358
0.000381470
0.000336647
0.000415087
0.000373840
0.000348568
0.000405312
0.000373840
0.000371933
0.000415087
0.000401020
0.000379324
0.000404596
0.000399351
0.000369787
0.000420570
0.000352859
0.000384092
0.000391006
0.000396967
0.000377417
0.000435829
0.000369310
0.000374079
0.000434160
0.000352621
0.000339746
0.000414371
0.000378370
0.000334978
0.000402689
0.000359058
0.000385761
0.000428677
0.000354767
0.000394583
0.000392199
0.000350952
0.000374079
0.000427961
0.000368357
0.000386000
0.000504494
0.000329733
0.000388384
0.000424385
0.000375032
0.000385284
0.000418663
0.000377178
0.000385523
0.000413656
0.000384569
0.000373363
0.000416279
0.000390291
0.000334263
0.000406742
0.000380516
0.000324965
0.000412464
0.000396490
0.000381470
0.000422955
0.000335932
0.000404119
0.000549555
0.000454426
0.000366211
0.000406981
0.000366449
0.000379324
0.000377417
0.000392914
0.000377893
0.000395060
0.000371933
0.000427008
0.000426769
0.000394344
0.000375986
0.000449419
0.000374794
