0.000282288
0.000354767
0.000281334
0.000270128
0.000251055
0.000266790
0.000272751
0.000321865
0.000306368
0.000237703
0.000283718
0.000331640
0.000249147
0.000324488
0.000295162
0.000249863
0.000246525
0.000264168
0.000265598
0.000275135
0.000305414
0.000308037
0.000248432
0.000282526
0.000303268
0.000247240
0.000262976
0.000293732
0.000304222
0.000326395
0.000295877
0.000278950
0.000265360
0.000254393
0.000316143
0.000324011
0.000260115
0.000262499
0.000249386
0.000250816
0.000275850
0.000318289
0.000248432
0.000310659
0.000380516
0.000258923
0.000226974
0.000264883
0.000290632
0.000323296
0.000295639
0.000295401
0.000293493
0.000308275
0.000265837
0.000321150
0.000260592
0.000266552
0.000294924
0.000274420
0.000248432
0.000248909
0.000249147
0.000294924
0.000326872
0.000275612
0.000340223
0.000316620
0.000249386
0.000325203
0.000294685
0.000278711
0.000267744
0.000277996
0.000294447
0.000248432
0.000275850
0.000306129
0.000275373
0.000327110
0.000261545
0.000314474
0.000295162
0.000298023
0.000323296
0.000249863
0.000235319
0.000263929
0.000234604
0.000296831
0.000311613
0.000251532
0.000279665
0.000322342
0.000291824
0.000319481
0.000325680
0.000309229
0.000288010
0.000268698
