0.013962030
0.014158249
0.004757643
0.004859447
0.005110979
0.004883528
0.004775524
0.004836082
0.005006552
0.004922628
0.004890919
0.004936218
0.004924059
0.004941463
0.004943609
0.004944324
0.004995823
0.004892111
0.004814148
0.004917145
0.004816294
0.004927874
0.004808664
0.004994392
0.004984379
0.004978895
0.004840851
0.004957438
0.004874468
0.004930735
0.004816055
0.004938602
0.013512135
0.004620552
0.004688263
0.004855156
0.004717588
0.004652262
0.004553795
0.004708052
0.004668474
0.004916906
0.004635334
0.004771948
0.004643202
0.004935741
0.004735470
0.004778624
0.014101028
0.015160561
0.005056143
0.016041279
0.005243301
0.005378962
0.005297661
0.015773773
0.005347490
0.016537428
0.014603853
0.005269051
0.005239725
0.005387068
0.005408049
0.006027222
0.005722523
0.005252838
0.005262136
0.005401373
0.005521536
0.005249739
0.005363464
0.005612373
0.005397558
0.005330801
0.005455494
0.005468607
0.005708456
0.005470753
0.005558252
0.005441904
0.005396366
0.016550303
0.004845142
0.004617214
0.004686594
0.004855871
0.004734755
0.004789352
0.004857302
0.004724264
0.004747629
0.004732847
0.004722595
0.015881538
0.004690647
0.004635096
0.004736662
0.004722595
0.004960537
0.015239000
