0.000291824
0.000350475
0.000292301
0.000293970
0.000301361
0.000357866
0.000287056
0.000327826
0.000259161
0.000297546
0.000293493
0.000306606
0.000279188
0.000276089
0.000353336
0.000293732
0.000269175
0.000311613
0.000290394
0.000322342
0.000323296
0.000280619
0.000307798
0.000339031
0.000349522
0.000281572
0.000306845
0.000309229
0.000307798
0.000308037
0.000299692
0.000267744
0.000359535
0.000322580
0.000287294
0.000326395
0.000306368
0.000318766
0.000296593
0.000280142
0.000313997
0.000358820
0.000271320
0.000310183
0.000311375
0.000290632
0.000283241
0.000339985
0.000307322
0.000321865
0.000317335
0.000291586
0.000320196
0.000297308
0.000294685
0.000335217
0.000288725
0.000267982
0.000320911
0.000460863
0.000318527
0.000272989
0.000265121
0.000293493
0.000305891
0.000280142
0.000280857
0.000317574
0.000377893
0.000297546
0.000281572
0.000293493
0.000323296
0.000283480
0.000291586
0.000301123
0.000330925
0.000330448
0.000307798
0.000283241
0.000282049
0.000296354
0.000281572
0.000290632
0.000312567
0.000324011
0.000309706
0.000293016
0.000269175
0.000276327
0.000272274
0.000301600
0.000298977
0.000272274
0.000346661
0.000321150
0.000324249
0.000319004
0.000328064
0.000270367
