0.000315189
0.000327349
0.000320673
0.000279903
0.000323534
0.000330448
0.000277996
0.000267029
0.000247002
0.000249386
0.000281334
0.000277758
0.000304222
0.000284910
0.000233889
0.000294924
0.000301838
0.000317574
0.000292778
0.000266552
0.000334740
0.000279188
0.000327110
0.000323057
0.000249386
0.000275373
0.000280142
0.000327587
0.000296593
0.000329494
0.000264406
0.000261784
0.000280619
0.000344276
0.000258923
0.000234604
0.000333548
0.000262737
0.000265598
0.000283003
0.000234842
0.000266075
0.000278711
0.000323534
0.000276327
0.000325918
0.000250101
0.000234842
0.000309944
0.000298262
0.000324011
0.000261545
0.000250340
0.000326633
0.000240088
0.000247955
0.000336647
0.000265360
0.000236988
0.000399351
0.000298977
0.000324965
0.000291586
0.000260592
0.000234842
0.000289679
0.000323772
0.000309706
0.000324249
0.000321388
0.000290632
0.000236034
0.000325680
0.000308037
0.000325680
0.000323057
0.000324011
0.000289917
0.000265121
0.000321627
0.000321627
0.000308275
0.000326872
0.000325918
0.000325918
0.000324011
0.000318527
0.000315905
0.000322580
0.000241995
0.000330687
0.000285625
0.000278950
0.000272274
0.000324965
0.000246525
0.000324965
0.000329256
0.000291824
0.000282049
