0.011677504
0.001354933
0.001346350
0.001343489
0.001618862
0.001545191
0.001674414
0.001509666
0.001520395
0.001592398
0.001557827
0.001523495
0.001452208
0.001576424
0.001526594
0.001559019
0.001623154
0.001563311
0.001597881
0.001557350
0.001436472
0.001591444
0.001663446
0.001568556
0.001438856
0.001623154
0.001538277
0.001600981
0.001675606
0.001533508
0.001604795
0.001664162
0.001555443
0.001535177
0.001553774
0.001522541
0.001502991
0.001542568
0.001420975
0.001652718
0.001478434
0.001653194
0.001480579
0.001673937
0.001673222
0.001624346
0.001581669
0.001572847
0.001373291
0.001543045
0.001559019
0.001519680
0.001527071
0.001437426
0.001479626
0.001507521
0.001480818
0.001658201
0.001631737
0.001710176
0.001552820
0.001534462
0.001551151
0.001489878
0.001577616
0.001448154
0.001469374
0.001443624
0.001746178
0.001674414
0.001591682
0.001497507
0.001507282
0.001678705
0.001665592
0.001508236
0.001604080
0.001561403
0.001533985
0.001462698
0.001566410
0.001723766
0.001521111
0.001666784
0.001385450
0.001559019
0.001604319
0.001513243
0.001556158
0.001488447
0.001466513
0.001536608
0.001644135
0.001570225
0.001525164
0.001507998
0.001587152
0.001639128
0.001700878
0.001630783
